WARNING: for repeatability, setting FPU to use double precision
============================[ Problem Statistics ]=============================
|                                                                             |
|  Number of variables:           300                                         |
|  Number of clauses:            1278                                         |
|  Parse time:                   0.00 s                                       |
|                                                                             |
============================[ Search Statistics ]==============================
| Conflicts |          ORIGINAL         |          LEARNT          | Progress |
|           |    Vars  Clauses Literals |    Limit  Clauses Lit/Cl |          |
===============================================================================
|       100 |     300     1278     3834 |      468      100     18 |  0.001 % |
|       250 |     300     1278     3834 |      515      250     18 |  0.001 % |
|       475 |     300     1278     3834 |      567      475     18 |  0.001 % |
|       812 |     300     1278     3834 |      623      516     15 |  0.001 % |
|      1318 |     300     1278     3834 |      686      373     14 |  0.001 % |
|      2077 |     300     1278     3834 |      754      421     14 |  0.001 % |
|      3216 |     300     1278     3834 |      830      385     13 |  0.001 % |
|      4924 |     300     1278     3834 |      913      800     13 |  0.001 % |
|      7486 |     300     1278     3834 |     1004      547     12 |  0.001 % |
|     11330 |     300     1278     3834 |     1104      786     14 |  0.001 % |
|     17096 |     300     1278     3834 |     1215      875     14 |  0.001 % |
|     25745 |     300     1278     3834 |     1336      817     14 |  0.001 % |
|     38719 |     300     1278     3834 |     1470      826     13 |  0.001 % |
|     58180 |     300     1278     3834 |     1617      779     14 |  0.001 % |
|     87372 |     300     1278     3834 |     1779     1164     14 |  0.001 % |
|    131161 |     300     1278     3834 |     1957     1680     13 |  0.001 % |
|    196845 |     300     1278     3834 |     2153     1876     14 |  0.001 % |
|    295371 |     300     1278     3834 |     2368     1235     13 |  0.001 % |
|    443160 |     300     1278     3834 |     2605     1430     14 |  0.001 % |
|    664843 |     300     1278     3834 |     2865     1626     14 |  0.001 % |
|    997368 |     300     1278     3834 |     3152     2354     15 |  0.001 % |
|   1496156 |     300     1278     3834 |     3467     2973     15 |  0.001 % |
|   2244338 |     300     1278     3834 |     3814     2385     14 |  0.001 % |
|   3366612 |     300     1278     3834 |     4195     3730     15 |  0.001 % |
|   5050023 |     300     1278     3834 |     4615     3116     15 |  0.001 % |
|   7575139 |     300     1278     3834 |     5077     3020     13 |  0.001 % |
===============================================================================
restarts              : 16381
conflicts             : 10249954       (66900 /sec)
decisions             : 12368105       (0.00 % random) (80725 /sec)
propagations          : 519289931      (3389355 /sec)
conflict literals     : 155244145      (23.26 % deleted)
Memory used           : 20.00 MB
CPU time              : 153.212 s

UNSATISFIABLE
