WARNING: for repeatability, setting FPU to use double precision
============================[ Problem Statistics ]=============================
|                                                                             |
|  Number of variables:           300                                         |
|  Number of clauses:            1278                                         |
|  Parse time:                   0.00 s                                       |
|                                                                             |
============================[ Search Statistics ]==============================
| Conflicts |          ORIGINAL         |          LEARNT          | Progress |
|           |    Vars  Clauses Literals |    Limit  Clauses Lit/Cl |          |
===============================================================================
|       100 |     300     1278     3834 |      468      100     18 |  0.001 % |
|       250 |     300     1278     3834 |      515      250     17 |  0.001 % |
|       475 |     300     1278     3834 |      567      475     17 |  0.001 % |
|       812 |     300     1278     3834 |      623      515     16 |  0.001 % |
|      1318 |     300     1278     3834 |      686      361     14 |  0.001 % |
|      2077 |     300     1278     3834 |      754      412     13 |  0.001 % |
|      3216 |     300     1278     3834 |      830      384     12 |  0.001 % |
|      4924 |     300     1278     3834 |      913      799     14 |  0.001 % |
|      7486 |     300     1278     3834 |     1004      549     13 |  0.001 % |
|     11330 |     300     1278     3834 |     1104      778     15 |  0.001 % |
|     17096 |     300     1278     3834 |     1215      895     13 |  0.001 % |
|     25745 |     300     1278     3834 |     1336      858     12 |  0.001 % |
|     38719 |     300     1278     3834 |     1470      893     14 |  0.001 % |
|     58180 |     300     1278     3834 |     1617      906     13 |  0.001 % |
|     87372 |     300     1278     3834 |     1779     1355     13 |  0.001 % |
|    131161 |     300     1278     3834 |     1957     1767     15 |  0.001 % |
|    196845 |     300     1278     3834 |     2153     1042     13 |  0.001 % |
|    295371 |     300     1278     3834 |     2368     1507     13 |  0.001 % |
|    443160 |     300     1278     3834 |     2605     1668     14 |  0.001 % |
|    664843 |     300     1278     3834 |     2865     2051     14 |  0.001 % |
|    997368 |     300     1278     3834 |     3152     1606     13 |  0.001 % |
|   1496156 |     300     1278     3834 |     3467     2343     14 |  0.002 % |
|   2244338 |     300     1278     3834 |     3814     1858     13 |  0.001 % |
|   3366612 |     300     1278     3834 |     4195     3547     14 |  0.001 % |
|   5050023 |     299     1265     3795 |     4615     3238     12 |  0.336 % |
===============================================================================
restarts              : 9337
conflicts             : 5876442        (66332 /sec)
decisions             : 7092853        (0.00 % random) (80062 /sec)
propagations          : 293558375      (3313599 /sec)
conflict literals     : 89276799       (23.13 % deleted)
Memory used           : 19.00 MB
CPU time              : 88.592 s

UNSATISFIABLE
