WARNING: for repeatability, setting FPU to use double precision
============================[ Problem Statistics ]=============================
|                                                                             |
|  Number of variables:           300                                         |
|  Number of clauses:            1278                                         |
|  Parse time:                   0.00 s                                       |
|                                                                             |
============================[ Search Statistics ]==============================
| Conflicts |          ORIGINAL         |          LEARNT          | Progress |
|           |    Vars  Clauses Literals |    Limit  Clauses Lit/Cl |          |
===============================================================================
|       100 |     300     1278     3834 |      468      100     16 |  0.001 % |
|       250 |     300     1278     3834 |      515      250     16 |  0.001 % |
|       475 |     300     1278     3834 |      567      475     16 |  0.001 % |
|       812 |     300     1278     3834 |      623      514     15 |  0.001 % |
|      1318 |     300     1278     3834 |      686      365     14 |  0.001 % |
|      2077 |     300     1278     3834 |      754      411     14 |  0.001 % |
|      3216 |     300     1278     3834 |      830      759     14 |  0.001 % |
|      4924 |     300     1278     3834 |      913      753     13 |  0.001 % |
|      7486 |     300     1278     3834 |     1004      940     12 |  0.001 % |
|     11330 |     300     1278     3834 |     1104      657     13 |  0.001 % |
|     17096 |     300     1278     3834 |     1215      771     13 |  0.001 % |
|     25745 |     300     1278     3834 |     1336      731     12 |  0.001 % |
|     38719 |     300     1278     3834 |     1470      771     12 |  0.001 % |
|     58180 |     300     1278     3834 |     1617      767     12 |  0.001 % |
|     87372 |     300     1278     3834 |     1779     1230     13 |  0.001 % |
|    131161 |     300     1278     3834 |     1957     1690     14 |  0.001 % |
|    196845 |     300     1278     3834 |     2153     1932     16 |  0.001 % |
|    295371 |     300     1278     3834 |     2368     1259     13 |  0.001 % |
|    443160 |     300     1278     3834 |     2605     1437     13 |  0.001 % |
|    664843 |     300     1278     3834 |     2865     1759     14 |  0.001 % |
|    997368 |     300     1278     3834 |     3152     2748     16 |  0.001 % |
|   1496156 |     300     1278     3834 |     3467     1721     13 |  0.001 % |
|   2244338 |     300     1278     3834 |     3814     2973     14 |  0.001 % |
|   3366612 |     300     1278     3834 |     4195     2413     14 |  0.001 % |
|   5050023 |     300     1278     3834 |     4615     3715     12 |  0.007 % |
===============================================================================
restarts              : 8191
conflicts             : 5265332        (68907 /sec)
decisions             : 6390472        (0.00 % random) (83632 /sec)
propagations          : 261477301      (3421940 /sec)
conflict literals     : 80882633       (22.24 % deleted)
Memory used           : 20.00 MB
CPU time              : 76.412 s

UNSATISFIABLE
