WARNING: for repeatability, setting FPU to use double precision
============================[ Problem Statistics ]=============================
|                                                                             |
|  Number of variables:           300                                         |
|  Number of clauses:            1278                                         |
|  Parse time:                   0.00 s                                       |
|                                                                             |
============================[ Search Statistics ]==============================
| Conflicts |          ORIGINAL         |          LEARNT          | Progress |
|           |    Vars  Clauses Literals |    Limit  Clauses Lit/Cl |          |
===============================================================================
|       100 |     300     1278     3834 |      468      100     19 |  0.001 % |
|       250 |     300     1278     3834 |      515      250     18 |  0.001 % |
|       475 |     300     1278     3834 |      567      475     18 |  0.001 % |
|       812 |     300     1278     3834 |      623      521     16 |  0.001 % |
|      1318 |     300     1278     3834 |      686      363     14 |  0.001 % |
|      2077 |     300     1278     3834 |      754      415     12 |  0.001 % |
|      3216 |     300     1278     3834 |      830      387     12 |  0.001 % |
|      4924 |     300     1278     3834 |      913      824     14 |  0.001 % |
|      7486 |     300     1278     3834 |     1004      556     12 |  0.001 % |
|     11330 |     300     1278     3834 |     1104      796     13 |  0.001 % |
|     17096 |     300     1278     3834 |     1215      930     14 |  0.001 % |
|     25745 |     300     1278     3834 |     1336      918     15 |  0.001 % |
|     38719 |     300     1278     3834 |     1470      932     13 |  0.001 % |
|     58180 |     300     1278     3834 |     1617      929     13 |  0.001 % |
|     87372 |     300     1278     3834 |     1779     1387     14 |  0.001 % |
|    131161 |     300     1278     3834 |     1957      948     13 |  0.001 % |
|    196845 |     300     1278     3834 |     2153     1163     12 |  0.001 % |
|    295371 |     300     1278     3834 |     2368     1534     14 |  0.001 % |
|    443160 |     300     1278     3834 |     2605     1831     14 |  0.001 % |
|    664843 |     300     1278     3834 |     2865     2038     14 |  0.001 % |
|    997368 |     300     1278     3834 |     3152     1624     14 |  0.001 % |
|   1496156 |     300     1278     3834 |     3467     2430     14 |  0.001 % |
|   2244338 |     300     1278     3834 |     3814     2092     14 |  0.001 % |
|   3366612 |     300     1278     3834 |     4195     3360     15 |  0.001 % |
|   5050023 |     300     1278     3834 |     4615     2970     13 |  0.002 % |
===============================================================================
restarts              : 9725
conflicts             : 6069613        (71552 /sec)
decisions             : 7336795        (0.00 % random) (86490 /sec)
propagations          : 306295900      (3610788 /sec)
conflict literals     : 92582614       (23.03 % deleted)
Memory used           : 19.00 MB
CPU time              : 84.828 s

UNSATISFIABLE
