WARNING: for repeatability, setting FPU to use double precision
============================[ Problem Statistics ]=============================
|                                                                             |
|  Number of variables:           300                                         |
|  Number of clauses:            1278                                         |
|  Parse time:                   0.00 s                                       |
|                                                                             |
============================[ Search Statistics ]==============================
| Conflicts |          ORIGINAL         |          LEARNT          | Progress |
|           |    Vars  Clauses Literals |    Limit  Clauses Lit/Cl |          |
===============================================================================
|       100 |     300     1278     3834 |      468      100     19 |  0.001 % |
|       250 |     300     1278     3834 |      515      250     19 |  0.001 % |
|       475 |     300     1278     3834 |      567      475     17 |  0.001 % |
|       812 |     300     1278     3834 |      623      518     16 |  0.001 % |
|      1318 |     300     1278     3834 |      686      361     14 |  0.001 % |
|      2077 |     300     1278     3834 |      754      415     13 |  0.001 % |
|      3216 |     300     1278     3834 |      830      381     12 |  0.001 % |
|      4924 |     300     1278     3834 |      913      821     14 |  0.001 % |
|      7486 |     300     1278     3834 |     1004      589     13 |  0.001 % |
|     11330 |     300     1278     3834 |     1104      816     13 |  0.001 % |
|     17096 |     300     1278     3834 |     1215      938     14 |  0.001 % |
|     25745 |     300     1278     3834 |     1336      921     12 |  0.001 % |
|     38719 |     300     1278     3834 |     1470      967     13 |  0.001 % |
|     58180 |     300     1278     3834 |     1617      942     13 |  0.001 % |
|     87372 |     300     1278     3834 |     1779     1377     13 |  0.001 % |
|    131161 |     300     1278     3834 |     1957     1800     15 |  0.001 % |
|    196845 |     300     1278     3834 |     2153     1018     12 |  0.001 % |
|    295371 |     300     1278     3834 |     2368     1435     14 |  0.001 % |
|    443160 |     300     1278     3834 |     2605     1567     14 |  0.001 % |
|    664843 |     300     1278     3834 |     2865     1935     14 |  0.001 % |
|    997368 |     300     1278     3834 |     3152     2852     14 |  0.001 % |
|   1496156 |     300     1278     3834 |     3467     1898     13 |  0.001 % |
|   2244338 |     300     1278     3834 |     3814     3241     12 |  0.001 % |
|   3366612 |     300     1278     3834 |     4195     2461     14 |  0.001 % |
|   5050023 |     300     1278     3834 |     4615     3754     13 |  0.001 % |
|   7575139 |     300     1278     3834 |     5077     3515     13 |  0.001 % |
===============================================================================
restarts              : 16382
conflicts             : 10396986       (82057 /sec)
decisions             : 12607944       (0.00 % random) (99507 /sec)
propagations          : 522175871      (4121226 /sec)
conflict literals     : 160355494      (23.03 % deleted)
Memory used           : 20.00 MB
CPU time              : 126.704 s

UNSATISFIABLE
