300 1250 4.16666666667 39 8 23.9533333333 6.48365808955 21 4 12.5 3.50570962859 3 3 3.0 0.0 0.510933333333 0.289851333541 1.0 0.0909090909091 0.512020111367 0.144701842538 0.0 0.5048 0.4952 15 0 6.31 2.59626013078 14 1 6.19 2.42361300541 0.179989130611 0.452923982222 1
300 1250 4.16666666667 47 7 23.92 6.60153517499 26 4 12.5 3.59490380029 3 3 3.0 0.0 0.494933333333 0.285067040848 1.0 0.125 0.492553639996 0.147234154196 0.0 0.5096 0.4904 17 0 6.37 2.54029525843 14 0 6.13 2.47785525539 0.178615832348 0.450711751111 1
300 1250 4.16666666667 41 10 24.0866666667 6.50275497172 21 5 12.5 3.48090026669 3 3 3.0 0.0 0.4896 0.292921407738 0.866666666667 0.0909090909091 0.487647313528 0.150347624422 0.0 0.5144 0.4856 14 1 6.43 2.4775861909 14 0 6.07 2.47893122131 0.176934378109 0.450755022222 1
300 1250 4.16666666667 49 6 23.86 7.4274535789 28 3 12.5 4.00041664497 3 3 3.0 0.0 0.496266666667 0.292474986585 0.9 0.0 0.492899062539 0.148637541999 0.0 0.4976 0.5024 15 0 6.22 2.65799423125 17 1 6.28 2.60415053328 0.175344190963 0.452255502222 1
300 1250 4.16666666667 42 7 23.9266666667 6.69088600677 23 4 12.5 3.64005494464 3 3 3.0 0.0 0.508533333333 0.28777781553 1.0 0.0909090909091 0.506523803327 0.151415388142 0.0 0.4984 0.5016 15 1 6.23 2.35310433258 16 1 6.27 2.61095767871 0.17978248605 0.454451448889 1
300 1250 4.16666666667 46 8 23.98 6.53806291394 25 4 12.5 3.51425667816 3 3 3.0 0.0 0.479733333333 0.296029908399 0.875 0.0 0.478108799935 0.149756340501 0.0 0.5184 0.4816 19 0 6.48 2.74644012011 16 0 6.02 2.65573593065 0.188712885796 0.448920995556 1
300 1250 4.16666666667 43 8 23.9533333333 6.13224990431 23 4 12.5 3.38772293239 3 3 3.0 0.0 0.491733333333 0.280591628924 0.909090909091 0.0 0.494983545897 0.147065976806 0.0 0.5128 0.4872 17 0 6.41 2.57200959044 13 1 6.09 2.36542455668 0.177676558054 0.451197831111 1
300 1250 4.16666666667 49 6 23.94 6.99879037168 25 3 12.5 3.7907782842 3 3 3.0 0.0 0.502933333333 0.281646460814 1.0 0.0 0.500420025461 0.147919900073 0.0 0.4992 0.5008 13 1 6.24 2.47165261853 14 0 6.26 2.52039679416 0.179388335935 0.455101653333 0
300 1250 4.16666666667 43 7 23.9133333333 5.94635649415 22 4 12.5 3.20572404718 3 3 3.0 0.0 0.499466666667 0.294919469234 1.0 0.111111111111 0.503332211433 0.141972922914 0.0 0.4992 0.5008 15 1 6.24 2.4239911991 13 1 6.26 2.37467190716 0.176311299461 0.452275982222 1
300 1250 4.16666666667 42 6 23.96 6.4383020536 22 3 12.5 3.44335108095 3 3 3.0 0.0 0.494133333333 0.284114656042 1.0 0.0909090909091 0.494921861649 0.154392741058 0.0 0.5112 0.4888 17 1 6.39 2.40926683177 14 1 6.11 2.4626340911 0.183086670761 0.449474844444 1
300 1250 4.16666666667 43 6 23.9333333333 6.22593143411 23 3 12.5 3.36501609704 3 3 3.0 0.0 0.510133333333 0.28926647461 0.909090909091 0.0 0.511711186921 0.137712473047 0.0 0.4784 0.5216 13 0 5.98 2.2582293949 15 0 6.52 2.47714889877 0.181181205919 0.44976416 1
300 1250 4.16666666667 40 10 24.0466666667 6.64011713417 21 5 12.5 3.56697817954 3 3 3.0 0.0 0.494666666667 0.295173018942 0.866666666667 0.142857142857 0.494373422702 0.135696073501 0.0 0.508 0.492 17 1 6.35 2.52866895158 15 1 6.15 2.46322958735 0.180961779259 0.44891136 1
300 1250 4.16666666667 41 8 24.02 6.04479941768 22 4 12.5 3.27363202982 3 3 3.0 0.0 0.494133333333 0.299646132037 0.933333333333 0.0 0.492310828805 0.152709833827 0.0 0.5072 0.4928 13 0 6.34 2.29733178564 13 0 6.16 2.48214960602 0.181510396747 0.44674688 1
300 1250 4.16666666667 44 8 23.9733333333 6.32291775124 23 4 12.5 3.38870673463 3 3 3.0 0.0 0.486933333333 0.284500216754 0.909090909091 0.0 0.485714798469 0.154237587792 0.0 0.5216 0.4784 14 0 6.52 2.67137916939 13 1 5.98 2.35505130871 0.177097962017 0.452917617778 1
300 1250 4.16666666667 50 8 23.9933333333 7.12740875463 27 4 12.5 3.87857362098 3 3 3.0 0.0 0.4928 0.281569695339 0.888888888889 0.0909090909091 0.494305902968 0.15474699289 0.0 0.496 0.504 15 1 6.2 2.55473416751 17 0 6.3 2.64512129527 0.178372924899 0.456669475556 1
300 1250 4.16666666667 44 10 24.1 6.2153036933 23 5 12.5 3.31913643387 3 3 3.0 0.0 0.486666666667 0.294618397253 0.875 0.111111111111 0.491990170336 0.142843512056 0.0 0.5104 0.4896 13 1 6.38 2.53684843852 14 1 6.12 2.26250598526 0.180596484986 0.449005191111 1
300 1250 4.16666666667 41 8 23.9933333333 6.42287232388 22 4 12.5 3.49809471951 3 3 3.0 0.0 0.497066666667 0.290960585341 1.0 0.0909090909091 0.498997043634 0.151321039078 0.0 0.4944 0.5056 14 0 6.18 2.37506491139 15 1 6.32 2.39254397382 0.17729099675 0.452058631111 1
300 1250 4.16666666667 44 8 24.1 6.37416661219 23 4 12.5 3.40636658822 3 3 3.0 0.0 0.495733333333 0.285391769717 1.0 0.0 0.492675384793 0.147266930255 0.0 0.4968 0.5032 14 1 6.21 2.31212023909 14 0 6.29 2.36908561826 0.178434714737 0.453640924444 1
300 1250 4.16666666667 40 8 24.0333333333 5.97094818452 22 4 12.5 3.21714158843 3 3 3.0 0.0 0.499733333333 0.286045715072 0.9 0.0833333333333 0.500159771028 0.148450260849 0.0 0.4944 0.5056 15 1 6.18 2.38067217399 17 2 6.32 2.38277149555 0.181195904132 0.453289244444 1
300 1250 4.16666666667 49 10 24.1133333333 6.9335288434 27 5 12.5 3.68012680941 3 3 3.0 0.0 0.4872 0.291609602037 1.0 0.125 0.491150075122 0.150322799635 0.0 0.5184 0.4816 19 1 6.48 2.70116024454 13 1 6.02 2.41376607538 0.178375791093 0.449601528889 1
300 1250 4.16666666667 55 8 24.0133333333 6.94884802603 30 4 12.5 3.73318452084 3 3 3.0 0.0 0.499466666667 0.293408596405 0.875 0.0 0.503417404591 0.14909441352 0.0 0.484 0.516 14 0 6.05 2.67721870605 18 0 6.45 2.56401378051 0.182498248089 0.447823217778 1
300 1250 4.16666666667 50 8 24.0733333333 6.72170282658 26 4 12.5 3.62077339805 3 3 3.0 0.0 0.5024 0.286035770879 0.9 0.142857142857 0.502231742088 0.138911173065 0.0 0.504 0.496 15 0 6.3 2.51462389501 14 1 6.2 2.57293606605 0.177286071874 0.450709937778 1
300 1250 4.16666666667 42 5 24.1666666667 6.79059807544 22 3 12.5 3.62261415739 3 3 3.0 0.0 0.511733333333 0.293477419158 0.882352941176 0.111111111111 0.509235878229 0.129106263652 0.0 0.4768 0.5232 13 2 5.96 2.37453153274 14 0 6.54 2.66115263248 0.174553036861 0.449201528889 0
300 1250 4.16666666667 45 6 23.92 6.86247768667 24 3 12.5 3.67922093203 3 3 3.0 0.0 0.490133333333 0.282434621737 1.0 0.0769230769231 0.492628628309 0.154185531584 0.0 0.508 0.492 15 0 6.35 2.59887796302 16 1 6.15 2.52735039122 0.180519940431 0.450691982222 1
300 1250 4.16666666667 46 8 23.9466666667 6.71494518882 26 4 12.5 3.64645947004 3 3 3.0 0.0 0.5008 0.28511094137 0.875 0.0 0.502018303547 0.149038128877 0.0 0.5016 0.4984 16 1 6.27 2.55155508138 15 1 6.23 2.59687632872 0.174969370192 0.451320426667 1
300 1250 4.16666666667 41 10 23.84 6.31883955591 22 5 12.5 3.43074335968 3 3 3.0 0.0 0.492533333333 0.291490087501 0.842105263158 0.1 0.490553735724 0.139298709268 0.0 0.5272 0.4728 14 1 6.59 2.46750211077 15 0 5.91 2.50104644766 0.179531804436 0.452164231111 1
300 1250 4.16666666667 44 6 23.9866666667 6.70918441806 24 3 12.5 3.6189317024 3 3 3.0 0.0 0.5104 0.295339081961 0.888888888889 0.125 0.511618399417 0.140333239812 0.0 0.4888 0.5112 15 0 6.11 2.42855924367 15 1 6.39 2.53467289145 0.176967216053 0.45277152 0
300 1250 4.16666666667 45 6 23.9933333333 6.57520257398 24 3 12.5 3.51615320106 3 3 3.0 0.0 0.502933333333 0.288814157855 0.888888888889 0.0 0.502364156849 0.152134255027 0.0 0.4984 0.5016 14 0 6.23 2.42564767983 16 0 6.27 2.52132901463 0.182801812519 0.450210524444 1
300 1250 4.16666666667 39 2 23.98 6.35501901387 20 1 12.5 3.38575447033 3 3 3.0 0.0 0.496533333333 0.290954719654 1.0 0.125 0.4988215024 0.155534744527 0.0 0.5056 0.4944 13 0 6.32 2.43945349071 15 0 6.18 2.55622116936 0.178920105246 0.455292195556 1
300 1250 4.16666666667 46 9 24.08 6.63728860304 23 5 12.5 3.52940032678 3 3 3.0 0.0 0.502666666667 0.289738579489 0.888888888889 0.0 0.499759961934 0.149680383094 0.0 0.5 0.5 13 0 6.25 2.41540196793 14 0 6.25 2.58988416729 0.178302966671 0.450484764444 1
300 1250 4.16666666667 44 7 23.86 7.11808026554 23 4 12.5 3.80744883967 3 3 3.0 0.0 0.506133333333 0.27937657581 1.0 0.0 0.507107744964 0.153807494874 0.0 0.484 0.516 14 0 6.05 2.56271340575 14 1 6.45 2.53130401177 0.178885033079 0.450442346667 0
300 1250 4.16666666667 44 8 23.9266666667 6.69038779809 24 4 12.5 3.63455636908 3 3 3.0 0.0 0.5008 0.291584605599 1.0 0.0 0.500830349117 0.14573143874 0.0 0.4896 0.5104 13 1 6.12 2.45742412565 14 1 6.38 2.61959284368 0.183848849007 0.447157902222 1
300 1250 4.16666666667 44 9 23.98 6.55283144908 24 5 12.5 3.52751092604 3 3 3.0 0.0 0.507466666667 0.288732525205 0.888888888889 0.0 0.506541872451 0.147603213286 0.0 0.4976 0.5024 15 1 6.22 2.64164090419 16 1 6.28 2.4593223999 0.174093352591 0.450562737778 1
300 1250 4.16666666667 46 8 23.9333333333 6.64847518024 24 4 12.5 3.59953700726 3 3 3.0 0.0 0.507466666667 0.295427795277 1.0 0.111111111111 0.508686453324 0.133382452631 0.0 0.4944 0.5056 14 1 6.18 2.51679690612 16 1 6.32 2.49217441872 0.177250448088 0.451931911111 0
300 1250 4.16666666667 41 8 23.88 6.65674595179 21 4 12.5 3.60970912956 3 3 3.0 0.0 0.492 0.278053551996 0.9 0.0 0.493039587119 0.150239744895 0.0 0.5056 0.4944 14 1 6.32 2.66288064572 14 1 6.18 2.52341039072 0.176681806888 0.452551502222 1
300 1250 4.16666666667 54 7 23.8933333333 6.63540671114 29 4 12.5 3.60693775937 3 3 3.0 0.0 0.500266666667 0.294919830915 0.875 0.166666666667 0.501264521844 0.147737124567 0.0 0.5032 0.4968 15 0 6.29 2.52967059779 18 1 6.21 2.49517534454 0.179730590509 0.451786168889 0
300 1250 4.16666666667 45 6 24.0333333333 6.54717920601 23 3 12.5 3.48281495345 3 3 3.0 0.0 0.5136 0.29339684161 1.0 0.0 0.512058249053 0.146091095541 0.0 0.4616 0.5384 13 1 5.77 2.37144822138 14 0 6.73 2.62369332557 0.178323487374 0.451542186667 1
300 1250 4.16666666667 46 8 23.9333333333 6.49067707477 26 4 12.5 3.47419055321 3 3 3.0 0.0 0.525866666667 0.288285784133 1.0 0.1 0.523379531443 0.155820639229 0.0 0.4616 0.5384 14 0 5.77 2.35168733749 15 1 6.73 2.69142465372 0.176838052157 0.451163022222 1
300 1250 4.16666666667 46 6 23.9066666667 6.08040203349 25 3 12.5 3.27465010854 3 3 3.0 0.0 0.513333333333 0.291890390387 1.0 0.111111111111 0.513788911888 0.147322664023 0.0 0.4776 0.5224 14 0 5.97 2.36412774613 16 0 6.53 2.41297188822 0.181448102228 0.447835662222 1
300 1250 4.16666666667 46 6 24.06 6.6229197992 24 3 12.5 3.52845575288 3 3 3.0 0.0 0.494133333333 0.289077121582 1.0 0.0909090909091 0.498370993729 0.145245483004 0.0 0.5096 0.4904 12 1 6.37 2.48457239782 14 1 6.13 2.48457239782 0.178536755921 0.451120355556 1
300 1250 4.16666666667 46 6 24.0333333333 6.1886096087 24 3 12.5 3.33716446503 3 3 3.0 0.0 0.518133333333 0.295867958537 1.0 0.0 0.51564321613 0.151473643006 0.0 0.4648 0.5352 13 0 5.81 2.42773557044 14 0 6.69 2.47128171873 0.17698834836 0.449864675556 1
300 1250 4.16666666667 48 8 23.8733333333 6.56231327777 25 4 12.5 3.57351367704 3 3 3.0 0.0 0.487733333333 0.299452418777 0.846153846154 0.1 0.489060373339 0.154071841811 0.0 0.5184 0.4816 15 1 6.48 2.53171878375 14 1 6.02 2.53500821826 0.169753705698 0.450949546667 1
300 1250 4.16666666667 46 8 23.8933333333 7.07309141905 25 4 12.5 3.77932974657 3 3 3.0 0.0 0.503466666667 0.284779025445 0.888888888889 0.111111111111 0.503570705061 0.137902001337 0.0 0.4816 0.5184 14 1 6.02 2.43302281124 16 1 6.48 2.58513700475 0.178556091931 0.452894435556 0
300 1250 4.16666666667 47 8 23.9133333333 6.78521595497 25 4 12.5 3.71976701779 3 3 3.0 0.0 0.509066666667 0.288994455925 1.0 0.142857142857 0.509377549216 0.148922924459 0.0 0.4856 0.5144 13 0 6.07 2.39967358891 15 0 6.43 2.54396671886 0.178952640755 0.452881137778 0
300 1250 4.16666666667 40 4 23.9533333333 6.27889232977 22 2 12.5 3.39656689418 3 3 3.0 0.0 0.510933333333 0.291075431232 1.0 0.142857142857 0.514266982 0.155126697909 0.0 0.4744 0.5256 15 1 5.93 2.39828410883 14 1 6.57 2.41766416195 0.180680086655 0.450533724444 1
300 1250 4.16666666667 46 6 23.92 6.54473834466 24 3 12.5 3.50666032953 3 3 3.0 0.0 0.491466666667 0.286539630767 1.0 0.0 0.494027490254 0.149836877865 0.0 0.5048 0.4952 14 1 6.31 2.52201638906 14 1 6.19 2.39733880237 0.178823347738 0.452719324444 1
300 1250 4.16666666667 42 9 24.0133333333 6.63976572545 22 5 12.5 3.50190424388 3 3 3.0 0.0 0.502666666667 0.290045207204 1.0 0.0909090909091 0.505168550089 0.140693443652 0.0 0.4944 0.5056 15 1 6.18 2.45918685748 14 0 6.32 2.51082987609 0.173263758397 0.447475342222 1
300 1250 4.16666666667 47 8 24.0266666667 6.50840140809 24 4 12.5 3.43074335968 3 3 3.0 0.0 0.493866666667 0.293647831405 1.0 0.0 0.492143733925 0.152800467794 0.0 0.5128 0.4872 15 1 6.41 2.56682034172 13 1 6.09 2.49169955385 0.172833921121 0.450888497778 1
300 1250 4.16666666667 49 8 23.8933333333 6.45460731227 27 4 12.5 3.4885527085 3 3 3.0 0.0 0.496266666667 0.281952430976 0.857142857143 0.1 0.495720612775 0.14177663385 0.0 0.5008 0.4992 15 1 6.26 2.54146939125 13 1 6.24 2.36693895147 0.181913570482 0.45023392 1
300 1250 4.16666666667 47 6 23.9533333333 6.58365315679 25 3 12.5 3.57444634407 3 3 3.0 0.0 0.488266666667 0.289205993483 1.0 0.111111111111 0.491209891735 0.147879894305 0.0 0.512 0.488 14 1 6.4 2.61151297144 13 0 6.1 2.48529005685 0.188507991193 0.448979413333 1
300 1250 4.16666666667 48 6 23.9266666667 6.48855060001 26 3 12.5 3.5095108871 3 3 3.0 0.0 0.487466666667 0.284836452099 1.0 0.125 0.48556949254 0.154231202793 0.0 0.5224 0.4776 14 1 6.53 2.48242488977 17 1 5.97 2.57211326863 0.18751756959 0.453120106667 1
300 1250 4.16666666667 43 8 23.9666666667 6.24223962657 24 4 12.5 3.35111921602 3 3 3.0 0.0 0.501866666667 0.29370594516 0.909090909091 0.166666666667 0.501643841796 0.140785802713 0.0 0.4904 0.5096 13 1 6.13 2.38322610481 15 0 6.37 2.43989753883 0.180769535806 0.455639146667 0
300 1250 4.16666666667 47 10 23.9733333333 6.51710228723 24 5 12.5 3.45880518869 3 3 3.0 0.0 0.5176 0.291664220942 0.9 0.0909090909091 0.51569595599 0.138554808793 0.0 0.4792 0.5208 14 1 5.99 2.40622110372 14 0 6.51 2.49464092272 0.174592242524 0.452363342222 1
300 1250 4.16666666667 45 6 23.92 6.85226969697 25 3 12.5 3.70270171631 3 3 3.0 0.0 0.502133333333 0.290967550692 1.0 0.0 0.504157007099 0.151816701782 0.0 0.5 0.5 14 0 6.25 2.61294852609 13 0 6.25 2.58473080481 0.175544736636 0.448092586667 1
300 1250 4.16666666667 53 10 24.0666666667 6.72177225308 30 5 12.5 3.64828726939 3 3 3.0 0.0 0.5016 0.286351951277 0.857142857143 0.111111111111 0.50124649915 0.143595524416 0.0 0.496 0.504 19 1 6.2 2.64826987547 16 0 6.3 2.45967477525 0.175513539644 0.451977351111 1
300 1250 4.16666666667 41 10 23.9066666667 6.21701607597 23 5 12.5 3.30706314827 3 3 3.0 0.0 0.509333333333 0.294772228452 1.0 0.0909090909091 0.509656650842 0.150966296568 0.0 0.4936 0.5064 14 0 6.17 2.42921798116 13 0 6.33 2.37088591037 0.178924150092 0.4547456 1
300 1250 4.16666666667 44 6 24.0933333333 6.46668041236 23 3 12.5 3.49523485143 3 3 3.0 0.0 0.4968 0.287577591462 1.0 0.0 0.498921416144 0.154759778947 0.0 0.5104 0.4896 16 1 6.38 2.58758574737 14 1 6.12 2.56624238918 0.18751115918 0.449528711111 1
300 1250 4.16666666667 45 8 24.0066666667 6.60100665724 23 4 12.5 3.58933605745 3 3 3.0 0.0 0.498666666667 0.297019266117 1.0 0.0 0.502274101299 0.154269445614 0.0 0.504 0.496 14 1 6.3 2.60448331408 15 0 6.2 2.57681974535 0.171306783939 0.449255608889 1
300 1250 4.16666666667 45 8 23.8733333333 6.71495511692 23 4 12.5 3.64280112002 3 3 3.0 0.0 0.4848 0.290272025674 0.9 0.0 0.478231450197 0.152598276032 0.0 0.5144 0.4856 14 0 6.43 2.54920248967 14 1 6.07 2.47893122131 0.180522867244 0.452819768889 1
300 1250 4.16666666667 51 6 24.1333333333 6.80261387671 27 3 12.5 3.62996786028 3 3 3.0 0.0 0.496 0.292775226639 1.0 0.0 0.494834368807 0.146998642709 0.0 0.5072 0.4928 15 0 6.34 2.38140014837 15 0 6.16 2.59378744953 0.171845944873 0.450288462222 1
300 1250 4.16666666667 51 6 23.96 6.55019592582 27 3 12.5 3.50095225141 3 3 3.0 0.0 0.506933333333 0.287511808453 0.916666666667 0.0 0.503663614758 0.152345277312 0.0 0.4976 0.5024 18 1 6.22 2.51096263081 14 0 6.28 2.62200940756 0.182545787529 0.452276693333 1
300 1250 4.16666666667 41 10 23.9733333333 6.20853892277 23 5 12.5 3.33416656253 3 3 3.0 0.0 0.508266666667 0.282171137984 0.916666666667 0.111111111111 0.505423418174 0.147061249292 0.0 0.4864 0.5136 13 0 6.08 2.40421851475 16 1 6.42 2.48131685468 0.18187810025 0.452422115556 1
300 1250 4.16666666667 40 6 24.06 6.33638172251 21 3 12.5 3.40832314587 3 3 3.0 0.0 0.502933333333 0.289121765966 1.0 0.125 0.506077176693 0.147929854019 0.0 0.5008 0.4992 14 1 6.26 2.56236869582 13 1 6.24 2.3837785132 0.178585355214 0.451735146667 1
300 1250 4.16666666667 42 6 23.9733333333 6.60247091794 22 3 12.5 3.49523485143 3 3 3.0 0.0 0.508 0.281232209314 1.0 0.0 0.507039310907 0.140004333064 0.0 0.4896 0.5104 14 1 6.12 2.43014402865 14 0 6.38 2.45403069799 0.181811942512 0.453626951111 1
300 1250 4.16666666667 49 8 23.9866666667 6.66531986396 26 4 12.5 3.58375966456 3 3 3.0 0.0 0.496 0.293381814175 0.909090909091 0.0 0.49573742235 0.148637929986 0.0 0.5056 0.4944 14 1 6.32 2.45036051769 13 1 6.18 2.58475014911 0.181212518164 0.450144462222 0
300 1250 4.16666666667 46 9 23.9533333333 7.12024032054 25 5 12.5 3.87083109078 3 3 3.0 0.0 0.4936 0.292732596978 0.916666666667 0.111111111111 0.494634104433 0.156679968229 0.0 0.5144 0.4856 17 1 6.43 2.7468345418 14 1 6.07 2.45324954567 0.178346057279 0.451186133333 1
300 1250 4.16666666667 51 4 24.0533333333 6.70451257653 29 2 12.5 3.65650105976 3 3 3.0 0.0 0.499466666667 0.291280208734 1.0 0.1 0.49824473437 0.142187641001 0.0 0.4992 0.5008 13 0 6.24 2.41020054491 19 1 6.26 2.47905896125 0.17374538166 0.449601813333 0
300 1250 4.16666666667 50 8 23.9866666667 6.73398016695 27 5 12.5 3.57817458117 3 3 3.0 0.0 0.497866666667 0.292186972103 1.0 0.111111111111 0.497411308959 0.149017633895 0.0 0.5096 0.4904 13 1 6.37 2.40827047207 15 1 6.13 2.4521623111 0.176146512747 0.450108871111 1
300 1250 4.16666666667 51 6 24.0066666667 6.75968112331 28 3 12.5 3.59768444049 3 3 3.0 0.0 0.502133333333 0.286968647145 0.9 0.0 0.499764326348 0.152775255302 0.0 0.4944 0.5056 15 0 6.18 2.46865685478 15 1 6.32 2.61997455458 0.184084252261 0.452469297778 1
300 1250 4.16666666667 45 4 23.9466666667 6.57093262449 23 2 12.5 3.47994252826 3 3 3.0 0.0 0.506933333333 0.285339439187 0.909090909091 0.0833333333333 0.509490242987 0.149894206328 0.0 0.4952 0.5048 16 0 6.19 2.5678590304 14 1 6.31 2.40011805265 0.181803064903 0.452007004444 1
300 1250 4.16666666667 50 8 23.9266666667 6.31357972064 25 4 12.5 3.41320963318 3 3 3.0 0.0 0.4928 0.286576233798 1.0 0.1 0.495199583282 0.15448216178 0.0 0.5152 0.4848 17 1 6.44 2.5402886975 12 1 6.06 2.52911051558 0.179426688511 0.451728213333 1
300 1250 4.16666666667 46 8 24.1 6.53273806812 24 4 12.5 3.51804870158 3 3 3.0 0.0 0.504533333333 0.287250382458 1.0 0.0 0.50098862834 0.15870149877 0.0 0.496 0.504 16 1 6.2 2.46170672502 15 0 6.3 2.70493376382 0.174986235698 0.451589902222 1
300 1250 4.16666666667 42 4 23.9733333333 6.535999456 24 2 12.5 3.56136677883 3 3 3.0 0.0 0.500266666667 0.294316413255 1.0 0.0 0.501780323216 0.152629953566 0.0 0.4888 0.5112 14 1 6.11 2.43541235386 15 0 6.39 2.5764122341 0.179924765003 0.450831466667 1
300 1250 4.16666666667 42 6 23.9933333333 6.36133808426 24 3 12.5 3.39263909074 3 3 3.0 0.0 0.5216 0.297134642133 1.0 0.142857142857 0.521970869874 0.152039719553 0.0 0.4776 0.5224 16 0 5.97 2.33433073921 16 1 6.53 2.3851834311 0.176216827542 0.452531555556 1
300 1250 4.16666666667 45 6 23.9933333333 6.83276095164 24 3 12.5 3.64920082575 3 3 3.0 0.0 0.5064 0.285974233494 0.9 0.0 0.510004066883 0.154017963646 0.0 0.4952 0.5048 14 1 6.19 2.61162146313 12 0 6.31 2.31672901595 0.182771625998 0.452951644444 1
300 1250 4.16666666667 42 6 23.94 6.4314124939 22 3 12.5 3.44141443789 3 3 3.0 0.0 0.5016 0.288824621911 1.0 0.111111111111 0.503708003254 0.144293428501 0.0 0.5008 0.4992 19 0 6.26 2.57793198772 14 1 6.24 2.38237976262 0.182313475759 0.454460302222 0
300 1250 4.16666666667 45 8 23.9066666667 6.94007364674 23 4 12.5 3.72692903072 3 3 3.0 0.0 0.4904 0.288977230937 0.875 0.0909090909091 0.494012680011 0.146392536775 0.0 0.5128 0.4872 15 0 6.41 2.68983890472 13 1 6.09 2.4321252709 0.176140310167 0.453950933333 1
300 1250 4.16666666667 45 6 23.9533333333 6.73086093222 24 3 12.5 3.63272166105 3 3 3.0 0.0 0.5024 0.286966540829 1.0 0.142857142857 0.503687908916 0.142937088226 0.0 0.4984 0.5016 14 1 6.23 2.49073616962 15 0 6.27 2.48939751747 0.174395485113 0.45101504 1
300 1250 4.16666666667 44 8 24.0666666667 6.55099653149 24 4 12.5 3.48950808377 3 3 3.0 0.0 0.490666666667 0.280558173805 0.875 0.0 0.492633471061 0.147610046467 0.0 0.5192 0.4808 15 1 6.49 2.4555854699 15 1 6.01 2.29272036382 0.174458145656 0.452366577778 0
300 1250 4.16666666667 42 10 23.8 6.2519330344 22 5 12.5 3.41418609139 3 3 3.0 0.0 0.501333333333 0.289440840242 0.888888888889 0.2 0.501185472336 0.129431961161 0.0 0.5032 0.4968 15 1 6.29 2.36767818759 14 1 6.21 2.45205356113 0.178931690323 0.457553493333 1
300 1250 4.16666666667 44 6 24.1 6.80122537979 23 3 12.5 3.59583091927 3 3 3.0 0.0 0.497333333333 0.291268490114 1.0 0.0 0.495615919446 0.147351940172 0.0 0.4992 0.5008 15 1 6.24 2.39215384121 15 1 6.26 2.55585602098 0.174793554595 0.452250417778 0
300 1250 4.16666666667 40 6 23.9466666667 6.2437026052 23 3 12.5 3.37885582212 3 3 3.0 0.0 0.483733333333 0.286825258457 1.0 0.0 0.486846347097 0.148070009192 0.0 0.52 0.48 14 0 6.5 2.46644143116 15 1 6.0 2.42074368738 0.179727802379 0.451920533333 1
300 1250 4.16666666667 47 4 23.9733333333 6.59287157129 26 2 12.5 3.56043068556 3 3 3.0 0.0 0.506933333333 0.285027749136 0.909090909091 0.0 0.503843897581 0.149900940467 0.0 0.488 0.512 15 0 6.1 2.38397427279 17 0 6.4 2.63818119165 0.17320169271 0.451727573333 1
300 1250 4.16666666667 44 10 23.8666666667 6.85970520909 24 5 12.5 3.75898922584 3 3 3.0 0.0 0.511466666667 0.285815915893 1.0 0.0 0.515122692758 0.152403746301 0.0 0.48 0.52 14 1 6.0 2.62932183906 14 1 6.5 2.48663092021 0.180593146281 0.453712177778 1
300 1250 4.16666666667 42 4 24.1733333333 6.98211683915 24 2 12.5 3.70540146273 3 3 3.0 0.0 0.498933333333 0.278166568804 1.0 0.111111111111 0.499731664649 0.149992247373 0.0 0.504 0.496 14 0 6.3 2.62488094968 14 0 6.2 2.44267612807 0.17836162282 0.450681813333 1
300 1250 4.16666666667 45 8 24.0 6.68530727292 23 4 12.5 3.62169389467 3 3 3.0 0.0 0.500533333333 0.288828561222 1.0 0.0909090909091 0.506948894033 0.143568050652 0.0 0.4976 0.5024 15 0 6.22 2.73220301832 16 1 6.28 2.54589866256 0.180923649691 0.453708088889 0
300 1250 4.16666666667 51 8 24.0133333333 6.93540353709 28 4 12.5 3.74566416007 3 3 3.0 0.0 0.501066666667 0.289748887449 0.909090909091 0.0 0.498330157696 0.143528359819 0.0 0.4936 0.5064 13 0 6.17 2.44562875351 19 1 6.33 2.80732969207 0.180473800569 0.449298062222 1
300 1250 4.16666666667 42 10 24.08 6.49412041773 23 5 12.5 3.4636204565 3 3 3.0 0.0 0.504266666667 0.284455846994 0.9 0.0 0.501985745332 0.143486647478 0.0 0.4976 0.5024 16 1 6.22 2.41487059695 14 1 6.28 2.47418673507 0.17290709325 0.450631608889 1
300 1250 4.16666666667 44 8 23.9666666667 6.55175972969 23 4 12.5 3.54259791678 3 3 3.0 0.0 0.496533333333 0.289115862972 0.9 0.111111111111 0.498627929504 0.152662006465 0.0 0.5056 0.4944 15 1 6.32 2.51745903641 16 0 6.18 2.45918685748 0.179890823486 0.45320928 1
300 1250 4.16666666667 41 8 24.0533333333 6.65009941446 22 4 12.5 3.57258076652 3 3 3.0 0.0 0.500533333333 0.282920766293 1.0 0.0 0.499092470882 0.141976575569 0.0 0.5016 0.4984 14 1 6.27 2.43387893427 13 1 6.23 2.53714406371 0.175139679439 0.449079537778 1
300 1250 4.16666666667 45 8 23.9266666667 6.56312594898 25 4 12.5 3.55387112878 3 3 3.0 0.0 0.4928 0.289661380849 1.0 0.125 0.491368682985 0.141526685975 0.0 0.5184 0.4816 13 1 6.48 2.34725371445 19 0 6.02 2.57156243038 0.183182126495 0.454202844444 1
300 1250 4.16666666667 44 8 24.02 6.51712615601 23 4 12.5 3.57910603363 3 3 3.0 0.0 0.496 0.283520722347 1.0 0.0 0.497958489841 0.153521659998 0.0 0.5184 0.4816 15 1 6.48 2.68009950064 14 0 6.02 2.4805107001 0.1799652493 0.448623253333 1
300 1250 4.16666666667 48 10 23.92 6.61263437167 25 5 12.5 3.58654894478 3 3 3.0 0.0 0.512266666667 0.291022290097 1.0 0.125 0.511041989595 0.14146494885 0.0 0.4912 0.5088 16 0 6.14 2.48469984773 14 1 6.36 2.47192232888 0.182535554536 0.45036864 0
300 1250 4.16666666667 48 6 24.02 6.98089774551 26 3 12.5 3.7563279942 3 3 3.0 0.0 0.5016 0.279757228087 1.0 0.0 0.503479755824 0.146515131745 0.0 0.4888 0.5112 14 1 6.11 2.62003180642 15 0 6.39 2.57770569823 0.17799873652 0.450686968889 1
300 1250 4.16666666667 42 10 24.0733333333 6.43023759713 22 5 12.5 3.45301800362 3 3 3.0 0.0 0.502666666667 0.294606328664 0.888888888889 0.0909090909091 0.501408815199 0.146218188456 0.0 0.5016 0.4984 14 1 6.27 2.5749627829 15 1 6.23 2.50940231928 0.171560313608 0.449794204444 1
300 1250 4.16666666667 45 9 24.0666666667 6.58044240323 24 5 12.5 3.5095108871 3 3 3.0 0.0 0.5192 0.286333573923 1.0 0.125 0.517485753511 0.148424965408 0.0 0.4704 0.5296 15 1 5.88 2.32642787695 14 2 6.62 2.5381620647 0.177662924625 0.450357724444 1
300 1250 4.16666666667 43 9 23.9733333333 6.34029091516 22 5 12.5 3.41808913478 3 3 3.0 0.0 0.5024 0.283538780416 0.875 0.1 0.500179969469 0.163320553161 0.0 0.512 0.488 14 0 6.4 2.47655674947 14 0 6.1 2.49733190959 0.186105080914 0.45550016 1
300 1250 4.16666666667 46 9 24.06 6.78353889942 24 5 12.5 3.62537354397 3 3 3.0 0.0 0.497066666667 0.29065492331 0.866666666667 0.125 0.493881611637 0.142269000241 0.0 0.5128 0.4872 15 1 6.41 2.53283109057 13 0 6.09 2.56941627612 0.180293509016 0.454335857778 0
300 1250 4.16666666667 42 8 23.9866666667 6.42856818342 23 4 12.5 3.47706773014 3 3 3.0 0.0 0.492 0.289025950392 0.846153846154 0.111111111111 0.491857189039 0.146472863184 0.0 0.5224 0.4776 15 1 6.53 2.60559014429 12 1 5.97 2.23064265777 0.177557261909 0.447649066667 1
300 1250 4.16666666667 50 8 23.96 6.72049601344 26 4 12.5 3.62996786028 3 3 3.0 0.0 0.512 0.288271476987 1.0 0.125 0.510270354371 0.147043511058 0.0 0.4752 0.5248 15 0 5.94 2.44193912018 16 1 6.56 2.43441984875 0.17383057275 0.453039324444 1
300 1250 4.16666666667 40 6 24.0 6.37076656821 22 3 12.5 3.38870673463 3 3 3.0 0.0 0.5 0.287904305089 0.909090909091 0.0 0.499217051453 0.141311802316 0.0 0.5096 0.4904 13 1 6.37 2.34373633329 13 0 6.13 2.3309011133 0.172543441358 0.4530896 0
300 1250 4.16666666667 45 6 24.0266666667 6.34186793373 25 3 12.5 3.38082830088 3 3 3.0 0.0 0.508266666667 0.279957330082 1.0 0.1 0.508815704534 0.148497216414 0.0 0.4968 0.5032 16 1 6.21 2.52175203645 14 1 6.29 2.39566970456 0.180412787432 0.452627057778 1
300 1250 4.16666666667 50 8 23.92 6.71319099485 25 4 12.5 3.61616740025 3 3 3.0 0.0 0.5064 0.28410314246 1.0 0.0 0.501999935548 0.151520494978 0.0 0.4888 0.5112 14 0 6.11 2.38702744014 14 1 6.39 2.56083970603 0.184256304926 0.45309248 1
