uuf100-0101 100 4.3 0.503875968992 0.290878496733 0.0 1.0 0.488372093023 0.511627906977 0.777777777778 0.2 0.504102112971 0.133370559684 0.921665973002 0.151830178516 0.43201820804 1.12216457117 0.158 0 0 0.0 0.0 0 0 0.0 0.0 1 1 1.0 0.0 0.0511627906977 0.0116279069767 0.03 0.00886470630351 0
uuf100-0104 100 4.3 0.505426356589 0.290853704896 0.0 1.0 0.511627906977 0.488372093023 0.9 0.0909090909091 0.513350533161 0.154139576038 0.941624835132 0.156083948343 0.429872904273 1.23835299858 0.13318181744 0 0 0.0 0.0 0 0 0.0 0.0 2 1 1.00233100233 0.0482241512018 0.0582750582751 0.013986013986 0.03 0.00864456229348 0
uuf100-01000 100 4.3 0.497674418605 0.300507352973 0.0 1.0 0.5 0.5 0.769230769231 0.125 0.49116840753 0.143896291707 0.897412861992 0.15432281495 0.437174148188 1.0340024167 0.168 0 0 0.0 0.0 0 0 0.0 0.0 2 1 1.00233100233 0.0482241512018 0.0536130536131 0.013986013986 0.03 0.00851154257827 0
uuf100-0105 100 4.3 0.503100775194 0.291774748832 0.0 1.0 0.502325581395 0.497674418605 0.833333333333 0.111111111111 0.502882748014 0.138186888085 0.919412085592 0.151190394436 0.433060813653 1.06024753564 0.159 0 0 0.0 0.0 0 0 0.0 0.0 1 1 1.0 0.0 0.0488372093023 0.00697674418605 0.03 0.00843323923929 0
uuf100-0106 100 4.3 0.499224806202 0.294434891843 0.0 1.0 0.483720930233 0.516279069767 0.857142857143 0.125 0.497504516338 0.134696553066 0.911442965617 0.163643994266 0.428525629469 1.13371890677 0.152 0 0 0.0 0.0 0 0 0.0 0.0 1 1 1.0 0.0 0.0511627906977 0.0139534883721 0.03 0.00778635769432 0
uuf100-0103 100 4.3 0.498449612403 0.290010557446 0.0 1.0 0.525581395349 0.474418604651 0.875 0.153846153846 0.502871518016 0.135608008522 0.922479640372 0.168423893473 0.431279670693 0.938945621193 0.16340206196 0 0 0.0 0.0 0 0 0.0 0.0 2 1 1.0046728972 0.0681986893426 0.0490654205607 0.0116822429907 0.03 0.00769057237694 0
uuf100-0102 100 4.3 0.506976744186 0.290820645825 0.0 1.0 0.497674418605 0.502325581395 0.857142857143 0.230769230769 0.506315824226 0.128680065022 0.928151257695 0.167567328409 0.429957033832 0.983754583098 0.15461538371 0 0 0.0 0.0 0 0 0.0 0.0 2 1 1.00233100233 0.0482241512018 0.0582750582751 0.011655011655 0.03 0.00843458948697 0
uuf100-0100 100 4.3 0.474418604651 0.292440255106 0.0 1.0 0.541860465116 0.458139534884 0.777777777778 0.176470588235 0.475610214132 0.138717549032 0.867492455257 0.157189579718 0.433075836789 1.05463021859 0.175 0 0 0.0 0.0 0 0 0.0 0.0 1 1 1.0 0.0 0.0511627906977 0.0116279069767 0.03 0.00766031120558 0
uuf100-0112 100 4.3 0.514728682171 0.289640454794 0.0 1.0 0.486046511628 0.513953488372 0.833333333333 0.0 0.514649473892 0.148446540993 0.947473779145 0.153486354197 0.434231416381 0.978737857602 0.18071428595 0 0 0.0 0.0 0 0 0.0 0.0 2 1 1.00233100233 0.0482241512018 0.0512820512821 0.011655011655 0.03 0.0086508455473 0
uuf100-0111 100 4.3 0.512403100775 0.293294857925 0.0 1.0 0.497674418605 0.502325581395 0.875 0.181818181818 0.518230977786 0.142763232417 0.952546392806 0.148518714556 0.428539751217 1.09369675127 0.1983333333 0 0 0.0 0.0 0 0 0.0 0.0 1 1 1.0 0.0 0.0511627906977 0.0116279069767 0.03 0.0080055416177 0
uuf100-0107 100 4.3 0.509302325581 0.291642907683 0.0 1.0 0.488372093023 0.511627906977 0.875 0.25 0.506610814366 0.135179055469 0.928488406717 0.144168577361 0.427084910763 1.08959233187 0.1425 0 0 0.0 0.0 0 0 0.0 0.0 1 1 1.0 0.0 0.0511627906977 0.0093023255814 0.03 0.0083170022057 0
uuf100-0110 100 4.3 0.526356589147 0.298493905905 0.0 1.0 0.453488372093 0.546511627907 0.875 0.125 0.527840464188 0.136125065881 0.972376081091 0.154418447066 0.432925605432 1.13656471007 0.172 0 0 0.0 0.0 0 0 0.0 0.0 1 1 1.0 0.0 0.0511627906977 0.0116279069767 0.03 0.00773758360912 0
uuf100-0108 100 4.3 0.503875968992 0.301350046042 0.0 1.0 0.493023255814 0.506976744186 0.857142857143 0.133333333333 0.507235828886 0.156377201074 0.92995623245 0.154962803753 0.431713238387 1.27717960938 0.1205555545 0 0 0.0 0.0 0 0 0.0 0.0 2 1 1.00233100233 0.0482241512018 0.0512820512821 0.013986013986 0.03 0.00808595780563 0
uuf100-0113 100 4.3 0.48992248062 0.283530244728 0.0 1.0 0.506976744186 0.493023255814 0.888888888889 0.0833333333333 0.48529941438 0.141290213929 0.885702144819 0.145978555485 0.429088997055 1.07001850678 0.1633333326 0 0 0.0 0.0 0 0 0.0 0.0 2 1 1.00233100233 0.0482241512018 0.0512820512821 0.013986013986 0.03 0.00826540031957 0
uuf100-0109 100 4.3 0.494573643411 0.287278078156 0.0 1.0 0.493023255814 0.506976744186 1.0 0.133333333333 0.500232281663 0.138776577906 0.914348941706 0.160351946645 0.43847695451 1.06320328543 0.16988636323 0 0 0.0 0.0 0 0 0.0 0.0 2 1 1.0046728972 0.0681986893426 0.053738317757 0.00700934579439 0.03 0.00832457979127 0
uuf100-010 100 4.3 0.497674418605 0.302222204548 0.0 1.0 0.495348837209 0.504651162791 0.909090909091 0.222222222222 0.491505031647 0.129430768975 0.900029482815 0.158339888961 0.437641968632 1.19959342706 0.205 0 0 0.0 0.0 0 0 0.0 0.0 2 1 1.00233100233 0.0482241512018 0.048951048951 0.013986013986 0.03 0.00758672328122 0
uuf100-0114 100 4.3 0.492248062016 0.301275257601 0.0 1.0 0.523255813953 0.476744186047 0.8 0.142857142857 0.492069685002 0.138538501448 0.899660473513 0.162551443535 0.436443122409 1.00886071152 0.18928571443 0 0 0.0 0.0 0 0 0.0 0.0 1 1 1.0 0.0 0.0511627906977 0.0139534883721 0.03 0.00808620402359 0
uuf100-0117 100 4.3 0.496899224806 0.287312590619 0.0 1.0 0.518604651163 0.481395348837 0.909090909091 0.0769230769231 0.491776141335 0.145881024035 0.898917890073 0.156503685364 0.436840634577 1.35906760385 0.1575 0 0 0.0 0.0 0 0 0.0 0.0 2 1 1.00702576112 0.0835248454339 0.0538641686183 0.0117096018735 0.03 0.00837016233442 0
uuf100-0115 100 4.3 0.480620155039 0.290258065533 0.0 1.0 0.520930232558 0.479069767442 0.833333333333 0.117647058824 0.485379747102 0.149081432727 0.885899364181 0.161035533389 0.430725617451 1.21800059106 0.116909090903 0 0 0.0 0.0 0 0 0.0 0.0 1 1 1.0 0.0 0.0511627906977 0.0116279069767 0.03 0.00852889340507 0
uuf100-0119 100 4.3 0.502325581395 0.288217846553 0.0 1.0 0.495348837209 0.504651162791 1.0 0.214285714286 0.507602516807 0.15012895296 0.931868806159 0.155285333333 0.434253350159 1.05975713829 0.1525 0 0 0.0 0.0 0 0 0.0 0.0 2 1 1.0046728972 0.0681986893426 0.0443925233645 0.0140186915888 0.03 0.00756893956822 0
uuf100-0116 100 4.3 0.475968992248 0.285418735082 0.0 1.0 0.546511627907 0.453488372093 0.75 0.0 0.478033626032 0.145577081267 0.871456419097 0.157075747537 0.433028063217 0.954063142048 0.17952380924 0 0 0.0 0.0 0 0 0.0 0.0 1 1 1.0 0.0 0.0558139534884 0.0093023255814 0.03 0.00932845168378 0
uuf100-0118 100 4.3 0.487596899225 0.279767645915 0.0 1.0 0.518604651163 0.481395348837 0.875 0.181818181818 0.490504496123 0.136619270533 0.894999361552 0.151934005018 0.432540412235 1.10606189957 0.15756756773 0 0 0.0 0.0 0 0 0.0 0.0 2 1 1.00702576112 0.0835248454339 0.0585480093677 0.0117096018735 0.03 0.00927764104424 0
uuf100-0120 100 4.3 0.494573643411 0.287278078156 0.0 1.0 0.511627906977 0.488372093023 0.888888888889 0.142857142857 0.497866621357 0.132985889247 0.910769769099 0.14974307378 0.431832522084 1.21057144965 0.195 0 0 0.0 0.0 0 0 0.0 0.0 2 1 1.0046728972 0.0681986893426 0.0514018691589 0.00934579439252 0.03 0.00818571023427 0
uuf100-011 100 4.3 0.507751937984 0.274340855276 0.0 1.0 0.472093023256 0.527906976744 0.9 0.176470588235 0.501153964027 0.141231491066 0.918356001541 0.155507818064 0.436842437354 1.03246385312 0.16538461481 0 0 0.0 0.0 0 0 0.0 0.0 2 1 1.00233100233 0.0482241512018 0.048951048951 0.00932400932401 0.03 0.00759388185207 0
uuf100-0121 100 4.3 0.495348837209 0.293520147995 0.0 1.0 0.493023255814 0.506976744186 0.777777777778 0.230769230769 0.494837540298 0.125943563253 0.905847731087 0.144027576829 0.432032930713 0.891002793859 0.19211538408 0 0 0.0 0.0 0 0 0.0 0.0 1 1 1.0 0.0 0.0488372093023 0.0116279069767 0.03 0.00783482815252 0
uuf100-0122 100 4.3 0.493798449612 0.30045235611 0.0 1.0 0.516279069767 0.483720930233 0.818181818182 0.142857142857 0.487082895648 0.141154846997 0.887344921418 0.168587056275 0.433579412295 1.12433054832 0.13625 0 0 0.0 0.0 0 0 0.0 0.0 2 1 1.00702576112 0.0835248454339 0.0468384074941 0.00936768149883 0.03 0.00857088466556 0
uuf100-0123 100 4.3 0.518604651163 0.280346991121 0.0 1.0 0.502325581395 0.497674418605 0.875 0.2 0.521296094396 0.149641173003 0.958526772598 0.153407270544 0.44015503876 1.03073301932 0.175625 0 0 0.0 0.0 0 0 0.0 0.0 1 1 1.0 0.0 0.0627906976744 0.0116279069767 0.03 0.00827789382817 0
uuf100-0126 100 4.3 0.482945736434 0.282282327291 0.0 1.0 0.539534883721 0.460465116279 0.857142857143 0.1 0.491572456955 0.13657300489 0.899965252068 0.154112524362 0.431334655369 0.86499434829 0.206031746 0 0 0.0 0.0 0 0 0.0 0.0 2 1 1.00233100233 0.0482241512018 0.04662004662 0.011655011655 0.03 0.007219750569 0
uuf100-0127 100 4.3 0.494573643411 0.295262352798 0.0 1.0 0.495348837209 0.504651162791 0.769230769231 0.222222222222 0.499903623974 0.115244696655 0.915313726306 0.151321823164 0.434589267472 0.938446270307 0.19642857092 0 0 0.0 0.0 0 0 0.0 0.0 1 1 1.0 0.0 0.053488372093 0.0139534883721 0.03 0.00881576345164 0
uuf100-0125 100 4.3 0.475968992248 0.293453603022 0.0 1.0 0.53023255814 0.46976744186 0.823529411765 0.181818181818 0.481626656324 0.13582076072 0.877729480759 0.147499601403 0.434979268073 1.00014870994 0.164 0 0 0.0 0.0 0 0 0.0 0.0 1 1 1.0 0.0 0.0627906976744 0.0116279069767 0.03 0.00915286914147 0
uuf100-0124 100 4.3 0.489147286822 0.311304741996 0.0 1.0 0.527906976744 0.472093023256 0.818181818182 0.2 0.487257034245 0.125578463629 0.890264668811 0.152481012391 0.434001261943 1.17513930279 0.1399999986 0 0 0.0 0.0 0 0 0.0 0.0 2 1 1.00233100233 0.0482241512018 0.0559440559441 0.013986013986 0.03 0.00841524126223 0
uuf100-0128 100 4.3 0.51007751938 0.281701629289 0.0 1.0 0.46976744186 0.53023255814 0.818181818182 0.166666666667 0.511238731856 0.13781237493 0.937625306539 0.157226008385 0.435755964185 1.24476008913 0.155 0 0 0.0 0.0 0 0 0.0 0.0 1 1 1.0 0.0 0.0511627906977 0.0116279069767 0.03 0.00848438899858 0
uuf100-012 100 4.3 0.482170542636 0.291245994501 0.0 1.0 0.527906976744 0.472093023256 0.8 0.111111111111 0.481424114803 0.144760124139 0.878290068681 0.144112247472 0.440562165735 1.02391627651 0.15636363489 0 0 0.0 0.0 0 0 0.0 0.0 1 1 1.0 0.0 0.0581395348837 0.0116279069767 0.03 0.00852254986131 0
uuf100-0130 100 4.3 0.518604651163 0.301657978853 0.0 1.0 0.460465116279 0.539534883721 0.875 0.2 0.520937985395 0.123023912781 0.958458636849 0.159829178209 0.433096568716 1.11480537602 0.1766666663 0 0 0.0 0.0 0 0 0.0 0.0 1 1 1.0 0.0 0.053488372093 0.0139534883721 0.03 0.00796490408816 0
uuf100-0129 100 4.3 0.478294573643 0.296263005661 0.0 1.0 0.53488372093 0.46511627907 0.818181818182 0.0 0.479426921247 0.137073467893 0.877791255399 0.163094580485 0.43471756505 0.919353151935 0.1874538388 0 0 0.0 0.0 0 0 0.0 0.0 1 1 1.0 0.0 0.0488372093023 0.00697674418605 0.03 0.00711110923322 0
uuf100-0131 100 4.3 0.501550387597 0.286424405328 0.0 1.0 0.502325581395 0.497674418605 0.833333333333 0.0 0.495116446548 0.149728220198 0.911864470497 0.154934504156 0.432518177994 1.14179495537 0.1442857151 0 0 0.0 0.0 0 0 0.0 0.0 1 1 1.0 0.0 0.0511627906977 0.00697674418605 0.03 0.00816606970515 0
uuf100-0133 100 4.3 0.522480620155 0.2809839605 0.0 1.0 0.460465116279 0.539534883721 0.923076923077 0.166666666667 0.521142195615 0.151666146951 0.95841315988 0.166164041483 0.434084790577 1.27974394863 0.12999999991 0 0 0.0 0.0 0 0 0.0 0.0 2 1 1.00233100233 0.0482241512018 0.0536130536131 0.013986013986 0.03 0.0082060221488 0
uuf100-0132 100 4.3 0.482945736434 0.270120280704 0.0 1.0 0.537209302326 0.462790697674 0.846153846154 0.166666666667 0.480682063242 0.147086632271 0.877150382254 0.154290071046 0.437870620756 1.09429402727 0.14937500037 0 0 0.0 0.0 0 0 0.0 0.0 1 1 1.0 0.0 0.053488372093 0.0139534883721 0.03 0.00827789382817 0
uuf100-0134 100 4.3 0.508527131783 0.28449084337 0.0 1.0 0.472093023256 0.527906976744 0.875 0.166666666667 0.512153024392 0.145355885577 0.941002392087 0.15233445125 0.438919836548 0.916968074595 0.17 0 0 0.0 0.0 0 0 0.0 0.0 2 1 1.00233100233 0.0482241512018 0.048951048951 0.013986013986 0.03 0.00754362920097 0
uuf100-0135 100 4.3 0.514728682171 0.278729335854 0.0 1.0 0.472093023256 0.527906976744 0.888888888889 0.2 0.518073128411 0.13878291337 0.951923064595 0.163272304807 0.435000600925 1.13713721336 0.1341071429 0 0 0.0 0.0 0 0 0.0 0.0 1 1 1.0 0.0 0.0511627906977 0.0116279069767 0.03 0.00786926712358 0
uuf100-0138 100 4.3 0.503100775194 0.294419584357 0.0 1.0 0.495348837209 0.504651162791 0.875 0.2 0.507634462593 0.133436837623 0.930562795676 0.15356267043 0.425754161409 1.18305342318 0.16973684213 0 0 0.0 0.0 0 0 0.0 0.0 1 1 1.0 0.0 0.0604651162791 0.00697674418605 0.03 0.00827789382817 0
uuf100-0136 100 4.3 0.5 0.290014701579 0.0 1.0 0.520930232558 0.479069767442 0.8 0.166666666667 0.505510719286 0.137135994132 0.925433702821 0.146659879395 0.426399855778 1.05372445853 0.16416666663 0 0 0.0 0.0 0 0 0.0 0.0 2 1 1.00233100233 0.0482241512018 0.048951048951 0.00932400932401 0.03 0.00861938347543 0
uuf100-0139 100 4.3 0.477519379845 0.299674321951 0.0 1.0 0.527906976744 0.472093023256 0.75 0.166666666667 0.474480849431 0.134856177675 0.864145089044 0.144019691508 0.432911183222 1.15223230118 0.16285714338 0 0 0.0 0.0 0 0 0.0 0.0 1 1 1.0 0.0 0.0558139534884 0.0116279069767 0.03 0.00859836351039 0
uuf100-0137 100 4.3 0.5 0.284618607856 0.0 1.0 0.516279069767 0.483720930233 0.916666666667 0.0 0.49475987669 0.143811077777 0.912921898775 0.163055928902 0.433835106063 1.17982003231 0.18 0 0 0.0 0.0 0 0 0.0 0.0 2 1 1.00233100233 0.0482241512018 0.0582750582751 0.004662004662 0.03 0.00826540031957 0
uuf100-013 100 4.3 0.479069767442 0.295445466298 0.0 1.0 0.53023255814 0.46976744186 0.8 0.166666666667 0.479901872861 0.135091092693 0.874556523112 0.15851923797 0.432788293973 1.3048765086 0.185 0 0 0.0 0.0 0 0 0.0 0.0 2 1 1.00233100233 0.0482241512018 0.0582750582751 0.00932400932401 0.03 0.0084087819608 0
uuf100-0140 100 4.3 0.52015503876 0.291094303063 0.0 1.0 0.483720930233 0.516279069767 0.875 0.142857142857 0.51696147102 0.152353951292 0.950745004995 0.149212209555 0.428938164774 1.24236559538 0.13399999983 0 0 0.0 0.0 0 0 0.0 0.0 1 1 1.0 0.0 0.0488372093023 0.0162790697674 0.03 0.00778635769432 0
uuf100-0142 100 4.3 0.482170542636 0.274812488311 0.0 1.0 0.541860465116 0.458139534884 0.9 0.166666666667 0.478299862891 0.143427581446 0.87050539897 0.151408757376 0.424941710234 1.01417452451 0.1728571436 0 0 0.0 0.0 0 0 0.0 0.0 1 1 1.0 0.0 0.0511627906977 0.0116279069767 0.03 0.00899191392055 0
uuf100-0141 100 4.3 0.499224806202 0.283708221853 0.0 1.0 0.511627906977 0.488372093023 0.818181818182 0.153846153846 0.500400739354 0.138797604049 0.916361179567 0.154724086595 0.429228111291 1.14270310048 0.15769230687 0 0 0.0 0.0 0 0 0.0 0.0 2 1 1.00233100233 0.0482241512018 0.0582750582751 0.00932400932401 0.03 0.00817284787084 0
uuf100-0143 100 4.3 0.51007751938 0.298621716208 0.0 1.0 0.490697674419 0.509302325581 1.0 0.166666666667 0.516806867453 0.153293006179 0.947468955881 0.156313210928 0.4359194159 1.02342669576 0.167 0 0 0.0 0.0 0 0 0.0 0.0 2 1 1.00233100233 0.0482241512018 0.0559440559441 0.00932400932401 0.03 0.00907987496044 0
uuf100-0145 100 4.3 0.503100775194 0.278173625766 0.0 1.0 0.481395348837 0.518604651163 0.857142857143 0.125 0.498590889503 0.136725081913 0.912983223519 0.151344177266 0.430187789195 1.13372774221 0.16249999999 0 0 0.0 0.0 0 0 0.0 0.0 2 1 1.00233100233 0.0482241512018 0.04662004662 0.011655011655 0.03 0.00804553820514 0
uuf100-0144 100 4.3 0.506976744186 0.28271095707 0.0 1.0 0.490697674419 0.509302325581 0.785714285714 0.0 0.506420818045 0.141297761947 0.932679362734 0.162732089028 0.430280932636 1.10779383386 0.1975 0 0 0.0 0.0 0 0 0.0 0.0 2 1 1.00233100233 0.0482241512018 0.048951048951 0.013986013986 0.03 0.00715928954435 0
uuf100-0146 100 4.3 0.494573643411 0.276273675549 0.0 1.0 0.488372093023 0.511627906977 0.916666666667 0.153846153846 0.489915289813 0.14131386033 0.892902126841 0.145333333333 0.432149209783 0.897598907413 0.1899999987 0 0 0.0 0.0 0 0 0.0 0.0 1 1 1.0 0.0 0.0581395348837 0.0093023255814 0.03 0.00897385180538 0
uuf100-0148 100 4.3 0.515503875969 0.302688114974 0.0 1.0 0.486046511628 0.513953488372 0.888888888889 0.181818181818 0.512157586995 0.136818111442 0.940906956219 0.155964123189 0.42919806502 0.974533217036 0.18159090907 0 0 0.0 0.0 0 0 0.0 0.0 2 1 1.00233100233 0.0482241512018 0.048951048951 0.013986013986 0.03 0.00781254479288 0
uuf100-0147 100 4.3 0.5 0.296185918286 0.0 1.0 0.509302325581 0.490697674419 1.0 0.125 0.500965513245 0.139813166847 0.916158362106 0.158068938272 0.42848356469 1.07379639922 0.15525 0 0 0.0 0.0 0 0 0.0 0.0 1 1 1.0 0.0 0.0488372093023 0.0093023255814 0.03 0.00854156635917 0
uuf100-014 100 4.3 0.492248062016 0.294333847726 0.0 1.0 0.527906976744 0.472093023256 0.888888888889 0.111111111111 0.485137037862 0.144418042377 0.885119692885 0.160275358025 0.437592091821 1.08347267777 0.1533333318 0 0 0.0 0.0 0 0 0.0 0.0 2 1 1.00702576112 0.0835248454339 0.0538641686183 0.0117096018735 0.03 0.00808349362646 0
uuf100-0149 100 4.3 0.5 0.29965527136 0.0 1.0 0.504651162791 0.495348837209 0.818181818182 0.111111111111 0.500434498207 0.138663813702 0.914929291727 0.161552918191 0.437160326903 0.95582169359 0.17901408442 0 0 0.0 0.0 0 0 0.0 0.0 1 1 1.0 0.0 0.0511627906977 0.0093023255814 0.03 0.00843964991238 0
uuf100-0153 100 4.3 0.499224806202 0.282795967583 0.0 1.0 0.495348837209 0.504651162791 0.888888888889 0.0909090909091 0.504626965269 0.138774182418 0.926857622812 0.150811474462 0.439015383691 1.08424059907 0.1655555539 0 0 0.0 0.0 0 0 0.0 0.0 1 1 1.0 0.0 0.0488372093023 0.0162790697674 0.03 0.00735781024165 0
uuf100-0151 100 4.3 0.486046511628 0.292342632695 0.0 1.0 0.523255813953 0.476744186047 0.857142857143 0.166666666667 0.489850175406 0.129155000702 0.897085321879 0.164512347903 0.429874406586 1.01141444208 0.1555555556 0 0 0.0 0.0 0 0 0.0 0.0 1 1 1.0 0.0 0.053488372093 0.0162790697674 0.03 0.00786239139738 0
uuf100-0152 100 4.3 0.503100775194 0.284601716669 0.0 1.0 0.493023255814 0.506976744186 0.875 0.166666666667 0.499579482059 0.142046315911 0.912588499821 0.14928764739 0.431893516015 1.05424513678 0.14875 0 0 0.0 0.0 0 0 0.0 0.0 2 1 1.0046728972 0.0681986893426 0.0584112149533 0.0116822429907 0.03 0.00914336851913 0
uuf100-0150 100 4.3 0.497674418605 0.300507352973 0.0 1.0 0.5 0.5 0.888888888889 0.111111111111 0.49546582859 0.150743774629 0.907378565879 0.158424477343 0.426304308635 1.06140562489 0.16256097612 0 0 0.0 0.0 0 0 0.0 0.0 2 1 1.00233100233 0.0482241512018 0.0559440559441 0.011655011655 0.03 0.00771456129783 0
uuf100-0155 100 4.3 0.506976744186 0.29957404209 0.0 1.0 0.474418604651 0.525581395349 0.8 0.0 0.505561237739 0.147644211255 0.929484570297 0.162068692968 0.436476774232 1.03849472862 0.1614285705 0 0 0.0 0.0 0 0 0.0 0.0 2 1 1.00233100233 0.0482241512018 0.04662004662 0.011655011655 0.03 0.00808595780563 0
uuf100-0154 100 4.3 0.504651162791 0.280003820143 0.0 1.0 0.490697674419 0.509302325581 0.857142857143 0.0 0.504094699332 0.132766707719 0.928232643646 0.161960444006 0.43382699357 0.952212289984 0.18221875 0 0 0.0 0.0 0 0 0.0 0.0 1 1 1.0 0.0 0.0488372093023 0.0162790697674 0.03 0.00742366962768 0
uuf100-0157 100 4.3 0.513178294574 0.295892600015 0.0 1.0 0.479069767442 0.520930232558 0.888888888889 0.142857142857 0.511292110023 0.137614088498 0.938352099268 0.156300723864 0.435470524608 1.17192906108 0.15047619022 0 0 0.0 0.0 0 0 0.0 0.0 1 1 1.0 0.0 0.0511627906977 0.0139534883721 0.03 0.00802578322174 0
uuf100-0156 100 4.3 0.52480620155 0.296891128677 0.0 1.0 0.458139534884 0.541860465116 0.8 0.1 0.517120097953 0.147758529443 0.948828884065 0.155516780139 0.443062015504 1.00105345092 0.1716216214 0 0 0.0 0.0 0 0 0.0 0.0 2 1 1.0046728972 0.0681986893426 0.0630841121495 0.0116822429907 0.03 0.00876538862416 0
uuf100-0159 100 4.3 0.523255813953 0.29527151117 0.0 1.0 0.462790697674 0.537209302326 0.9 0.166666666667 0.527535976407 0.133632898986 0.972131277305 0.165071636355 0.427184664383 1.02275492769 0.177 0 0 0.0 0.0 0 0 0.0 0.0 1 1 1.0 0.0 0.0511627906977 0.0162790697674 0.03 0.00793088042092 0
uuf100-0158 100 4.3 0.492248062016 0.289911080487 0.0 1.0 0.516279069767 0.483720930233 0.857142857143 0.0 0.491556846318 0.154410262068 0.903205531998 0.150730535268 0.432963163271 1.03899487147 0.15884615395 0 0 0.0 0.0 0 0 0.0 0.0 1 1 1.0 0.0 0.0488372093023 0.0093023255814 0.03 0.00811957686051 0
uuf100-0161 100 4.3 0.488372093023 0.300291307398 0.0 1.0 0.532558139535 0.467441860465 0.909090909091 0.266666666667 0.488134862686 0.13760835554 0.892084521301 0.16847183696 0.435405324199 1.088549118 0.183684210262 0 0 0.0 0.0 0 0 0.0 0.0 1 1 1.0 0.0 0.0511627906977 0.0116279069767 0.03 0.00777940869008 0
uuf100-0162 100 4.3 0.512403100775 0.296798007318 0.0 1.0 0.497674418605 0.502325581395 0.785714285714 0.111111111111 0.510697098173 0.140926652878 0.936246278661 0.152009956783 0.433464034613 0.98503252514 0.169375 0 0 0.0 0.0 0 0 0.0 0.0 2 1 1.00233100233 0.0482241512018 0.0536130536131 0.00932400932401 0.03 0.00821925436894 0
uuf100-0160 100 4.3 0.503100775194 0.287312590619 0.0 1.0 0.495348837209 0.504651162791 0.846153846154 0.0 0.493529153931 0.152077401054 0.908507931955 0.162273265339 0.43593263626 0.905040335882 0.196875 0 0 0.0 0.0 0 0 0.0 0.0 2 1 1.00233100233 0.0482241512018 0.0536130536131 0.00699300699301 0.03 0.00836992147157 0
uuf100-015 100 4.3 0.496124031008 0.284592214936 0.0 1.0 0.504651162791 0.495348837209 0.875 0.0 0.487192691118 0.152515651482 0.894799280359 0.150714566818 0.432213809266 1.00683534956 0.1499999985 0 0 0.0 0.0 0 0 0.0 0.0 1 1 1.0 0.0 0.053488372093 0.0093023255814 0.03 0.00821229934093 0
uuf100-0164 100 4.3 0.509302325581 0.282643993295 0.0 1.0 0.511627906977 0.488372093023 0.8 0.0 0.505025048266 0.133938111831 0.931391100729 0.15141658972 0.435173967911 1.07469739389 0.18666666735 0 0 0.0 0.0 0 0 0.0 0.0 2 1 1.00233100233 0.0482241512018 0.0512820512821 0.004662004662 0.03 0.00898361766216 0
uuf100-0163 100 4.3 0.514728682171 0.298428470005 0.0 1.0 0.458139534884 0.541860465116 0.857142857143 0.214285714286 0.513028869651 0.140782951037 0.939472813865 0.167423604938 0.434197464095 0.956694076288 0.18192307674 0 0 0.0 0.0 0 0 0.0 0.0 2 1 1.00233100233 0.0482241512018 0.0512820512821 0.00932400932401 0.03 0.00916327067264 0
uuf100-0168 100 4.3 0.481395348837 0.295601023588 0.0 1.0 0.509302325581 0.490697674419 0.833333333333 0.0 0.483933394736 0.151913067996 0.887087928025 0.154047875202 0.440366564509 1.38020237262 0.13097560958 0 0 0.0 0.0 0 0 0.0 0.0 1 1 1.0 0.0 0.0511627906977 0.0116279069767 0.03 0.00766736814969 0
uuf100-0166 100 4.3 0.498449612403 0.297921610866 0.0 1.0 0.523255813953 0.476744186047 0.8 0.0666666666667 0.496562820994 0.138058896705 0.908830140147 0.166467193097 0.434594976263 1.04113929105 0.198 0 0 0.0 0.0 0 0 0.0 0.0 2 1 1.0046728972 0.0681986893426 0.0490654205607 0.00934579439252 0.03 0.00756172376819 0
uuf100-0171 100 4.3 0.482945736434 0.294819358964 0.0 1.0 0.520930232558 0.479069767442 0.9 0.166666666667 0.48425664523 0.139724556265 0.885723002144 0.160678610327 0.437168739859 1.19605834193 0.1599999992 0 0 0.0 0.0 0 0 0.0 0.0 2 1 1.00233100233 0.0482241512018 0.04662004662 0.013986013986 0.03 0.007219750569 0
uuf100-0165 100 4.3 0.496899224806 0.285508201278 0.0 1.0 0.495348837209 0.504651162791 0.888888888889 0.125 0.501924246849 0.133318817832 0.92010070455 0.159206288796 0.431175109669 0.99449789497 0.1799999982 0 0 0.0 0.0 0 0 0.0 0.0 1 1 1.0 0.0 0.0511627906977 0.0116279069767 0.03 0.00834297261147 0
uuf100-0169 100 4.3 0.504651162791 0.265801055886 0.0 1.0 0.479069767442 0.520930232558 0.909090909091 0.142857142857 0.508700665102 0.126433248425 0.929542955003 0.159020354985 0.430624061054 0.984062905871 0.18625 0 0 0.0 0.0 0 0 0.0 0.0 2 1 1.00233100233 0.0482241512018 0.0582750582751 0.00699300699301 0.03 0.00964288643091 0
uuf100-016 100 4.3 0.482170542636 0.285873143403 0.0 1.0 0.537209302326 0.462790697674 0.846153846154 0.0 0.47611783145 0.134564775305 0.872249377485 0.147887417341 0.427218917132 1.09525937894 0.156098484468 0 0 0.0 0.0 0 0 0.0 0.0 2 1 1.00233100233 0.0482241512018 0.0536130536131 0.016317016317 0.03 0.00744210597875 0
uuf100-0167 100 4.3 0.477519379845 0.286448531594 0.0 1.0 0.516279069767 0.483720930233 0.8 0.142857142857 0.477725449068 0.129645072118 0.870747350408 0.165764564926 0.434944113935 0.896125609163 0.19169811351 0 0 0.0 0.0 0 0 0.0 0.0 2 1 1.0046728972 0.0681986893426 0.053738317757 0.0116822429907 0.03 0.00855740048019 0
uuf100-0170 100 4.3 0.502325581395 0.2970479519 0.0 1.0 0.504651162791 0.495348837209 0.823529411765 0.0 0.500342628771 0.139855048653 0.918266500187 0.147993748408 0.428573403041 1.00505708743 0.152346939 0 0 0.0 0.0 0 0 0.0 0.0 2 1 1.0046728972 0.0681986893426 0.0514018691589 0.0163551401869 0.03 0.00892584525966 0
uuf100-0174 100 4.3 0.500775193798 0.28552398652 0.0 1.0 0.488372093023 0.511627906977 1.0 0.166666666667 0.498283201683 0.141014394669 0.91195379553 0.151360700634 0.433471546181 1.03986396678 0.16222772229 0 0 0.0 0.0 0 0 0.0 0.0 1 1 1.0 0.0 0.053488372093 0.0093023255814 0.03 0.00807951291444 0
uuf100-0176 100 4.3 0.500775193798 0.279117136376 0.0 1.0 0.509302325581 0.490697674419 0.875 0.0 0.49461233849 0.163381485761 0.90690220041 0.143831743682 0.431815696172 1.07465434917 0.1592452835 0 0 0.0 0.0 0 0 0.0 0.0 2 1 1.00233100233 0.0482241512018 0.0536130536131 0.011655011655 0.03 0.00903187454511 0
uuf100-0177 100 4.3 0.488372093023 0.286192479721 0.0 1.0 0.527906976744 0.472093023256 0.8 0.142857142857 0.490627259995 0.118376418569 0.897103476632 0.154984274903 0.430909200168 0.938698491469 0.165939087012 0 0 0.0 0.0 0 0 0.0 0.0 1 1 1.0 0.0 0.0511627906977 0.0139534883721 0.03 0.00831049692335 0
uuf100-0179 100 4.3 0.512403100775 0.298534167022 0.0 1.0 0.488372093023 0.511627906977 0.8 0.125 0.510752389545 0.145055166463 0.935496171226 0.158883074081 0.433818280151 0.899626576421 0.1841666656 0 0 0.0 0.0 0 0 0.0 0.0 1 1 1.0 0.0 0.0558139534884 0.0093023255814 0.03 0.00852889340507 0
uuf100-0173 100 4.3 0.506976744186 0.290820645825 0.0 1.0 0.493023255814 0.506976744186 0.8 0.142857142857 0.50605038082 0.127925871444 0.92536265665 0.157757188113 0.441622799111 1.05836312257 0.20153846175 0 0 0.0 0.0 0 0 0.0 0.0 2 1 1.00233100233 0.0482241512018 0.0559440559441 0.00699300699301 0.03 0.00894117924205 0
uuf100-0172 100 4.3 0.494573643411 0.275336790015 0.0 1.0 0.504651162791 0.495348837209 0.9 0.142857142857 0.489334118042 0.145172453612 0.894174833929 0.154058103204 0.433303587525 1.04031592389 0.16000000019 0 0 0.0 0.0 0 0 0.0 0.0 2 1 1.0046728972 0.0681986893426 0.0584112149533 0.0116822429907 0.03 0.00846761980748 0
uuf100-0178 100 4.3 0.491472868217 0.279912594632 0.0 1.0 0.520930232558 0.479069767442 1.0 0.230769230769 0.495295352824 0.146028127835 0.9054101903 0.158688105661 0.433500691064 1.16146646104 0.13217948714 0 0 0.0 0.0 0 0 0.0 0.0 1 1 1.0 0.0 0.0511627906977 0.0139534883721 0.03 0.00869842056245 0
uuf100-0175 100 4.3 0.47984496124 0.288418975934 0.0 1.0 0.532558139535 0.467441860465 1.0 0.0909090909091 0.482201606787 0.141511188944 0.880063634465 0.150825360477 0.427429241031 1.28234705106 0.14727272587 0 0 0.0 0.0 0 0 0.0 0.0 2 1 1.00233100233 0.0482241512018 0.048951048951 0.00932400932401 0.03 0.00781949663202 0
uuf100-017 100 4.3 0.517829457364 0.285873143403 0.0 1.0 0.476744186047 0.523255813953 0.857142857143 0.111111111111 0.522014564469 0.136992347128 0.959593987712 0.164286057454 0.437202692146 1.01219176975 0.18220338965 0 0 0.0 0.0 0 0 0.0 0.0 1 1 1.0 0.0 0.046511627907 0.0116279069767 0.03 0.00791039597753 0
uuf100-0180 100 4.3 0.496899224806 0.293540620336 0.0 1.0 0.474418604651 0.525581395349 0.923076923077 0.0 0.495297626737 0.162855614419 0.909110248927 0.169918407456 0.428464936001 1.3048765086 0.1233333321 0 0 0.0 0.0 0 0 0.0 0.0 1 1 1.0 0.0 0.0488372093023 0.00697674418605 0.03 0.00830398654482 0
uuf100-0184 100 4.3 0.517829457364 0.286775609118 0.0 1.0 0.460465116279 0.539534883721 0.875 0.230769230769 0.522803560818 0.125781945151 0.958990986568 0.152861795308 0.433915029145 1.12815214964 0.1466666652 0 0 0.0 0.0 0 0 0.0 0.0 1 1 1.0 0.0 0.0488372093023 0.00697674418605 0.03 0.00835592754568 0
uuf100-0186 100 4.3 0.499224806202 0.283708221853 0.0 1.0 0.502325581395 0.497674418605 0.833333333333 0.0909090909091 0.499290723982 0.157884172367 0.912123912852 0.162862036074 0.429378943573 1.28946573585 0.1299999998 0 0 0.0 0.0 0 0 0.0 0.0 2 1 1.00233100233 0.0482241512018 0.0512820512821 0.011655011655 0.03 0.00909183546771 0
uuf100-0185 100 4.3 0.496124031008 0.282770467113 0.0 1.0 0.5 0.5 0.875 0.0833333333333 0.499861818436 0.141641333927 0.916600395949 0.141314356703 0.434796887206 1.17686685945 0.14090909012 0 0 0.0 0.0 0 0 0.0 0.0 2 1 1.0046728972 0.0681986893426 0.0514018691589 0.0163551401869 0.03 0.00795573613466 0
uuf100-0182 100 4.3 0.523255813953 0.277217149534 0.0 1.0 0.448837209302 0.551162790698 0.769230769231 0.125 0.517759905643 0.137999867566 0.950951564388 0.160776209826 0.432633255213 1.3048765086 0.1233333321 0 0 0.0 0.0 0 0 0.0 0.0 2 1 1.00702576112 0.0835248454339 0.0515222482436 0.0140515222482 0.03 0.00831098015382 0
uuf100-0181 100 4.3 0.506201550388 0.274380280248 0.0 1.0 0.481395348837 0.518604651163 0.9 0.2 0.508362246714 0.149884148576 0.931370245381 0.152554821542 0.42454029205 0.995866306003 0.17354838683 0 0 0.0 0.0 0 0 0.0 0.0 1 1 1.0 0.0 0.0488372093023 0.0093023255814 0.03 0.00823203256764 0
uuf100-0183 100 4.3 0.495348837209 0.295275581466 0.0 1.0 0.493023255814 0.506976744186 0.833333333333 0.125 0.498553211451 0.14395951879 0.912795755672 0.166160458989 0.429315545941 1.02584101682 0.205 0 0 0.0 0.0 0 0 0.0 0.0 2 1 1.00233100233 0.0482241512018 0.0512820512821 0.011655011655 0.03 0.00814621117886 0
uuf100-0187 100 4.3 0.473643410853 0.299358326639 0.0 1.0 0.539534883721 0.460465116279 1.0 0.111111111111 0.477419451807 0.148564007278 0.868948847807 0.157855576472 0.429787873325 1.18912784412 0.14063492064 0 0 0.0 0.0 0 0 0.0 0.0 2 1 1.00233100233 0.0482241512018 0.0559440559441 0.00932400932401 0.03 0.00897756731317 0
uuf100-0188 100 4.3 0.493798449612 0.284551037093 0.0 1.0 0.493023255814 0.506976744186 0.777777777778 0.166666666667 0.488797438973 0.132776382019 0.894075952642 0.167648508607 0.431616188931 1.22789089474 0.18 0 0 0.0 0.0 0 0 0.0 0.0 1 1 1.0 0.0 0.0558139534884 0.0139534883721 0.03 0.00786926712358 0
uuf100-0189 100 4.3 0.516279069767 0.295738212071 0.0 1.0 0.460465116279 0.539534883721 1.0 0.142857142857 0.525207835809 0.152492278667 0.966628437438 0.168621385568 0.432918995253 1.01797168226 0.1933333331 0 0 0.0 0.0 0 0 0.0 0.0 2 1 1.0046728972 0.0681986893426 0.0467289719626 0.0116822429907 0.03 0.00764786404422 0
uuf100-0193 100 4.3 0.511627906977 0.297698642425 0.0 1.0 0.497674418605 0.502325581395 0.8 0.142857142857 0.511101761285 0.144053465599 0.936122618008 0.161402464508 0.432665705186 1.17851130198 0.15 0 0 0.0 0.0 0 0 0.0 0.0 1 1 1.0 0.0 0.0604651162791 0.0093023255814 0.03 0.00925277500655 0
uuf100-0190 100 4.3 0.508527131783 0.28449084337 0.0 1.0 0.490697674419 0.509302325581 0.857142857143 0.142857142857 0.506937009779 0.134392301408 0.929024436064 0.156468015554 0.436056126435 1.22474487139 0.2 0 0 0.0 0.0 0 0 0.0 0.0 2 1 1.00233100233 0.0482241512018 0.0559440559441 0.013986013986 0.03 0.00881880136365 0
uuf100-0191 100 4.3 0.500775193798 0.303083922686 0.0 1.0 0.497674418605 0.502325581395 0.777777777778 0.166666666667 0.495120471805 0.145140317349 0.906536467145 0.167401657319 0.433001922961 1.09705207385 0.16713043564 0 0 0.0 0.0 0 0 0.0 0.0 2 1 1.00233100233 0.0482241512018 0.048951048951 0.00932400932401 0.03 0.00775670578545 0
uuf100-018 100 4.3 0.51007751938 0.294263402521 0.0 1.0 0.446511627907 0.553488372093 1.0 0.0 0.509340722917 0.151202641884 0.937164261435 0.145969298577 0.429769244637 1.1173083049 0.17625 0 0 0.0 0.0 0 0 0.0 0.0 2 1 1.00233100233 0.0482241512018 0.0512820512821 0.00932400932401 0.03 0.00799812383931 0
uuf100-0192 100 4.3 0.486821705426 0.278806939111 0.0 1.0 0.523255813953 0.476744186047 0.909090909091 0.142857142857 0.490591987519 0.141969500573 0.896298296002 0.149655146852 0.435581996274 1.15133895763 0.215 0 0 0.0 0.0 0 0 0.0 0.0 2 1 1.0046728972 0.0681986893426 0.0467289719626 0.0116822429907 0.03 0.00807154227777 0
uuf100-0194 100 4.3 0.487596899225 0.291527497767 0.0 1.0 0.539534883721 0.460465116279 0.75 0.111111111111 0.48897579746 0.139654751015 0.892729644843 0.139833022739 0.427760951866 1.0336900038 0.166 0 0 0.0 0.0 0 0 0.0 0.0 2 1 1.0046728972 0.0681986893426 0.0560747663551 0.0116822429907 0.03 0.00894417425605 0
uuf100-0195 100 4.3 0.503100775194 0.279100988779 0.0 1.0 0.493023255814 0.506976744186 0.8125 0.133333333333 0.511168009536 0.132179525386 0.939050199542 0.163081467065 0.425611742083 1.17513930279 0.21 0 0 0.0 0.0 0 0 0.0 0.0 2 1 1.0046728972 0.0681986893426 0.0514018691589 0.0116822429907 0.03 0.00753279144689 0
uuf100-0196 100 4.3 0.527131782946 0.292300490845 0.0 1.0 0.476744186047 0.523255813953 0.777777777778 0.2 0.520678819761 0.135641788078 0.957094385877 0.153957911783 0.429500330509 1.0039329677 0.1825 0 0 0.0 0.0 0 0 0.0 0.0 1 1 1.0 0.0 0.0488372093023 0.0139534883721 0.03 0.00825171860428 0
uuf100-0197 100 4.3 0.485271317829 0.274996107615 0.0 1.0 0.546511627907 0.453488372093 1.0 0.222222222222 0.490702052668 0.14686905197 0.897023349626 0.152928228353 0.433242293131 1.06032895419 0.161875 0 0 0.0 0.0 0 0 0.0 0.0 2 1 1.00233100233 0.0482241512018 0.0536130536131 0.011655011655 0.03 0.00793674631149 0
uuf100-0199 100 4.3 0.489147286822 0.281672829641 0.0 1.0 0.523255813953 0.476744186047 0.857142857143 0.142857142857 0.485008374065 0.143105217306 0.885404734155 0.153334102801 0.431262544318 0.941015646388 0.203 0 0 0.0 0.0 0 0 0.0 0.0 2 1 1.00233100233 0.0482241512018 0.04662004662 0.00932400932401 0.03 0.00788867808644 0
uuf100-0198 100 4.3 0.492248062016 0.285419787788 0.0 1.0 0.504651162791 0.495348837209 0.785714285714 0.2 0.489839592382 0.136303583928 0.89498154911 0.15666495673 0.430881858061 1.01179582582 0.1605084756 0 0 0.0 0.0 0 0 0.0 0.0 2 1 1.00233100233 0.0482241512018 0.048951048951 0.011655011655 0.03 0.00795042671104 0
uuf100-019 100 4.3 0.518604651163 0.280346991121 0.0 1.0 0.483720930233 0.516279069767 0.8 0.0 0.51608333982 0.135951738432 0.950947596865 0.160349674994 0.430697674419 1.14086623968 0.13833333242 0 0 0.0 0.0 0 0 0.0 0.0 1 1 1.0 0.0 0.0558139534884 0.0116279069767 0.03 0.00836239748668 0
uuf100-01 100 4.3 0.488372093023 0.295083198615 0.0 1.0 0.509302325581 0.490697674419 0.777777777778 0.1 0.486909218104 0.132435106961 0.889146477662 0.158624046408 0.427574064059 1.12586575405 0.21 0 0 0.0 0.0 0 0 0.0 0.0 1 1 1.0 0.0 0.0488372093023 0.0116279069767 0.03 0.00817930483492 0
uuf100-0201 100 4.3 0.482170542636 0.282234425003 0.0 1.0 0.537209302326 0.462790697674 0.888888888889 0.111111111111 0.486923333096 0.151454981258 0.889577558595 0.148231854725 0.431884201671 1.30038898739 0.141 0 0 0.0 0.0 0 0 0.0 0.0 1 1 1.0 0.0 0.053488372093 0.0116279069767 0.03 0.00832999752957 0
uuf100-0203 100 4.3 0.497674418605 0.27725074695 0.0 1.0 0.5 0.5 0.846153846154 0.125 0.487564774235 0.145296411981 0.888593760342 0.151861281997 0.430729523466 1.06424831703 0.16745283057 0 0 0.0 0.0 0 0 0.0 0.0 1 1 1.0 0.0 0.0511627906977 0.0093023255814 0.03 0.00884026874825 0
uuf100-0200 100 4.3 0.498449612403 0.299651260555 0.0 1.0 0.504651162791 0.495348837209 0.818181818182 0.0769230769231 0.49550599654 0.149003134931 0.907917434303 0.156434420657 0.427163031068 1.17883771279 0.12954545423 0 0 0.0 0.0 0 0 0.0 0.0 1 1 1.0 0.0 0.0488372093023 0.0162790697674 0.03 0.00776549202654 0
uuf100-0202 100 4.3 0.480620155039 0.287574958941 0.0 1.0 0.537209302326 0.462790697674 1.0 0.0 0.485165593823 0.152078791044 0.888173081906 0.160554738791 0.431491196443 0.984813141131 0.17108108115 0 0 0.0 0.0 0 0 0.0 0.0 2 1 1.01176470588 0.10782531047 0.0494117647059 0.00941176470588 0.03 0.00800259473492 0
uuf100-0206 100 4.3 0.478294573643 0.27264459653 0.0 1.0 0.53488372093 0.46511627907 0.714285714286 0.153846153846 0.482376918558 0.13632740043 0.881164864582 0.151428796685 0.426634517156 0.988912526636 0.18166666703 0 0 0.0 0.0 0 0 0.0 0.0 1 1 1.0 0.0 0.0581395348837 0.0139534883721 0.03 0.00812623498124 0
uuf100-0207 100 4.3 0.494573643411 0.279989869931 0.0 1.0 0.511627906977 0.488372093023 0.857142857143 0.166666666667 0.498279184309 0.141374722446 0.913903909128 0.156931191623 0.434796887206 1.27050829369 0.1475 0 0 0.0 0.0 0 0 0.0 0.0 2 1 1.00233100233 0.0482241512018 0.04662004662 0.013986013986 0.03 0.00712124073411 0
uuf100-0204 100 4.3 0.491472868217 0.296934642776 0.0 1.0 0.513953488372 0.486046511628 0.833333333333 0.181818181818 0.49362442133 0.126141977238 0.90334725938 0.170012776818 0.425111171204 0.940920070204 0.176 0 0 0.0 0.0 0 0 0.0 0.0 1 1 1.0 0.0 0.0488372093023 0.0116279069767 0.03 0.00782792217661 0
uuf100-0205 100 4.3 0.493023255814 0.291707805695 0.0 1.0 0.513953488372 0.486046511628 0.777777777778 0.133333333333 0.484201233708 0.146260080148 0.884474523284 0.149624149044 0.430943452917 1.36744211345 0.0933333335 0 0 0.0 0.0 0 0 0.0 0.0 1 1 1.0 0.0 0.0488372093023 0.0139534883721 0.03 0.0080728162594 0
uuf100-020 100 4.3 0.498449612403 0.277256165506 0.0 1.0 0.506976744186 0.493023255814 0.777777777778 0.2 0.505891529566 0.13448205433 0.929745965722 0.154330667002 0.431687098131 1.17279859582 0.13214285772 0 0 0.0 0.0 0 0 0.0 0.0 2 1 1.00233100233 0.0482241512018 0.0512820512821 0.016317016317 0.03 0.00724229332399 0
uuf100-0208 100 4.3 0.520930232558 0.281103699204 0.0 1.0 0.460465116279 0.539534883721 0.857142857143 0.111111111111 0.523444433319 0.14987423887 0.963491236704 0.146320107542 0.424253951085 1.05804471132 0.15288135553 0 0 0.0 0.0 0 0 0.0 0.0 2 1 1.00233100233 0.0482241512018 0.0512820512821 0.013986013986 0.03 0.00784724240275 0
uuf100-0210 100 4.3 0.46976744186 0.291996066793 0.0 1.0 0.537209302326 0.462790697674 0.818181818182 0.166666666667 0.473187869793 0.145938953545 0.861900074341 0.162690811892 0.435201910943 1.09633208853 0.16136363661 0 0 0.0 0.0 0 0 0.0 0.0 2 1 1.00233100233 0.0482241512018 0.0512820512821 0.011655011655 0.03 0.00832435495272 0
uuf100-0212 100 4.3 0.501550387597 0.29267133619 0.0 1.0 0.5 0.5 0.833333333333 0.125 0.502889144782 0.153518328417 0.917969575832 0.153377749621 0.434112132684 1.13745881446 0.16714285752 0 0 0.0 0.0 0 0 0.0 0.0 1 1 1.0 0.0 0.0511627906977 0.00697674418605 0.03 0.00898589724947 0
uuf100-0211 100 4.3 0.491472868217 0.297803589545 0.0 1.0 0.483720930233 0.516279069767 0.75 0.0 0.487216386211 0.149558458371 0.898671529021 0.156193045155 0.434319151493 0.912707607523 0.17833333318 0 0 0.0 0.0 0 0 0.0 0.0 1 1 1.0 0.0 0.0511627906977 0.00697674418605 0.03 0.00876654736045 0
uuf100-0209 100 4.3 0.494573643411 0.287278078156 0.0 1.0 0.502325581395 0.497674418605 1.0 0.153846153846 0.493871155547 0.151609430345 0.901665821837 0.158269628164 0.435977705667 1.08228531306 0.16006097555 0 0 0.0 0.0 0 0 0.0 0.0 1 1 1.0 0.0 0.0511627906977 0.0116279069767 0.03 0.00929941815029 0
uuf100-0213 100 4.3 0.509302325581 0.276170338534 0.0 1.0 0.490697674419 0.509302325581 0.888888888889 0.111111111111 0.505371159757 0.146658441872 0.925953070193 0.154413510844 0.435999639445 1.18290983937 0.15666666719 0 0 0.0 0.0 0 0 0.0 0.0 2 1 1.00233100233 0.0482241512018 0.0512820512821 0.00932400932401 0.03 0.00810609202677 0
uuf100-0214 100 4.3 0.486046511628 0.289678834736 0.0 1.0 0.520930232558 0.479069767442 0.8125 0.142857142857 0.47938838651 0.146341601152 0.8738158561 0.145654848988 0.428948981431 1.15270288078 0.1655555539 0 0 0.0 0.0 0 0 0.0 0.0 1 1 1.0 0.0 0.0511627906977 0.0093023255814 0.03 0.00830398654482 0
uuf100-0215 100 4.3 0.493023255814 0.27903100506 0.0 1.0 0.495348837209 0.504651162791 0.8125 0.142857142857 0.492610183014 0.129597490458 0.90017176201 0.146939572704 0.436574424614 1.07212675468 0.15708333318 0 0 0.0 0.0 0 0 0.0 0.0 1 1 1.0 0.0 0.0581395348837 0.0116279069767 0.03 0.00909953374256 0
uuf100-0217 100 4.3 0.502325581395 0.2953030545 0.0 1.0 0.5 0.5 0.818181818182 0.230769230769 0.509574623304 0.117446010832 0.934107771786 0.145515851852 0.436581635719 0.929823101976 0.22109588822 0 0 0.0 0.0 0 0 0.0 0.0 2 1 1.00233100233 0.0482241512018 0.0512820512821 0.011655011655 0.03 0.0089107423401 0
uuf100-0219 100 4.3 0.502325581395 0.291781957177 0.0 1.0 0.504651162791 0.495348837209 1.0 0.0909090909091 0.507495006776 0.146572884475 0.93033251118 0.150928403093 0.428495583198 1.08347267777 0.1533333318 0 0 0.0 0.0 0 0 0.0 0.0 1 1 1.0 0.0 0.0581395348837 0.0116279069767 0.03 0.00875420010452 0
uuf100-0216 100 4.3 0.491472868217 0.291666602282 0.0 1.0 0.518604651163 0.481395348837 0.833333333333 0.125 0.492663734536 0.142665754125 0.901603196154 0.158661895968 0.433357069888 0.979206045952 0.15647058976 0 0 0.0 0.0 0 0 0.0 0.0 1 1 1.0 0.0 0.053488372093 0.0139534883721 0.03 0.00825171860428 0
uuf100-021 100 4.3 0.506201550388 0.299591092035 0.0 1.0 0.495348837209 0.504651162791 0.8 0.0769230769231 0.508951422331 0.13884158705 0.933151518416 0.153846880907 0.43021933778 0.933188232728 0.1770588253 0 0 0.0 0.0 0 0 0.0 0.0 1 1 1.0 0.0 0.046511627907 0.0116279069767 0.03 0.0082713577878 0
uuf100-0218 100 4.3 0.5 0.281881826908 0.0 1.0 0.5 0.5 0.833333333333 0.0833333333333 0.504254839888 0.126190055396 0.924559786576 0.153464434196 0.429734090499 1.17513930279 0.21 0 0 0.0 0.0 0 0 0.0 0.0 1 1 1.0 0.0 0.0511627906977 0.0139534883721 0.03 0.00817268994921 0
uuf100-0220 100 4.3 0.468992248062 0.29191476481 0.0 1.0 0.53023255814 0.46976744186 0.75 0.166666666667 0.470765233391 0.137513559514 0.857272831056 0.158203505055 0.430304669191 1.06087960393 0.16039215691 0 0 0.0 0.0 0 0 0.0 0.0 1 1 1.0 0.0 0.0488372093023 0.0139534883721 0.03 0.00821229934093 0
uuf100-0221 100 4.3 0.510852713178 0.287124290424 0.0 1.0 0.490697674419 0.509302325581 1.0 0.1 0.500509312024 0.162620107113 0.915480180681 0.157178939729 0.435326903431 1.07197068814 0.163 0 0 0.0 0.0 0 0 0.0 0.0 1 1 1.0 0.0 0.0511627906977 0.0116279069767 0.03 0.00859836351039 0
uuf100-0222 100 4.3 0.504651162791 0.286390834968 0.0 1.0 0.497674418605 0.502325581395 0.857142857143 0.0769230769231 0.509183475537 0.136613746039 0.932943769509 0.151646660511 0.432914488312 1.16386023092 0.152 0 0 0.0 0.0 0 0 0.0 0.0 1 1 1.0 0.0 0.0488372093023 0.0093023255814 0.03 0.00842040325127 0
uuf100-0225 100 4.3 0.512403100775 0.283438034081 0.0 1.0 0.458139534884 0.541860465116 1.0 0.2 0.510737961986 0.125777374231 0.937355607628 0.155423185456 0.434067964666 0.955718595393 0.16692307668 0 0 0.0 0.0 0 0 0.0 0.0 1 1 1.0 0.0 0.0488372093023 0.00697674418605 0.03 0.00737249650425 0
uuf100-0224 100 4.3 0.504651162791 0.293520147995 0.0 1.0 0.497674418605 0.502325581395 0.9 0.1 0.500390442933 0.143711235126 0.915923754479 0.152603829454 0.432155219037 0.910329265228 0.17955882464 0 0 0.0 0.0 0 0 0.0 0.0 1 1 1.0 0.0 0.0558139534884 0.0116279069767 0.03 0.00887080517338 0
uuf100-0227 100 4.3 0.490697674419 0.289865475472 0.0 1.0 0.506976744186 0.493023255814 0.8 0.125 0.488315336323 0.138132136177 0.892021896834 0.151178189611 0.429867495944 1.17513930279 0.1399999986 0 0 0.0 0.0 0 0 0.0 0.0 2 1 1.00233100233 0.0482241512018 0.04662004662 0.00932400932401 0.03 0.00792989726135 0
uuf100-0229 100 4.3 0.491472868217 0.282668442226 0.0 1.0 0.509302325581 0.490697674419 0.888888888889 0.0 0.493271369712 0.151323290948 0.90625300611 0.15366975848 0.42731386335 1.00581641903 0.17647058957 0 0 0.0 0.0 0 0 0.0 0.0 1 1 1.0 0.0 0.0488372093023 0.0116279069767 0.03 0.0078830005845 0
uuf100-0223 100 4.3 0.494573643411 0.288176144146 0.0 1.0 0.5 0.5 0.785714285714 0.0833333333333 0.496169412502 0.1286880187 0.905592840639 0.164397255009 0.437298239289 0.949998437579 0.1657142868 0 0 0.0 0.0 0 0 0.0 0.0 1 1 1.0 0.0 0.0488372093023 0.00697674418605 0.03 0.00819251858317 0
uuf100-0228 100 4.3 0.475968992248 0.281774148696 0.0 1.0 0.541860465116 0.458139534884 0.857142857143 0.133333333333 0.474921984405 0.142287149278 0.865230632628 0.163433804892 0.438478456824 1.08347267777 0.1533333318 0 0 0.0 0.0 0 0 0.0 0.0 1 1 1.0 0.0 0.0488372093023 0.0093023255814 0.03 0.00768850011852 0
uuf100-0226 100 4.3 0.499224806202 0.281880760989 0.0 1.0 0.493023255814 0.506976744186 0.909090909091 0.2 0.500585730145 0.132458495559 0.917664491984 0.162491718728 0.425710594315 1.03516487284 0.1459440561 0 0 0.0 0.0 0 0 0.0 0.0 2 1 1.00233100233 0.0482241512018 0.0512820512821 0.011655011655 0.03 0.0076863365961 0
uuf100-0231 100 4.3 0.51007751938 0.289839560335 0.0 1.0 0.486046511628 0.513953488372 0.857142857143 0.235294117647 0.518102965714 0.133495373641 0.951545083433 0.149564011888 0.430697073493 1.03600187272 0.1651724139 0 0 0.0 0.0 0 0 0.0 0.0 2 1 1.00233100233 0.0482241512018 0.0536130536131 0.011655011655 0.03 0.00842814501396 0
uuf100-0230 100 4.3 0.516279069767 0.295738212071 0.0 1.0 0.497674418605 0.502325581395 0.9 0.217391304348 0.519585148952 0.128772129248 0.952605657624 0.147567269985 0.428181299201 0.975727181605 0.18409638604 0 0 0.0 0.0 0 0 0.0 0.0 2 1 1.00233100233 0.0482241512018 0.0536130536131 0.00932400932401 0.03 0.0091928715104 0
uuf100-0233 100 4.3 0.513953488372 0.279694606262 0.0 1.0 0.467441860465 0.532558139535 0.888888888889 0.166666666667 0.516740566967 0.126285618013 0.948240693259 0.150808036978 0.434601886906 0.940272140703 0.1922727256 0 0 0.0 0.0 0 0 0.0 0.0 1 1 1.0 0.0 0.0511627906977 0.0139534883721 0.03 0.00887080517338 0
uuf100-0232 100 4.3 0.494573643411 0.288176144146 0.0 1.0 0.5 0.5 0.833333333333 0.0 0.487959878787 0.140208734363 0.896550902185 0.161888625163 0.432502553933 1.06143961748 0.153333332 0 0 0.0 0.0 0 0 0.0 0.0 1 1 1.0 0.0 0.0488372093023 0.0093023255814 0.03 0.00793769682134 0
uuf100-022 100 4.3 0.495348837209 0.28729167447 0.0 1.0 0.476744186047 0.523255813953 0.818181818182 0.111111111111 0.492691626348 0.143104630695 0.900440917579 0.156190314347 0.438312901869 0.93720771647 0.19057692243 0 0 0.0 0.0 0 0 0.0 0.0 1 1 1.0 0.0 0.0581395348837 0.0093023255814 0.03 0.0085920712567 0
uuf100-0236 100 4.3 0.481395348837 0.283098610077 0.0 1.0 0.527906976744 0.472093023256 0.833333333333 0.222222222222 0.484945131064 0.141903257108 0.885135969509 0.161586774456 0.429432425936 1.17513930279 0.1399999986 0 0 0.0 0.0 0 0 0.0 0.0 1 1 1.0 0.0 0.0558139534884 0.0093023255814 0.03 0.00825827018817 0
uuf100-0234 100 4.3 0.499224806202 0.28552398652 0.0 1.0 0.497674418605 0.502325581395 0.833333333333 0.1 0.498925800893 0.123259401245 0.915268392942 0.16103199451 0.432440658614 0.896113453147 0.19040540508 0 0 0.0 0.0 0 0 0.0 0.0 2 1 1.0046728972 0.0681986893426 0.0490654205607 0.0140186915888 0.03 0.00753279144689 0
uuf100-0235 100 4.3 0.492248062016 0.29695589153 0.0 1.0 0.520930232558 0.479069767442 0.875 0.142857142857 0.494412176789 0.137831727123 0.90318852398 0.156134928027 0.431534763536 0.957682066876 0.18966666661 0 0 0.0 0.0 0 0 0.0 0.0 2 1 1.00702576112 0.0835248454339 0.0468384074941 0.00936768149883 0.03 0.0082911588849 0
uuf100-0239 100 4.3 0.485271317829 0.286951573365 0.0 1.0 0.516279069767 0.483720930233 0.8 0.166666666667 0.489514766322 0.134203722952 0.893870514805 0.156884252256 0.434596478577 1.10166872288 0.13833333295 0 0 0.0 0.0 0 0 0.0 0.0 2 1 1.00233100233 0.0482241512018 0.0536130536131 0.00932400932401 0.03 0.00841524126223 0
uuf100-0238 100 4.3 0.48992248062 0.299485768037 0.0 1.0 0.502325581395 0.497674418605 1.0 0.166666666667 0.49100815026 0.141597040418 0.898198858374 0.149820793951 0.431046511628 0.885905507929 0.18142857068 0 0 0.0 0.0 0 0 0.0 0.0 2 1 1.00233100233 0.0482241512018 0.048951048951 0.011655011655 0.03 0.00772863499543 0
uuf100-023 100 4.3 0.517054263566 0.281365449967 0.0 1.0 0.472093023256 0.527906976744 0.888888888889 0.111111111111 0.515379367107 0.141908022345 0.947662792617 0.1633304043 0.433584520161 1.10986696202 0.1455555541 0 0 0.0 0.0 0 0 0.0 0.0 1 1 1.0 0.0 0.0511627906977 0.0139534883721 0.03 0.00764617777803 0
uuf100-0237 100 4.3 0.505426356589 0.277207394683 0.0 1.0 0.476744186047 0.523255813953 0.75 0.125 0.502376468389 0.1275632497 0.9213496226 0.165601040286 0.433454419807 1.10535239433 0.17100000031 0 0 0.0 0.0 0 0 0.0 0.0 1 1 1.0 0.0 0.0511627906977 0.0139534883721 0.03 0.00771658605723 0
uuf100-0240 100 4.3 0.493023255814 0.300435355043 0.0 1.0 0.523255813953 0.476744186047 0.833333333333 0.166666666667 0.49774400041 0.1338991717 0.910330333968 0.160663369261 0.425016224986 0.871779788708 0.2 0 0 0.0 0.0 0 0 0.0 0.0 2 1 1.0046728972 0.0681986893426 0.0467289719626 0.0140186915888 0.03 0.00834422963636 0
uuf100-0241 100 4.3 0.500775193798 0.29879070411 0.0 1.0 0.462790697674 0.537209302326 0.888888888889 0.2 0.500127154943 0.142497689461 0.917865169372 0.16775915779 0.436447328886 1.0619131671 0.1566666651 0 0 0.0 0.0 0 0 0.0 0.0 1 1 1.0 0.0 0.053488372093 0.0162790697674 0.03 0.00737249650425 0
uuf100-0242 100 4.3 0.52480620155 0.297760202433 0.0 1.0 0.441860465116 0.558139534884 0.928571428571 0.111111111111 0.524181351237 0.139977051357 0.965321782753 0.14403623869 0.429858782525 0.939091684707 0.17345360796 0 0 0.0 0.0 0 0 0.0 0.0 1 1 1.0 0.0 0.053488372093 0.0116279069767 0.03 0.00746000694528 0
uuf100-0243 100 4.3 0.504651162791 0.289084932072 0.0 1.0 0.513953488372 0.486046511628 0.8 0.0833333333333 0.498451642991 0.138844111455 0.911861115458 0.158851778627 0.427878432786 0.955143790514 0.15755102037 0 0 0.0 0.0 0 0 0.0 0.0 1 1 1.0 0.0 0.0581395348837 0.0093023255814 0.03 0.00838822734738 0
uuf100-0247 100 4.3 0.482170542636 0.296521507663 0.0 1.0 0.527906976744 0.472093023256 0.8 0.166666666667 0.481879970692 0.145292578828 0.879932403768 0.159086118416 0.429979268073 0.933238087897 0.20833333308 0 0 0.0 0.0 0 0 0.0 0.0 2 1 1.0046728972 0.0681986893426 0.0514018691589 0.0140186915888 0.03 0.00833113488921 0
uuf100-0245 100 4.3 0.512403100775 0.287061496244 0.0 1.0 0.481395348837 0.518604651163 1.0 0.0833333333333 0.51825356227 0.167497794891 0.953217802794 0.15501409664 0.433029265068 1.0445802982 0.17583333388 0 0 0.0 0.0 0 0 0.0 0.0 1 1 1.0 0.0 0.046511627907 0.0116279069767 0.03 0.00764617777803 0
uuf100-0244 100 4.3 0.493023255814 0.297843943976 0.0 1.0 0.488372093023 0.511627906977 0.777777777778 0.166666666667 0.495017292514 0.139792882464 0.906633513205 0.155809377905 0.43498557779 1.08329728204 0.15115384611 0 0 0.0 0.0 0 0 0.0 0.0 1 1 1.0 0.0 0.053488372093 0.0139534883721 0.03 0.00779330050238 0
uuf100-0248 100 4.3 0.505426356589 0.298742431607 0.0 1.0 0.509302325581 0.490697674419 0.923076923077 0.0 0.501431441924 0.155407655647 0.921580211455 0.153886499942 0.434852472808 1.19418548456 0.165 0 0 0.0 0.0 0 0 0.0 0.0 2 1 1.00233100233 0.0482241512018 0.048951048951 0.011655011655 0.03 0.00784031516523 0
uuf100-0249 100 4.3 0.5 0.287329322442 0.0 1.0 0.504651162791 0.495348837209 0.833333333333 0.266666666667 0.498265925466 0.118708028368 0.911881550682 0.156443873457 0.430077819843 1.10554159679 0.1499999985 0 0 0.0 0.0 0 0 0.0 0.0 1 1 1.0 0.0 0.0488372093023 0.0093023255814 0.03 0.00795811099175 0
uuf100-0246 100 4.3 0.496899224806 0.290887793128 0.0 1.0 0.5 0.5 0.857142857143 0.1 0.495681229933 0.149776902415 0.905684508345 0.153938509034 0.429174028003 0.979409818362 0.1727777778 0 0 0.0 0.0 0 0 0.0 0.0 1 1 1.0 0.0 0.046511627907 0.0093023255814 0.03 0.00838822734738 0
uuf100-024 100 4.3 0.473643410853 0.298493905905 0.0 1.0 0.546511627907 0.453488372093 0.733333333333 0.0833333333333 0.472651949057 0.141086903198 0.863360506753 0.147859894518 0.42787332492 1.06433664787 0.16 0 0 0.0 0.0 0 0 0.0 0.0 1 1 1.0 0.0 0.0488372093023 0.0116279069767 0.03 0.00654889666992 0
uuf100-0250 100 4.3 0.503875968992 0.279091299772 0.0 1.0 0.509302325581 0.490697674419 0.833333333333 0.214285714286 0.501838107524 0.134962690663 0.917833934117 0.15356091206 0.431875788715 0.941592285359 0.16795698884 0 0 0.0 0.0 0 0 0.0 0.0 1 1 1.0 0.0 0.0581395348837 0.0093023255814 0.03 0.00869220074001 0
uuf100-0251 100 4.3 0.518604651163 0.292083518336 0.0 1.0 0.509302325581 0.490697674419 0.888888888889 0.2 0.525686715324 0.13859051562 0.964007379789 0.160368206355 0.432159125053 1.07965882933 0.14358208997 0 0 0.0 0.0 0 0 0.0 0.0 1 1 1.0 0.0 0.053488372093 0.0093023255814 0.03 0.00877271447156 0
uuf100-0252 100 4.3 0.495348837209 0.255894983643 0.0 1.0 0.511627906977 0.488372093023 0.857142857143 0.214285714286 0.499443773676 0.123356663425 0.914864018421 0.159746251442 0.433583919236 0.948335683595 0.180375 0 0 0.0 0.0 0 0 0.0 0.0 2 1 1.00233100233 0.0482241512018 0.048951048951 0.013986013986 0.03 0.00810609202677 0
uuf100-0253 100 4.3 0.496899224806 0.288210549067 0.0 1.0 0.506976744186 0.493023255814 0.9 0.153846153846 0.49275601716 0.138818616598 0.90313600207 0.165428439842 0.434334174629 1.02989065811 0.181875 0 0 0.0 0.0 0 0 0.0 0.0 2 1 1.00233100233 0.0482241512018 0.04662004662 0.016317016317 0.03 0.00705223557867 0
uuf100-0254 100 4.3 0.496124031008 0.293531407959 0.0 1.0 0.532558139535 0.467441860465 0.833333333333 0.0714285714286 0.505313953547 0.157082006058 0.925280241903 0.152089891129 0.427369749414 1.3048765086 0.1233333321 0 0 0.0 0.0 0 0 0.0 0.0 1 1 1.0 0.0 0.0558139534884 0.00697674418605 0.03 0.00852889340507 0
uuf100-0257 100 4.3 0.509302325581 0.285373465029 0.0 1.0 0.495348837209 0.504651162791 0.8 0.222222222222 0.504269644657 0.138483238965 0.922784703429 0.160518886989 0.433743464936 0.947541683319 0.18685185182 0 0 0.0 0.0 0 0 0.0 0.0 2 1 1.00233100233 0.0482241512018 0.0559440559441 0.00932400932401 0.03 0.00841524126223 0
uuf100-0255 100 4.3 0.487596899225 0.294174556261 0.0 1.0 0.523255813953 0.476744186047 1.0 0.166666666667 0.486831171623 0.140378172652 0.885846524906 0.14941097847 0.43293642209 1.03419764848 0.17776536383 0 0 0.0 0.0 0 0 0.0 0.0 1 1 1.0 0.0 0.0488372093023 0.00697674418605 0.03 0.00872325550396 0
uuf100-0256 100 4.3 0.484496124031 0.287809946372 0.0 1.0 0.506976744186 0.493023255814 0.9 0.153846153846 0.484171418451 0.137094504714 0.884074905487 0.155315270751 0.43222973379 0.974365293532 0.18916666646 0 0 0.0 0.0 0 0 0.0 0.0 1 1 1.0 0.0 0.0511627906977 0.0093023255814 0.03 0.00768850011852 0
uuf100-0258 100 4.3 0.513178294574 0.298500951992 0.0 1.0 0.490697674419 0.509302325581 0.8 0.125 0.509601550539 0.138201747592 0.934657762688 0.155808471589 0.433907217114 1.44089273542 0.16 0 0 0.0 0.0 0 0 0.0 0.0 1 1 1.0 0.0 0.0488372093023 0.0116279069767 0.03 0.0080728162594 0
uuf100-0259 100 4.3 0.509302325581 0.298646869274 0.0 1.0 0.493023255814 0.506976744186 0.777777777778 0.166666666667 0.508942594471 0.140768370987 0.934214483229 0.160496900921 0.437062976985 0.951694645009 0.19214285801 0 0 0.0 0.0 0 0 0.0 0.0 1 1 1.0 0.0 0.0488372093023 0.0139534883721 0.03 0.0082713577878 0
uuf100-025 100 4.3 0.513953488372 0.282452580744 0.0 1.0 0.46976744186 0.53023255814 0.846153846154 0.181818181818 0.518126632483 0.146486054543 0.951889045294 0.154340590493 0.436717745328 1.13835758361 0.1625 0 0 0.0 0.0 0 0 0.0 0.0 2 1 1.00233100233 0.0482241512018 0.048951048951 0.00932400932401 0.03 0.00774969762021 0
uuf100-0260 100 4.3 0.497674418605 0.288217846553 0.0 1.0 0.486046511628 0.513953488372 0.833333333333 0.142857142857 0.495113826447 0.147455986484 0.904437136049 0.149589631138 0.434621717445 1.00503290784 0.192 0 0 0.0 0.0 0 0 0.0 0.0 2 1 1.00233100233 0.0482241512018 0.048951048951 0.011655011655 0.03 0.00870719079953 0
uuf100-0262 100 4.3 0.491472868217 0.288996573145 0.0 1.0 0.516279069767 0.483720930233 1.0 0.166666666667 0.496891883443 0.146408689555 0.909796890201 0.15633556585 0.426454239529 1.39949272297 0.1625 0 0 0.0 0.0 0 0 0.0 0.0 1 1 1.0 0.0 0.0604651162791 0.0093023255814 0.03 0.00796490408816 0
uuf100-0265 100 4.3 0.503875968992 0.289988799777 0.0 1.0 0.490697674419 0.509302325581 0.818181818182 0.166666666667 0.50164819782 0.140587923358 0.919103485223 0.156883770483 0.432127576468 1.04083299973 0.1599999984 0 0 0.0 0.0 0 0 0.0 0.0 1 1 1.0 0.0 0.0488372093023 0.0116279069767 0.03 0.00791039597753 0
uuf100-0263 100 4.3 0.499224806202 0.302230157869 0.0 1.0 0.490697674419 0.509302325581 0.8 0.0909090909091 0.501731627369 0.141495177828 0.918565085242 0.164571750611 0.439503635599 0.931185793742 0.19529411958 0 0 0.0 0.0 0 0 0.0 0.0 2 1 1.00233100233 0.0482241512018 0.0536130536131 0.011655011655 0.03 0.00868219360934 0
uuf100-0264 100 4.3 0.502325581395 0.291781957177 0.0 1.0 0.495348837209 0.504651162791 0.857142857143 0.166666666667 0.493355965199 0.153038732755 0.90162005272 0.150549780684 0.432976984556 1.09607886983 0.15 0 0 0.0 0.0 0 0 0.0 0.0 1 1 1.0 0.0 0.0511627906977 0.0116279069767 0.03 0.00839467239432 0
uuf100-0261 100 4.3 0.501550387597 0.298787687307 0.0 1.0 0.506976744186 0.493023255814 0.8 0.133333333333 0.497534508474 0.135729109077 0.908130335648 0.153652161649 0.428281052821 1.09925373652 0.14770833343 0 0 0.0 0.0 0 0 0.0 0.0 2 1 1.00233100233 0.0482241512018 0.0536130536131 0.00932400932401 0.03 0.00916327067264 0
uuf100-0267 100 4.3 0.531007751938 0.296307626028 0.0 1.0 0.462790697674 0.537209302326 0.846153846154 0.1 0.531017220224 0.138677981637 0.97648379931 0.166935883173 0.432263986539 1.14832092858 0.1466666652 0 0 0.0 0.0 0 0 0.0 0.0 2 1 1.00233100233 0.0482241512018 0.0512820512821 0.00699300699301 0.03 0.00807923524828 0
uuf100-026 100 4.3 0.513178294574 0.294140848935 0.0 1.0 0.483720930233 0.516279069767 0.846153846154 0.0769230769231 0.517294653965 0.146462201554 0.949393101116 0.162064096645 0.431859864191 1.00317713022 0.15924050675 0 0 0.0 0.0 0 0 0.0 0.0 1 1 1.0 0.0 0.053488372093 0.0116279069767 0.03 0.00885249595845 0
uuf100-0266 100 4.3 0.490697674419 0.288972659615 0.0 1.0 0.527906976744 0.472093023256 0.714285714286 0.0909090909091 0.489120980928 0.121991886204 0.89505716016 0.15809854645 0.427234841656 1.23113269615 0.133 0 0 0.0 0.0 0 0 0.0 0.0 1 1 1.0 0.0 0.0511627906977 0.0162790697674 0.03 0.00769553121292 0
uuf100-0268 100 4.3 0.511627906977 0.297698642425 0.0 1.0 0.483720930233 0.516279069767 0.9 0.111111111111 0.507502262486 0.146914662614 0.931975728219 0.155810320819 0.435267111351 1.16373479227 0.13086956503 0 0 0.0 0.0 0 0 0.0 0.0 1 1 1.0 0.0 0.046511627907 0.0139534883721 0.03 0.00736515703354 0
uuf100-0271 100 4.3 0.496899224806 0.286411816904 0.0 1.0 0.488372093023 0.511627906977 0.888888888889 0.222222222222 0.499679700417 0.135346052574 0.914002991762 0.15339562556 0.431330749354 1.05276390825 0.15434782681 0 0 0.0 0.0 0 0 0.0 0.0 1 1 1.0 0.0 0.0488372093023 0.00697674418605 0.03 0.0084652440573 0
uuf100-0270 100 4.3 0.522480620155 0.300535347509 0.0 1.0 0.455813953488 0.544186046512 0.9 0.125 0.523608826336 0.149901838988 0.963004566109 0.145925395639 0.430576587945 1.17477888248 0.1651136368 0 0 0.0 0.0 0 0 0.0 0.0 2 1 1.00233100233 0.0482241512018 0.0536130536131 0.011655011655 0.03 0.00824565510622 0
uuf100-0269 100 4.3 0.521705426357 0.283789757399 0.0 1.0 0.46976744186 0.53023255814 1.0 0.166666666667 0.527326656138 0.135159579259 0.969677691636 0.140020731658 0.427546721952 0.934755186336 0.1733333316 0 0 0.0 0.0 0 0 0.0 0.0 2 1 1.00233100233 0.0482241512018 0.0559440559441 0.011655011655 0.03 0.00873833672996 0
uuf100-0272 100 4.3 0.505426356589 0.279989869931 0.0 1.0 0.483720930233 0.516279069767 0.769230769231 0.142857142857 0.500514972987 0.12530698063 0.916509322635 0.158391711442 0.436560603329 0.936316961125 0.20083333311 0 0 0.0 0.0 0 0 0.0 0.0 1 1 1.0 0.0 0.0511627906977 0.0139534883721 0.03 0.00857947290498 0
uuf100-0276 100 4.3 0.47984496124 0.291980631449 0.0 1.0 0.527906976744 0.472093023256 0.8125 0.111111111111 0.476461188966 0.146210939478 0.866828075219 0.154088519097 0.433979628628 1.15327176409 0.16621621693 0 0 0.0 0.0 0 0 0.0 0.0 1 1 1.0 0.0 0.0558139534884 0.0116279069767 0.03 0.00896782301612 0
uuf100-0277 100 4.3 0.474418604651 0.281637626071 0.0 1.0 0.532558139535 0.467441860465 0.909090909091 0.166666666667 0.478525287449 0.130049172427 0.87276512779 0.15012887593 0.436261042005 1.26461213277 0.1533333336 0 0 0.0 0.0 0 0 0.0 0.0 2 1 1.00233100233 0.0482241512018 0.0536130536131 0.00932400932401 0.03 0.00835042341011 0
uuf100-0279 100 4.3 0.473643410853 0.287918497972 0.0 1.0 0.532558139535 0.467441860465 0.785714285714 0.2 0.474470672302 0.123379200318 0.864679802224 0.160456348721 0.435801334054 1.10770887069 0.18144230746 0 0 0.0 0.0 0 0 0.0 0.0 1 1 1.0 0.0 0.0511627906977 0.0116279069767 0.03 0.00814617669216 0
uuf100-0274 100 4.3 0.500775193798 0.29879070411 0.0 1.0 0.523255813953 0.476744186047 0.785714285714 0.222222222222 0.503355609818 0.132397877425 0.923049793258 0.159082924291 0.430919716363 1.02920141467 0.17170731708 0 0 0.0 0.0 0 0 0.0 0.0 1 1 1.0 0.0 0.0511627906977 0.0116279069767 0.03 0.00770255588915 0
uuf100-0278 100 4.3 0.496899224806 0.282780030059 0.0 1.0 0.520930232558 0.479069767442 0.777777777778 0.166666666667 0.494976223988 0.135483081587 0.906997624349 0.151740443251 0.432698155159 1.04521792893 0.159 0 0 0.0 0.0 0 0 0.0 0.0 1 1 1.0 0.0 0.053488372093 0.0139534883721 0.03 0.00753215569335 0
uuf100-0275 100 4.3 0.487596899225 0.283438034081 0.0 1.0 0.518604651163 0.481395348837 0.75 0.166666666667 0.48613773734 0.121345402564 0.888626782024 0.147979481557 0.433795144523 0.885347194136 0.196830986478 0 0 0.0 0.0 0 0 0.0 0.0 1 1 1.0 0.0 0.0581395348837 0.0139534883721 0.03 0.00778635769432 0
uuf100-0273 100 4.3 0.509302325581 0.296911368586 0.0 1.0 0.46976744186 0.53023255814 0.882352941176 0.166666666667 0.50389720174 0.139993014149 0.92372418878 0.154981463579 0.435422450574 1.11980723876 0.16153846134 0 0 0.0 0.0 0 0 0.0 0.0 2 1 1.00233100233 0.0482241512018 0.048951048951 0.011655011655 0.03 0.00777070315459 0
uuf100-027 100 4.3 0.518604651163 0.290308783802 0.0 1.0 0.486046511628 0.513953488372 0.888888888889 0.222222222222 0.519476855446 0.134911605588 0.954810575862 0.164002073216 0.435137010997 1.00774132914 0.17549019764 0 0 0.0 0.0 0 0 0.0 0.0 1 1 1.0 0.0 0.0604651162791 0.0116279069767 0.03 0.0083235024038 0
uuf100-0281 100 4.3 0.48992248062 0.271424120929 0.0 1.0 0.509302325581 0.490697674419 0.8 0.166666666667 0.497019186875 0.133593532148 0.908329200929 0.151086439161 0.438166576528 1.00098982898 0.16368983927 0 0 0.0 0.0 0 0 0.0 0.0 2 1 1.00233100233 0.0482241512018 0.0536130536131 0.013986013986 0.03 0.00905590655583 0
uuf100-0280 100 4.3 0.497674418605 0.286419160219 0.0 1.0 0.523255813953 0.476744186047 0.894736842105 0.142857142857 0.493222463166 0.137286011281 0.898433306889 0.156317337027 0.434166215973 1.04116997713 0.16453271081 0 0 0.0 0.0 0 0 0.0 0.0 2 1 1.0046728972 0.0681986893426 0.0514018691589 0.00934579439252 0.03 0.00934415873537 0
uuf100-0285 100 4.3 0.503100775194 0.285508201278 0.0 1.0 0.476744186047 0.523255813953 0.888888888889 0.166666666667 0.49948090695 0.133084919573 0.913433318745 0.157387033977 0.430078120305 1.15133895763 0.1433333319 0 0 0.0 0.0 0 0 0.0 0.0 1 1 1.0 0.0 0.0488372093023 0.00697674418605 0.03 0.0081594440897 0
uuf100-0282 100 4.3 0.499224806202 0.28912130731 0.0 1.0 0.502325581395 0.497674418605 0.75 0.230769230769 0.502257220592 0.131112843917 0.922426180802 0.149592079544 0.43084399976 1.02380935925 0.17083333343 0 0 0.0 0.0 0 0 0.0 0.0 1 1 1.0 0.0 0.046511627907 0.0162790697674 0.03 0.00698061907898 0
uuf100-0286 100 4.3 0.5 0.271611137141 0.0 1.0 0.46976744186 0.53023255814 0.857142857143 0.1 0.500955342636 0.137245289397 0.917921698709 0.155254522672 0.435859022895 0.982857670819 0.16750000068 0 0 0.0 0.0 0 0 0.0 0.0 2 1 1.00233100233 0.0482241512018 0.0582750582751 0.013986013986 0.03 0.0078333818018 0
uuf100-0284 100 4.3 0.494573643411 0.289071420103 0.0 1.0 0.479069767442 0.520930232558 0.888888888889 0.1 0.494472957813 0.146534825432 0.904238666648 0.154875549901 0.42543086353 1.03077952247 0.17400000027 0 0 0.0 0.0 0 0 0.0 0.0 2 1 1.00233100233 0.0482241512018 0.048951048951 0.011655011655 0.03 0.00835042341011 0
uuf100-0283 100 4.3 0.516279069767 0.297480557029 0.0 1.0 0.474418604651 0.525581395349 0.818181818182 0.1 0.50695321994 0.138951457561 0.927631361629 0.165940800259 0.441313322517 1.12632033654 0.142 0 0 0.0 0.0 0 0 0.0 0.0 1 1 1.0 0.0 0.0558139534884 0.0093023255814 0.03 0.0089012368414 0
uuf100-0287 100 4.3 0.484496124031 0.289599994754 0.0 1.0 0.520930232558 0.479069767442 0.8125 0.125 0.491277586492 0.143340118524 0.898536666378 0.156938306957 0.424112433147 1.02455009258 0.17952380964 0 0 0.0 0.0 0 0 0.0 0.0 1 1 1.0 0.0 0.0558139534884 0.0116279069767 0.03 0.00821888234748 0
uuf100-0289 100 4.3 0.519379844961 0.28577222622 0.0 1.0 0.462790697674 0.537209302326 0.833333333333 0.0 0.514103058663 0.139468318241 0.951293085956 0.153242412649 0.434698034974 0.916142779203 0.19722222212 0 0 0.0 0.0 0 0 0.0 0.0 1 1 1.0 0.0 0.0511627906977 0.0046511627907 0.03 0.00823859980647 0
uuf100-0288 100 4.3 0.492248062016 0.28901840551 0.0 1.0 0.504651162791 0.495348837209 0.8 0.25 0.492675876406 0.119757197252 0.901785175569 0.162712284167 0.434783666847 0.947671718535 0.18107142861 0 0 0.0 0.0 0 0 0.0 0.0 2 1 1.00233100233 0.0482241512018 0.0536130536131 0.011655011655 0.03 0.00782644229618 0
uuf100-0293 100 4.3 0.517829457364 0.283148488469 0.0 1.0 0.493023255814 0.506976744186 0.909090909091 0.125 0.512374553852 0.160621202882 0.937380221516 0.158197587908 0.432989904453 1.36340621968 0.1035 0 0 0.0 0.0 0 0 0.0 0.0 2 1 1.00233100233 0.0482241512018 0.0512820512821 0.011655011655 0.03 0.00937431070343 0
uuf100-0294 100 4.3 0.52015503876 0.292864277451 0.0 1.0 0.46511627907 0.53488372093 1.0 0.166666666667 0.518712817154 0.152156166005 0.952730759351 0.153170320233 0.435094345292 1.0907708394 0.18266666701 0 0 0.0 0.0 0 0 0.0 0.0 1 1 1.0 0.0 0.046511627907 0.0116279069767 0.03 0.00816606970515 0
uuf100-0292 100 4.3 0.491472868217 0.295189075592 0.0 1.0 0.509302325581 0.490697674419 0.909090909091 0.0909090909091 0.488580137979 0.135706244373 0.89228154862 0.14679392941 0.426833723935 1.19429532034 0.14891304382 0 0 0.0 0.0 0 0 0.0 0.0 1 1 1.0 0.0 0.053488372093 0.0116279069767 0.03 0.00838177734462 0
uuf100-028 100 4.3 0.491472868217 0.294312409666 0.0 1.0 0.497674418605 0.502325581395 0.833333333333 0.181818181818 0.492682145598 0.127091990642 0.898573321372 0.150302329356 0.432759750015 1.01439095414 0.156538461796 0 0 0.0 0.0 0 0 0.0 0.0 2 1 1.00702576112 0.0835248454339 0.0632318501171 0.0117096018735 0.03 0.00958011471898 0
uuf100-0290 100 4.3 0.548837209302 0.294773494018 0.0 1.0 0.43023255814 0.56976744186 0.9 0.272727272727 0.547849867754 0.134475790874 1.01084764582 0.147239859656 0.430714800793 1.44089273542 0.16 0 0 0.0 0.0 0 0 0.0 0.0 2 1 1.00233100233 0.0482241512018 0.048951048951 0.011655011655 0.03 0.00835042341011 0
uuf100-0291 100 4.3 0.529457364341 0.281258642343 0.0 1.0 0.460465116279 0.539534883721 0.923076923077 0.166666666667 0.531583039595 0.144162856838 0.976000905957 0.155023118622 0.433248001923 0.923011514623 0.17636363626 0 0 0.0 0.0 0 0 0.0 0.0 1 1 1.0 0.0 0.0511627906977 0.0093023255814 0.03 0.00922350326281 0
uuf100-0295 100 4.3 0.494573643411 0.304736954605 0.0 1.0 0.516279069767 0.483720930233 0.8 0.222222222222 0.498683498089 0.131356213148 0.913074310536 0.146749158117 0.42721531158 1.1986197522 0.14388888774 0 0 0.0 0.0 0 0 0.0 0.0 1 1 1.0 0.0 0.0511627906977 0.0116279069767 0.03 0.00803924931044 0
uuf100-0296 100 4.3 0.492248062016 0.2916882348 0.0 1.0 0.502325581395 0.497674418605 0.818181818182 0.153846153846 0.491683432838 0.137631800515 0.89865597841 0.150435801301 0.432175049576 1.19309236346 0.14 0 0 0.0 0.0 0 0 0.0 0.0 1 1 1.0 0.0 0.0627906976744 0.0116279069767 0.03 0.00847163051167 0
uuf100-0297 100 4.3 0.506976744186 0.300435355043 0.0 1.0 0.486046511628 0.513953488372 0.833333333333 0.222222222222 0.507760873114 0.140110099858 0.932079852337 0.158614459157 0.43819782465 1.19324042601 0.12666666657 0 0 0.0 0.0 0 0 0.0 0.0 1 1 1.0 0.0 0.0511627906977 0.0116279069767 0.03 0.00780023713081 0
uuf100-029 100 4.3 0.495348837209 0.284580601276 0.0 1.0 0.493023255814 0.506976744186 0.777777777778 0.166666666667 0.493890886519 0.140948618578 0.902727961151 0.165631733703 0.435747851692 1.17513930279 0.1399999986 0 0 0.0 0.0 0 0 0.0 0.0 2 1 1.00233100233 0.0482241512018 0.0629370629371 0.013986013986 0.03 0.00898361766216 0
uuf100-02 100 4.3 0.502325581395 0.289112993373 0.0 1.0 0.488372093023 0.511627906977 1.0 0.222222222222 0.506257367117 0.13686969293 0.928923240975 0.149843443107 0.430646595757 1.05330779147 0.17566176567 0 0 0.0 0.0 0 0 0.0 0.0 1 1 1.0 0.0 0.0511627906977 0.0139534883721 0.03 0.00759650370747 0
uuf100-0298 100 4.3 0.513178294574 0.281573608304 0.0 1.0 0.46976744186 0.53023255814 0.818181818182 0.153846153846 0.515244969513 0.136159639013 0.946499151047 0.149128806901 0.430671834625 0.960768922831 0.1733333316 0 0 0.0 0.0 0 0 0.0 0.0 2 1 1.00233100233 0.0482241512018 0.0512820512821 0.016317016317 0.03 0.00826540031957 0
uuf100-0300 100 4.3 0.501550387597 0.27160671221 0.0 1.0 0.516279069767 0.483720930233 0.888888888889 0.111111111111 0.502753464372 0.150930116763 0.919477043038 0.164166197675 0.437135388498 1.05765839505 0.1777272729 0 0 0.0 0.0 0 0 0.0 0.0 2 1 1.00233100233 0.0482241512018 0.0512820512821 0.011655011655 0.03 0.00891683803201 0
uuf100-0299 100 4.3 0.484496124031 0.28691073414 0.0 1.0 0.504651162791 0.495348837209 1.0 0.111111111111 0.486510810311 0.140888540419 0.888204720031 0.161929010848 0.428780121387 0.988487322156 0.162045454 0 0 0.0 0.0 0 0 0.0 0.0 1 1 1.0 0.0 0.0558139534884 0.0116279069767 0.03 0.00825827018817 0
uuf100-0302 100 4.3 0.481395348837 0.295601023588 0.0 1.0 0.532558139535 0.467441860465 0.833333333333 0.181818181818 0.49273422179 0.141458278336 0.901265274414 0.155271360326 0.428547262785 1.0991418811 0.196875 0 0 0.0 0.0 0 0 0.0 0.0 1 1 1.0 0.0 0.0558139534884 0.0116279069767 0.03 0.00796490408816 0
uuf100-0307 100 4.3 0.489147286822 0.282588709653 0.0 1.0 0.502325581395 0.497674418605 0.833333333333 0.272727272727 0.493776110378 0.123810992534 0.902953820934 0.154356936052 0.429691424794 0.984587247612 0.17749999981 0 0 0.0 0.0 0 0 0.0 0.0 2 1 1.00233100233 0.0482241512018 0.0536130536131 0.011655011655 0.03 0.00809938618101 0
uuf100-0306 100 4.3 0.496124031008 0.291765480699 0.0 1.0 0.495348837209 0.504651162791 0.8 0.166666666667 0.493423313958 0.13899156268 0.901230009069 0.15639311466 0.438224565831 1.09197391318 0.18333333303 0 0 0.0 0.0 0 0 0.0 0.0 1 1 1.0 0.0 0.0488372093023 0.00697674418605 0.03 0.0082254600855 0
uuf100-0301 100 4.3 0.483720930233 0.288663685201 0.0 1.0 0.516279069767 0.483720930233 0.916666666667 0.0 0.483365812894 0.149651427798 0.885443136112 0.161379417415 0.429496124031 1.06353997225 0.15405405406 0 0 0.0 0.0 0 0 0.0 0.0 1 1 1.0 0.0 0.046511627907 0.0116279069767 0.03 0.00793088042092 0
uuf100-0304 100 4.3 0.462790697674 0.282175866719 0.0 1.0 0.548837209302 0.451162790698 0.777777777778 0.0 0.458330686336 0.155008466778 0.835281445768 0.151488884161 0.435257797007 1.0406484045 0.14099999987 0 0 0.0 0.0 0 0 0.0 0.0 2 1 1.00233100233 0.0482241512018 0.0536130536131 0.011655011655 0.03 0.00772863499543 0
uuf100-0305 100 4.3 0.491472868217 0.300395348737 0.0 1.0 0.504651162791 0.495348837209 0.833333333333 0.1 0.485916396512 0.15054024793 0.885705209007 0.154685028816 0.430917012199 1.03485900753 0.15107142927 0 0 0.0 0.0 0 0 0.0 0.0 2 1 1.00233100233 0.0482241512018 0.0559440559441 0.00932400932401 0.03 0.00835042341011 0
uuf100-0308 100 4.3 0.505426356589 0.297876223584 0.0 1.0 0.483720930233 0.516279069767 0.833333333333 0.2 0.500029690703 0.130901027265 0.91496204734 0.16287140962 0.433874466679 1.10779383386 0.158 0 0 0.0 0.0 0 0 0.0 0.0 1 1 1.0 0.0 0.0604651162791 0.0139534883721 0.03 0.00901594045348 0
uuf100-0303 100 4.3 0.489147286822 0.298594548518 0.0 1.0 0.53023255814 0.46976744186 0.75 0.142857142857 0.482350979945 0.123974368272 0.880706171623 0.159161387567 0.434187248362 0.957824495598 0.16928571574 0 0 0.0 0.0 0 0 0.0 0.0 2 1 1.0046728972 0.0681986893426 0.0560747663551 0.0116822429907 0.03 0.00838339115576 0
uuf100-0309 100 4.3 0.488372093023 0.286192479721 0.0 1.0 0.509302325581 0.490697674419 0.777777777778 0.142857142857 0.483540110388 0.133276675679 0.882690556992 0.161386473174 0.43822216213 1.30407717715 0.18 0 0 0.0 0.0 0 0 0.0 0.0 1 1 1.0 0.0 0.0488372093023 0.0116279069767 0.03 0.00843964991238 0
uuf100-0310 100 4.3 0.501550387597 0.28822305893 0.0 1.0 0.516279069767 0.483720930233 0.857142857143 0.176470588235 0.498420248396 0.132119354628 0.911781289101 0.164084505935 0.432582777477 1.137946341 0.16 0 0 0.0 0.0 0 0 0.0 0.0 2 1 1.00233100233 0.0482241512018 0.048951048951 0.00932400932401 0.03 0.00848596908505 0
uuf100-030 100 4.3 0.485271317829 0.284237256283 0.0 1.0 0.523255813953 0.476744186047 0.888888888889 0.181818181818 0.486534390446 0.142086538974 0.888773145155 0.159795121173 0.431016465357 1.08867980843 0.155 0 0 0.0 0.0 0 0 0.0 0.0 2 1 1.0046728972 0.0681986893426 0.0490654205607 0.0140186915888 0.03 0.00824551214957 0
uuf100-0311 100 4.3 0.493798449612 0.296120987037 0.0 1.0 0.518604651163 0.481395348837 0.857142857143 0.166666666667 0.501744978812 0.135072383459 0.91830028491 0.1426239338 0.430783005829 0.970851582553 0.1684 0 0 0.0 0.0 0 0 0.0 0.0 1 1 1.0 0.0 0.053488372093 0.0116279069767 0.03 0.00871705340186 0
uuf100-0312 100 4.3 0.499224806202 0.290013665551 0.0 1.0 0.5 0.5 0.833333333333 0.166666666667 0.501400200586 0.156757228114 0.916849049218 0.147140946562 0.42566131843 1.11587231958 0.1360884351 0 0 0.0 0.0 0 0 0.0 0.0 2 1 1.00233100233 0.0482241512018 0.0582750582751 0.011655011655 0.03 0.00936851267422 0
uuf100-0313 100 4.3 0.5 0.267778689138 0.0 1.0 0.506976744186 0.493023255814 0.777777777778 0.230769230769 0.50307885819 0.13099651011 0.922260742053 0.151124501821 0.433037678024 0.998154264469 0.1643859645 0 0 0.0 0.0 0 0 0.0 0.0 1 1 1.0 0.0 0.0511627906977 0.0139534883721 0.03 0.0076107293823 0
uuf100-0314 100 4.3 0.494573643411 0.290853704896 0.0 1.0 0.520930232558 0.479069767442 0.8 0.111111111111 0.493133378308 0.146358067309 0.902624918808 0.147761039866 0.427948440599 1.03257382599 0.18025 0 0 0.0 0.0 0 0 0.0 0.0 1 1 1.0 0.0 0.0558139534884 0.0116279069767 0.03 0.00799878303345 0
uuf100-0315 100 4.3 0.455813953488 0.297250182192 0.0 1.0 0.56511627907 0.43488372093 0.857142857143 0.166666666667 0.4529954965 0.132336779317 0.819797824814 0.162818556778 0.431627005589 1.04357068223 0.1788888882 0 0 0.0 0.0 0 0 0.0 0.0 2 1 1.00233100233 0.0482241512018 0.0559440559441 0.00932400932401 0.03 0.00919878024763 0
uuf100-0316 100 4.3 0.510852713178 0.288918586946 0.0 1.0 0.481395348837 0.518604651163 0.833333333333 0.2 0.510314951431 0.122628720564 0.937162555496 0.160252551219 0.433712817739 1.04835571345 0.17378378341 0 0 0.0 0.0 0 0 0.0 0.0 1 1 1.0 0.0 0.0511627906977 0.0116279069767 0.03 0.00775155037791 0
uuf100-0318 100 4.3 0.480620155039 0.288472100688 0.0 1.0 0.525581395349 0.474418604651 0.888888888889 0.222222222222 0.484957130374 0.139752713831 0.887063897704 0.159852211838 0.424658974821 1.03070447506 0.16145833382 0 0 0.0 0.0 0 0 0.0 0.0 2 1 1.00233100233 0.0482241512018 0.04662004662 0.011655011655 0.03 0.00723478687684 0
uuf100-0317 100 4.3 0.48992248062 0.297755157009 0.0 1.0 0.516279069767 0.483720930233 0.888888888889 0.1 0.491961580001 0.134839985141 0.90081203566 0.156482757282 0.430121987861 1.03236603661 0.162121211791 0 0 0.0 0.0 0 0 0.0 0.0 1 1 1.0 0.0 0.0488372093023 0.0162790697674 0.03 0.00782792217661 0
uuf100-031 100 4.3 0.51007751938 0.282617415971 0.0 1.0 0.518604651163 0.481395348837 1.0 0.166666666667 0.508244477659 0.140610248736 0.932965659813 0.158784454095 0.433774112133 1.06015919787 0.16125000011 0 0 0.0 0.0 0 0 0.0 0.0 2 1 1.00702576112 0.0835248454339 0.0515222482436 0.0117096018735 0.03 0.00760092978337 0
uuf100-0319 100 4.3 0.480620155039 0.292033108291 0.0 1.0 0.53023255814 0.46976744186 1.0 0.2 0.490504678838 0.155959656802 0.89568449602 0.147496424553 0.430096448531 1.0941992732 0.1677777761 0 0 0.0 0.0 0 0 0.0 0.0 2 1 1.0046728972 0.0681986893426 0.053738317757 0.0116822429907 0.03 0.00886447489641 0
uuf100-0320 100 4.3 0.508527131783 0.289889315352 0.0 1.0 0.481395348837 0.518604651163 0.933333333333 0.142857142857 0.508162700274 0.162047983742 0.929534182063 0.154701401935 0.431011958416 1.28894125495 0.153 0 0 0.0 0.0 0 0 0.0 0.0 2 1 1.00233100233 0.0482241512018 0.0629370629371 0.00932400932401 0.03 0.009529524121 0
uuf100-0322 100 4.3 0.495348837209 0.278152022396 0.0 1.0 0.495348837209 0.504651162791 1.0 0.166666666667 0.497858533494 0.158993810318 0.912246518574 0.15686475014 0.433649420107 1.14067117437 0.142 0 0 0.0 0.0 0 0 0.0 0.0 1 1 1.0 0.0 0.0558139534884 0.0116279069767 0.03 0.00765324775437 0
uuf100-0321 100 4.3 0.512403100775 0.294174556261 0.0 1.0 0.467441860465 0.532558139535 0.833333333333 0.125 0.514878943978 0.134035024685 0.942232148531 0.152239979437 0.431701219879 1.25845346681 0.1290625 0 0 0.0 0.0 0 0 0.0 0.0 1 1 1.0 0.0 0.0604651162791 0.0093023255814 0.03 0.00960270828933 0
uuf100-0323 100 4.3 0.495348837209 0.294399173139 0.0 1.0 0.509302325581 0.490697674419 0.777777777778 0.153846153846 0.490498599397 0.129357666843 0.896397016726 0.154313965565 0.43001111712 1.08906390084 0.1683333336 0 0 0.0 0.0 0 0 0.0 0.0 1 1 1.0 0.0 0.0558139534884 0.0116279069767 0.03 0.00840111249683 0
uuf100-0325 100 4.3 0.492248062016 0.292572763917 0.0 1.0 0.5 0.5 0.818181818182 0.125 0.488055292746 0.146545058979 0.892432203847 0.149852129638 0.426811489694 1.13314768174 0.1625 0 0 0.0 0.0 0 0 0.0 0.0 1 1 1.0 0.0 0.0488372093023 0.0116279069767 0.03 0.00781409191461 0
uuf100-0324 100 4.3 0.494573643411 0.289071420103 0.0 1.0 0.516279069767 0.483720930233 1.0 0.0 0.493800936937 0.147779848115 0.903113673994 0.15270771709 0.428025359053 1.0488969189 0.17563636342 0 0 0.0 0.0 0 0 0.0 0.0 1 1 1.0 0.0 0.0488372093023 0.00697674418605 0.03 0.00894971228135 0
uuf100-0328 100 4.3 0.5 0.290904319317 0.0 1.0 0.518604651163 0.481395348837 0.9 0.230769230769 0.502103493759 0.136728398586 0.918755817857 0.145210784378 0.432225527312 0.993360344456 0.18375 0 0 0.0 0.0 0 0 0.0 0.0 2 1 1.00233100233 0.0482241512018 0.0582750582751 0.011655011655 0.03 0.00885569230019 0
uuf100-0327 100 4.3 0.517829457364 0.284059610624 0.0 1.0 0.453488372093 0.546511627907 0.818181818182 0.166666666667 0.510360383468 0.136701292725 0.937308789637 0.153103860244 0.431158283757 0.813300067588 0.21263636378 0 0 0.0 0.0 0 0 0.0 0.0 1 1 1.0 0.0 0.0488372093023 0.0139534883721 0.03 0.00782792217661 0
uuf100-0326 100 4.3 0.494573643411 0.281829592121 0.0 1.0 0.502325581395 0.497674418605 0.846153846154 0.0 0.489918901016 0.14778207188 0.90891981114 0.160289550543 0.431316627607 0.957567728583 0.16500000014 0 0 0.0 0.0 0 0 0.0 0.0 1 1 1.0 0.0 0.0511627906977 0.00232558139535 0.03 0.00757511510461 0
uuf100-032 100 4.3 0.496899224806 0.279100988779 0.0 1.0 0.493023255814 0.506976744186 0.833333333333 0.153846153846 0.496864424318 0.14537470241 0.909642626251 0.157773122406 0.430542335196 1.03723304934 0.15545454392 0 0 0.0 0.0 0 0 0.0 0.0 1 1 1.0 0.0 0.0511627906977 0.0116279069767 0.03 0.00825827018817 0
uuf100-0329 100 4.3 0.51007751938 0.305465703994 0.0 1.0 0.509302325581 0.490697674419 0.9 0.142857142857 0.50618654969 0.148435705955 0.925736868996 0.160233918129 0.433063517817 1.06062511542 0.15769230758 0 0 0.0 0.0 0 0 0.0 0.0 2 1 1.00233100233 0.0482241512018 0.0559440559441 0.011655011655 0.03 0.00906789867734 0
uuf100-0330 100 4.3 0.511627906977 0.283470894188 0.0 1.0 0.474418604651 0.525581395349 1.0 0.125 0.51887602338 0.155853335803 0.951814294082 0.162345968263 0.434591971636 1.12057927351 0.15432432395 0 0 0.0 0.0 0 0 0.0 0.0 1 1 1.0 0.0 0.053488372093 0.00697674418605 0.03 0.00852254986131 0
uuf100-0331 100 4.3 0.481395348837 0.297344172429 0.0 1.0 0.537209302326 0.462790697674 0.857142857143 0.153846153846 0.48387654846 0.142466852894 0.883346992833 0.15388154116 0.434184544198 0.988724900605 0.19103448266 0 0 0.0 0.0 0 0 0.0 0.0 1 1 1.0 0.0 0.0511627906977 0.0093023255814 0.03 0.0079852487039 0
uuf100-0332 100 4.3 0.496124031008 0.291765480699 0.0 1.0 0.5 0.5 0.833333333333 0.111111111111 0.498117453968 0.133623116866 0.911241321888 0.157042054977 0.43075205817 0.930819701673 0.21500000022 0 0 0.0 0.0 0 0 0.0 0.0 2 1 1.00233100233 0.0482241512018 0.0512820512821 0.011655011655 0.03 0.00838937421696 0
uuf100-0335 100 4.3 0.489147286822 0.279832076836 0.0 1.0 0.513953488372 0.486046511628 0.875 0.111111111111 0.485759363529 0.153124219073 0.886270234367 0.146664466387 0.43018718827 1.0619131671 0.1566666651 0 0 0.0 0.0 0 0 0.0 0.0 2 1 1.00233100233 0.0482241512018 0.04662004662 0.00932400932401 0.03 0.00832435495272 0
