s1730_1.dimacs 299 4.25753 0.5127 0.28998 0.00392773 0.996072 0.485467 0.517675 0.909091 0.0909091 0.510615 0.155984 0.24402 1.16951 0.151183 0.2 0 0.00668896 0.035959 0.0197161 0.00394322 0.0100334 0.00267188 1
s1009_-1.dimacs 299 4.26421 0.498039 0.284793 0.00235294 0.997647 0.507451 0.492549 0.9 0.1 0.500192 0.138657 0.215514 1.10196 0.154014 0.333333 0 0.00668896 0.046743 0.0188679 0.00235849 0.0100334 0.00279532 1
s1105_-1.dimacs 299 4.24415 0.503283 0.288505 0.00472813 0.995272 0.485422 0.516154 0.916667 0 0.502469 0.156707 0.252028 1.20859 0.131699 0.166667 0 0.00668896 0.0327122 0.0174188 0.00158353 0.0100334 0.00267694 1
s1941_1.dimacs 299 4.24415 0.502364 0.283501 0.00630418 0.993696 0.495666 0.508274 0.909091 0.0714286 0.504277 0.149469 0.241621 1.18473 0.15191 0.125 0 0.00668896 0.0281314 0.0166534 0.00317209 0.0100334 0.00271934 1
s1768_-1.dimacs 299 4.23411 0.495919 0.289671 0.00394945 0.996051 0.504739 0.496051 1 0.0666667 0.502392 0.148461 0.234471 1.26845 0.140468 0.2 0 0.00668896 0.035959 0.0182395 0.00396511 0.0100334 0.00282927 1
s1971_-1.dimacs 299 4.26087 0.482732 0.293258 0.00627943 0.993721 0.520408 0.482732 0.857143 0.0769231 0.483152 0.150679 0.24351 1.17697 0.157661 0.125 0 0.00668896 0.0281314 0.0173776 0.00315956 0.0100334 0.00292659 1
s1319_-1.dimacs 299 4.25753 0.488741 0.290002 0.00706991 0.99293 0.515318 0.48861 0.9 0 0.48735 0.14382 0.222694 1.21835 0.135527 0.111111 0 0.00668896 0.0264287 0.0174188 0.00158353 0.0100334 0.00269723 1
s1878_-1.dimacs 299 4.26087 0.502224 0.288175 0.00156986 0.99843 0.492936 0.507849 0.875 0.125 0.50448 0.143493 0.235907 1.07565 0.154865 0.5 0 0.00668896 0.0574434 0.0196696 0.00157356 0.0100334 0.00262634 1
s1791_-1.dimacs 299 4.25418 0.5038 0.28641 0.00393082 0.996069 0.490566 0.511792 1 0 0.505377 0.159643 0.251336 1.11305 0.148622 0.4 0 0.00668896 0.0395045 0.0213102 0.0023678 0.0100334 0.00285169 1
s1146_-1.dimacs 299 4.24749 0.502756 0.292014 0.00551181 0.994488 0.490551 0.511811 0.9 0.0909091 0.504046 0.148314 0.232034 1.31164 0.125771 0.285714 0 0.00668896 0.034407 0.0190174 0.00316957 0.0100334 0.00286284 1
s1054_1.dimacs 299 4.26421 0.497124 0.286882 0.00470588 0.995294 0.508235 0.492549 0.909091 0.117647 0.498366 0.153835 0.238453 1.06226 0.152882 0.166667 0 0.00668896 0.0327122 0.0189424 0.00315706 0.0100334 0.00283851 1
s1461_-1.dimacs 299 4.26756 0.497126 0.292705 0.00705329 0.992947 0.503135 0.5 0.933333 0.1 0.500245 0.153034 0.241499 1.15464 0.143056 0.222222 0 0.00668896 0.0279474 0.0181531 0.00394633 0.0100334 0.00278141 1
s1302_1.dimacs 299 4.2709 0.491908 0.290253 0.00391543 0.996085 0.514487 0.486296 0.875 0 0.491187 0.148041 0.233186 1.05331 0.158829 0.2 0 0.00668896 0.035959 0.0188679 0.00157233 0.0100334 0.00292398 1
s1613_1.dimacs 299 4.24749 0.50105 0.287534 0.00393701 0.996063 0.497638 0.503937 1 0.111111 0.504302 0.150064 0.242935 1.08526 0.150776 0.2 0 0.00668896 0.035959 0.0189723 0.00316206 0.0100334 0.00277921 1
s1805_-1.dimacs 299 4.25084 0.506819 0.295147 0.00550747 0.994493 0.491739 0.510622 0.9 0 0.506538 0.150026 0.242468 1.04492 0.165648 0.285714 0 0.00668896 0.0323625 0.0197785 0.00316456 0.0100334 0.00285389 1
s1456_-1.dimacs 299 4.25418 0.503276 0.286721 0.00550314 0.994497 0.502358 0.5 0.923077 0 0.500338 0.152268 0.236792 1.12381 0.14959 0.142857 0 0.00668896 0.0301799 0.0197628 0.00316206 0.0100334 0.00290424 1
s1957_-1.dimacs 299 4.25418 0.521882 0.287731 0.00235849 0.997642 0.459119 0.543239 1 0.1 0.517353 0.150565 0.236313 1.19974 0.149833 0.333333 0 0.00668896 0.046743 0.0197006 0.00236407 0.0100334 0.00297466 1
s1280_1.dimacs 299 4.25418 0.493711 0.294894 0.00393082 0.996069 0.519654 0.480346 1 0.111111 0.49489 0.140155 0.214002 1.23898 0.135929 0.4 0 0.00668896 0.0395045 0.0173639 0.00315706 0.0100334 0.00258899 1
s1262_-1.dimacs 299 4.25753 0.510736 0.285548 0.00549882 0.994501 0.487038 0.515318 0.928571 0 0.51499 0.146555 0.232606 1.12556 0.147528 0.285714 0 0.00668896 0.0323625 0.0181675 0.00157978 0.0100334 0.0030033 1
s1234_-1.dimacs 299 4.26087 0.491627 0.286126 0.00706436 0.992936 0.508634 0.494505 0.857143 0.111111 0.492453 0.135268 0.218502 1.05972 0.160977 0.111111 0 0.00668896 0.0264287 0.0181818 0.00395257 0.0100334 0.00282841 1
s1134_-1.dimacs 299 4.2408 0.496977 0.284339 0.00157729 0.998423 0.516562 0.484227 1 0.142857 0.498732 0.145794 0.22899 1.10763 0.134974 0.5 0 0.00668896 0.0574434 0.0181818 0.00237154 0.0100334 0.0028992 1
s1261_-1.dimacs 299 4.25753 0.49856 0.296502 0.00471328 0.995287 0.489395 0.513747 0.909091 0.0909091 0.497953 0.156637 0.251667 1.37002 0.129729 0.333333 0 0.00668896 0.0354385 0.0181818 0.00395257 0.0100334 0.0028862 1
s1131_-1.dimacs 299 4.24749 0.505906 0.286905 0.0015748 0.998425 0.498425 0.502362 0.888889 0 0.501923 0.148924 0.23287 1.20669 0.153031 0.5 0 0.00668896 0.0574434 0.0197161 0.00315457 0.0100334 0.00286571 1
s1662_-1.dimacs 299 4.26421 0.493464 0.28269 0.00470588 0.995294 0.516863 0.487059 0.888889 0 0.494114 0.147568 0.231049 1.17033 0.160857 0.333333 0 0.00668896 0.0379696 0.0189274 0.00315457 0.0100334 0.00266408 1
s1439_1.dimacs 299 4.26087 0.511381 0.294473 0.00392465 0.996075 0.481947 0.520408 0.833333 0 0.506295 0.150095 0.236186 1.36563 0.122357 0.2 0 0.00668896 0.035959 0.0181245 0.00236407 0.0100334 0.00288031 1
s1918_-1.dimacs 299 4.25418 0.502358 0.283859 0.00707547 0.992925 0.492925 0.511792 1 0 0.50089 0.162472 0.261842 1.38097 0.125418 0.111111 0 0.00668896 0.0264287 0.0190024 0.00395883 0.0100334 0.00286314 1
s1410_-1.dimacs 299 4.25084 0.50577 0.283768 0.00472069 0.995279 0.487805 0.512982 0.909091 0.111111 0.505762 0.146417 0.233983 1.01866 0.169932 0.166667 0 0.00668896 0.0327122 0.0181818 0.00474308 0.0100334 0.00270374 1
s1506_1.dimacs 299 4.26087 0.498561 0.290291 0.000784929 0.999215 0.509419 0.491366 0.923077 0.0833333 0.50065 0.151218 0.233382 1.09894 0.155502 1 0 0.00668896 0.0815121 0.0212097 0.00314218 0.0100334 0.00277474 1
s1231_-1.dimacs 299 4.25084 0.492788 0.290171 0.00314713 0.996853 0.511408 0.488592 1 0 0.492449 0.155934 0.245593 1.06316 0.152508 0.25 0 0.00668896 0.0403423 0.0181531 0.00157853 0.0100334 0.00284657 1
s1487_-1.dimacs 299 4.26421 0.500131 0.285945 0.00313725 0.996863 0.505098 0.496471 0.8125 0.111111 0.501878 0.145128 0.234809 1.26067 0.136659 0.25 0 0.00668896 0.0403423 0.0204563 0.00393391 0.0100334 0.00277729 1
s1891_1.dimacs 299 4.24749 0.495407 0.290339 0.00866142 0.991339 0.500787 0.504724 1 0.0909091 0.50148 0.155158 0.241528 1.18264 0.131921 0.181818 0 0.00668896 0.0259597 0.0190779 0.00158983 0.0100334 0.00291773 1
s1322_1.dimacs 299 4.25084 0.491214 0.290278 0.00708104 0.992919 0.513769 0.489378 1 0.111111 0.494072 0.156881 0.254292 1.09936 0.139579 0.222222 0 0.00668896 0.0293877 0.0174326 0.00396197 0.0100334 0.00242609 1
s1086_-1.dimacs 299 4.25418 0.503538 0.288616 0.000786164 0.999214 0.502358 0.498428 1 0 0.504392 0.151985 0.236684 1.05849 0.154136 1 0 0.00668896 0.0815121 0.0173092 0.00236035 0.0100334 0.00259382 1
s1326_-1.dimacs 299 4.24749 0.500787 0.289053 0.00314961 0.99685 0.491339 0.510236 0.875 0.111111 0.501532 0.144937 0.23336 1.01171 0.165329 0.25 0 0.00668896 0.0403423 0.021327 0.00394945 0.0100334 0.00276829 1
s1438_-1.dimacs 299 4.25753 0.49005 0.295195 0.00235664 0.997643 0.522388 0.479969 1 0.1 0.490222 0.161471 0.255941 1.26098 0.145747 0.333333 0 0.00668896 0.046743 0.0204724 0.00314961 0.0100334 0.0028732 1
s1655_1.dimacs 299 4.25084 0.498689 0.298242 0.00314713 0.996853 0.50118 0.499607 0.933333 0.142857 0.496186 0.152023 0.252799 1.25176 0.139188 0.25 0 0.00668896 0.0403423 0.0173639 0.0023678 0.0100334 0.0027475 1
s1722_1.dimacs 299 4.25418 0.519654 0.281486 0.00393082 0.996069 0.477201 0.524371 1 0 0.518851 0.153971 0.241717 1.14223 0.159543 0.2 0 0.00668896 0.035959 0.0181531 0.00157853 0.0100334 0.00285461 1
s1480_1.dimacs 299 4.25418 0.51022 0.282219 0.00628931 0.993711 0.485063 0.518082 1 0 0.514477 0.149674 0.228678 1.26416 0.132664 0.125 0 0.00668896 0.0281314 0.0189873 0.00158228 0.0100334 0.00265398 1
s1865_-1.dimacs 299 4.26756 0.490987 0.291425 0.00470219 0.995298 0.516458 0.485893 0.888889 0 0.489905 0.14846 0.237397 1.15128 0.148537 0.166667 0 0.00668896 0.0327122 0.0251969 0.0023622 0.0100334 0.00286163 1
s1718_-1.dimacs 299 4.25084 0.488592 0.283713 0.00550747 0.994493 0.524784 0.479937 1 0 0.489857 0.15458 0.248589 1.21265 0.147177 0.142857 0 0.00668896 0.0301799 0.0189873 0.00316456 0.0100334 0.00268067 1
s1572_1.dimacs 299 4.25418 0.502621 0.287906 0.00471698 0.995283 0.501572 0.501572 1 0 0.502617 0.150477 0.237989 1.11969 0.159532 0.166667 0 0.00668896 0.0327122 0.0189573 0.00236967 0.0100334 0.00281538 1
s1740_1.dimacs 299 4.26087 0.502093 0.288592 0.00706436 0.992936 0.5 0.50471 1 0.0909091 0.50133 0.138941 0.214937 1.10591 0.166308 0.111111 0 0.00668896 0.0264287 0.0197628 0.00316206 0.0100334 0.00287022 1
s1986_-1.dimacs 299 4.24749 0.492782 0.288623 0.00629921 0.993701 0.52126 0.481102 1 0 0.492582 0.148182 0.227489 1.19324 0.131892 0.125 0 0.00668896 0.0281314 0.0182395 0.00317209 0.0100334 0.00278657 1
s1454_-1.dimacs 299 4.24749 0.480709 0.292139 0.00866142 0.991339 0.538583 0.466929 1 0.0909091 0.480745 0.139678 0.224174 1.08663 0.153805 0.0909091 0 0.00668896 0.0237349 0.0190779 0.00317965 0.0100334 0.00255637 1
s1162_-1.dimacs 299 4.24749 0.504856 0.292586 0.00629921 0.993701 0.5 0.502362 1 0.153846 0.507578 0.148129 0.237468 1.11888 0.148227 0.125 0 0.00668896 0.0281314 0.0174326 0.00237718 0.0100334 0.00275519 1
s1150_1.dimacs 299 4.24749 0.485302 0.29616 0.00551181 0.994488 0.522835 0.47874 0.923077 0.0769231 0.484355 0.140635 0.222694 1.26509 0.130435 0.142857 0 0.00668896 0.0301799 0.0205859 0.0023753 0.0100334 0.00275415 1
s1618_1.dimacs 299 4.2408 0.502629 0.286301 0.00867508 0.991325 0.486593 0.518139 1 0.111111 0.50403 0.151304 0.240813 1.09405 0.160916 0.0909091 0 0.00668896 0.0237349 0.0182975 0.00318218 0.0100334 0.00297417 1
s1482_-1.dimacs 299 4.21405 0.481746 0.291066 0.0031746 0.996825 0.530952 0.470635 0.909091 0.0833333 0.481491 0.147442 0.240662 1.17981 0.141738 0.25 0 0.00668896 0.0403423 0.0191083 0.00398089 0.0100334 0.00285832 1
s1746_-1.dimacs 299 4.26421 0.496993 0.282171 0.00470588 0.995294 0.499608 0.503529 1 0.111111 0.50444 0.144079 0.22427 1.05695 0.167749 0.166667 0 0.00668896 0.0327122 0.0197006 0.00157604 0.0100334 0.00287526 1
s1741_-1.dimacs 299 4.25418 0.495676 0.285792 0.00393082 0.996069 0.494497 0.507862 1 0.111111 0.493178 0.149205 0.225474 1.05153 0.175778 0.2 0 0.00668896 0.035959 0.0181531 0.00315706 0.0100334 0.00263763 1
s1006_-1.dimacs 299 4.24749 0.489108 0.293021 0.00393701 0.996063 0.523622 0.47874 0.875 0.125 0.487034 0.149318 0.234635 1.16781 0.150502 0.2 0 0.00668896 0.035959 0.0189873 0.0039557 0.0100334 0.00272251 1
s1051_1.dimacs 299 4.25753 0.497512 0.289344 0.00628437 0.993716 0.506677 0.496465 1 0.0555556 0.501328 0.145974 0.227922 1.22764 0.121374 0.125 0 0.00668896 0.0281314 0.0189723 0.00395257 0.0100334 0.00290136 1
s1759_-1.dimacs 299 4.24415 0.507355 0.288392 0.00236407 0.997636 0.481481 0.520883 0.888889 0 0.507399 0.147931 0.227982 1.05855 0.172241 0.333333 0 0.00668896 0.046743 0.0189723 0.00316206 0.0100334 0.00279496 1
s1001_-1.dimacs 299 4.24415 0.50394 0.293051 0.00551615 0.994484 0.483846 0.516942 1 0.111111 0.508625 0.145551 0.222253 1.17621 0.164461 0.142857 0 0.00668896 0.0301799 0.018225 0.00316957 0.0100334 0.00281327 1
s1978_1.dimacs 299 4.25418 0.492662 0.287293 0.00393082 0.996069 0.522799 0.478774 1 0 0.497089 0.161578 0.258167 1.14441 0.160917 0.2 0 0.00668896 0.035959 0.0205209 0.00157853 0.0100334 0.00282305 1
s1214_1.dimacs 299 4.26087 0.50314 0.291963 0.00549451 0.994505 0.50471 0.49843 1 0.142857 0.504978 0.149855 0.236124 1.2154 0.149588 0.142857 0 0.00668896 0.0301799 0.0197472 0.00315956 0.0100334 0.00271578 1
s1732_1.dimacs 299 4.25753 0.49712 0.282973 0.00942655 0.990573 0.505106 0.497251 1 0 0.498033 0.160458 0.254255 1.15158 0.150844 0.0833333 0 0.00668896 0.0226422 0.018254 0.00396825 0.0100334 0.00267263 1
s1314_1.dimacs 299 4.25418 0.485063 0.286388 0.00314465 0.996855 0.52044 0.481132 1 0.125 0.485412 0.152499 0.238122 1.08777 0.15404 0.25 0 0.00668896 0.0403423 0.0181388 0.00394322 0.0100334 0.00266876 1
s1500_1.dimacs 299 4.25418 0.503538 0.295716 0.00314465 0.996855 0.495283 0.507075 1 0.0769231 0.50864 0.158947 0.248709 1.34918 0.125627 0.5 0 0.00668896 0.0452279 0.0165615 0.00157729 0.0100334 0.00276297 1
s1223_1.dimacs 299 4.26087 0.497645 0.282327 0.00313972 0.99686 0.518838 0.482732 0.928571 0.0833333 0.494015 0.141023 0.222819 1.20504 0.153583 0.25 0 0.00668896 0.0403423 0.0189125 0.00315209 0.0100334 0.00268321 1
s1564_1.dimacs 299 4.24415 0.494878 0.290293 0.00394011 0.99606 0.515366 0.48621 0.857143 0 0.489514 0.156694 0.243686 1.10441 0.140386 0.2 0 0.00668896 0.035959 0.0205696 0.00237342 0.0100334 0.00285902 1
s1110_-1.dimacs 299 4.26087 0.507457 0.289145 0.00863422 0.991366 0.488226 0.515699 0.9 0 0.510464 0.153528 0.239629 1.12842 0.133619 0.0909091 0 0.00668896 0.0237349 0.0174188 0.00158353 0.0100334 0.00275568 1
s1168_1.dimacs 299 4.24749 0.495144 0.280915 0.00866142 0.991339 0.501575 0.502362 0.875 0.0833333 0.497224 0.148021 0.233952 1.16044 0.150349 0.0909091 0 0.00668896 0.0237349 0.0190779 0.00317965 0.0100334 0.00291917 1
s1761_1.dimacs 299 4.25418 0.512317 0.287046 0.00471698 0.995283 0.477201 0.525943 0.928571 0 0.511585 0.156486 0.24736 1.44531 0.125418 0.166667 0 0.00668896 0.0327122 0.0197472 0.00315956 0.0100334 0.00277356 1
s1377_1.dimacs 299 4.25418 0.504455 0.28917 0.00707547 0.992925 0.47956 0.522013 1 0 0.501664 0.152545 0.234018 1.19079 0.15201 0.111111 0 0.00668896 0.0264287 0.0166271 0.0023753 0.0100334 0.00277312 1
s1281_-1.dimacs 299 4.26087 0.50471 0.292166 0.00627943 0.993721 0.49686 0.507849 1 0.0625 0.503246 0.153428 0.24284 1.09031 0.151988 0.125 0 0.00668896 0.0281314 0.0205371 0.00394945 0.0100334 0.002825 1
s1160_1.dimacs 299 4.25418 0.488077 0.289525 0.00235849 0.997642 0.522799 0.47956 0.888889 0.0909091 0.487664 0.146224 0.225713 1.19379 0.143348 0.333333 0 0.00668896 0.046743 0.0181245 0.00394011 0.0100334 0.00276629 1
s1870_1.dimacs 299 4.25084 0.502229 0.28378 0.00393391 0.996066 0.497246 0.504327 1 0.1 0.504758 0.144733 0.227314 1.35927 0.175585 0.2 0 0.00668896 0.035959 0.0173776 0.00315956 0.0100334 0.00268565 1
s1779_-1.dimacs 299 4.25753 0.517151 0.29726 0.00392773 0.996072 0.473684 0.527887 0.875 0.111111 0.515998 0.139246 0.22112 1.06871 0.155323 0.4 0 0.00668896 0.0395045 0.0205047 0.00315457 0.0100334 0.00265234 1
s1244_-1.dimacs 299 4.25418 0.49751 0.296244 0.00393082 0.996069 0.498428 0.505503 0.857143 0.1 0.496915 0.140069 0.221886 1.05766 0.167883 0.4 0 0.00668896 0.0427571 0.0181531 0.0023678 0.0100334 0.00282083 1
s1187_1.dimacs 299 4.25084 0.499213 0.287042 0.00472069 0.995279 0.49882 0.505114 1 0.142857 0.500228 0.159271 0.258002 1.25163 0.142977 0.166667 0 0.00668896 0.0327122 0.0181818 0.00237154 0.0100334 0.00288547 1
s1566_-1.dimacs 299 4.24749 0.498819 0.286963 0.0023622 0.997638 0.496063 0.504724 1 0 0.498114 0.143986 0.224655 1.07049 0.151251 0.333333 0 0.00668896 0.046743 0.0173639 0.00315706 0.0100334 0.00257932 1
s1774_1.dimacs 299 4.24749 0.50958 0.282812 0.00393701 0.996063 0.48189 0.518898 1 0.111111 0.50536 0.149485 0.232659 1.10136 0.164842 0.2 0 0.00668896 0.035959 0.0205534 0.00316206 0.0100334 0.0027664 1
s1923_1.dimacs 299 4.2408 0.496845 0.293624 0.00788644 0.992114 0.507886 0.495268 1 0.133333 0.499563 0.146682 0.229979 1.10667 0.154305 0.1 0 0.00668896 0.0249831 0.0174881 0.00317965 0.0100334 0.00253395 1
s1132_1.dimacs 299 4.25753 0.503142 0.293196 0.00785546 0.992145 0.506677 0.497251 1 0.0909091 0.502412 0.158118 0.250223 1.20165 0.138239 0.2 0 0.00668896 0.0262877 0.0174188 0.00316706 0.0100334 0.00277085 1
s1654_-1.dimacs 299 4.25084 0.498951 0.289165 0.0086546 0.991345 0.501967 0.501967 1 0.153846 0.498946 0.140138 0.218043 1.14626 0.137705 0.0909091 0 0.00668896 0.0237349 0.018254 0.00396825 0.0100334 0.00276103 1
s1171_1.dimacs 299 4.26421 0.497386 0.292822 0.00470588 0.995294 0.500392 0.501961 1 0.0909091 0.497244 0.152983 0.233064 1.18398 0.151129 0.166667 0 0.00668896 0.0327122 0.0189125 0.00394011 0.0100334 0.0028433 1
s1348_1.dimacs 299 4.25084 0.495148 0.306482 0.00708104 0.992919 0.507474 0.495673 0.9 0 0.494177 0.157678 0.245952 1.09616 0.151338 0.222222 0 0.00668896 0.0279474 0.0213946 0.00316957 0.0100334 0.00290291 1
s1437_1.dimacs 299 4.25418 0.494235 0.288466 0.00550314 0.994497 0.504717 0.498428 1 0 0.494731 0.153034 0.240674 1.16318 0.148496 0.142857 0 0.00668896 0.0301799 0.0181818 0.00316206 0.0100334 0.0027664 1
s1256_-1.dimacs 299 4.2408 0.49908 0.286503 0.00473186 0.995268 0.507886 0.492902 0.888889 0.125 0.499052 0.15598 0.247884 1.12746 0.146388 0.166667 0 0.00668896 0.0327122 0.0174326 0.00396197 0.0100334 0.00279379 1
s1855_-1.dimacs 299 4.25418 0.491352 0.290957 0.00157233 0.998428 0.51022 0.48978 0.882353 0.0909091 0.486577 0.153247 0.238948 1.11191 0.135123 0.5 0 0.00668896 0.0574434 0.0188976 0.00393701 0.0100334 0.00288544 1
s1273_-1.dimacs 299 4.26421 0.492026 0.286747 0.00392157 0.996078 0.512941 0.488627 1 0 0.4898 0.148623 0.22818 1.08285 0.164193 0.2 0 0.00668896 0.035959 0.019685 0.00314961 0.0100334 0.00271742 1
s1177_1.dimacs 299 4.25418 0.507075 0.28355 0.00628931 0.993711 0.502358 0.500786 0.928571 0.1 0.506331 0.154665 0.242404 1.0073 0.165054 0.125 0 0.00668896 0.0281314 0.0189873 0.00237342 0.0100334 0.00279535 1
s1684_-1.dimacs 299 4.25753 0.498298 0.291603 0.00314218 0.996858 0.497251 0.502749 1 0 0.498926 0.156437 0.244548 1.18224 0.139509 0.25 0 0.00668896 0.0403423 0.0212766 0.00236407 0.0100334 0.00277977 1
s1638_1.dimacs 299 4.25418 0.513889 0.292999 0.00550314 0.994497 0.466195 0.53695 1 0 0.513079 0.147739 0.230244 1.17344 0.139366 0.285714 0 0.00668896 0.0323625 0.0213439 0.00158103 0.0100334 0.0029464 1
s1141_1.dimacs 299 4.25084 0.507343 0.28404 0.00157356 0.998426 0.493312 0.507474 0.9 0.0833333 0.50541 0.143876 0.227591 1.11963 0.156644 0.5 0 0.00668896 0.0574434 0.0228526 0.00315209 0.0100334 0.0028644 1
s1007_1.dimacs 299 4.25418 0.501834 0.284325 0.00471698 0.995283 0.5 0.501572 0.875 0.0909091 0.498684 0.147781 0.236044 1.16332 0.150159 0.166667 0 0.00668896 0.0327122 0.0181675 0.00315956 0.0100334 0.00273721 1
s1220_-1.dimacs 299 4.24415 0.505516 0.2974 0.00472813 0.995272 0.483846 0.518519 0.923077 0 0.502944 0.147286 0.241684 1.14805 0.164357 0.166667 0 0.00668896 0.0327122 0.0190024 0.00316706 0.0100334 0.00293331 1
s1354_1.dimacs 299 4.25418 0.504586 0.290261 0.00628931 0.993711 0.496069 0.507862 0.888889 0.0909091 0.501245 0.148763 0.240154 1.21025 0.135173 0.25 0 0.00668896 0.0299315 0.0189873 0.00316456 0.0100334 0.00285022 1
s1939_-1.dimacs 299 4.2408 0.489485 0.289318 0.00236593 0.997634 0.516562 0.485016 0.923077 0 0.489164 0.1593 0.254927 1.29701 0.131828 0.333333 0 0.00668896 0.046743 0.0197628 0.00316206 0.0100334 0.00272376 1
s1406_1.dimacs 299 4.2408 0.498028 0.289388 0.00473186 0.995268 0.487382 0.516562 1 0.1 0.49843 0.148225 0.234804 1.13242 0.151059 0.166667 0 0.00668896 0.0327122 0.0190174 0.00316957 0.0100334 0.00270365 1
s1084_-1.dimacs 299 4.24749 0.498688 0.288369 0.00472441 0.995276 0.507874 0.495276 0.9 0 0.500133 0.153831 0.239074 1.16572 0.137315 0.166667 0 0.00668896 0.0327122 0.0181962 0.00316456 0.0100334 0.00282514 1
s1863_1.dimacs 299 4.24415 0.502495 0.290554 0.0070922 0.992908 0.492514 0.510638 1 0.0833333 0.500807 0.154803 0.24435 1.14204 0.180735 0.111111 0 0.00668896 0.0264287 0.0174603 0.00396825 0.0100334 0.00275874 1
s1808_1.dimacs 299 4.25084 0.496328 0.285492 0.00708104 0.992919 0.511408 0.492526 0.909091 0.1 0.493294 0.136303 0.215037 1.07886 0.153265 0.111111 0 0.00668896 0.0264287 0.0174326 0.00158479 0.0100334 0.00284666 1
s1407_1.dimacs 299 4.25084 0.498689 0.283747 0.00550747 0.994493 0.495673 0.506688 0.857143 0.111111 0.496334 0.146112 0.235468 1.20507 0.145738 0.142857 0 0.00668896 0.0301799 0.0174051 0.00237342 0.0100334 0.00270244 1
s1661_-1.dimacs 299 4.25418 0.498559 0.28375 0.0110063 0.988994 0.497642 0.509434 1 0.111111 0.500102 0.145639 0.225498 1.04179 0.157804 0.0714286 0 0.00668896 0.0208096 0.0198728 0.00238474 0.0100334 0.00269481 1
s1551_1.dimacs 299 4.25084 0.489903 0.280665 0.00786782 0.992132 0.516129 0.488592 0.909091 0.111111 0.490079 0.142271 0.229015 1.14926 0.155499 0.1 0 0.00668896 0.0249831 0.0174465 0.00237906 0.0100334 0.00264722 1
s1516_-1.dimacs 299 4.25084 0.487543 0.291647 0.00472069 0.995279 0.528718 0.47443 0.916667 0.1 0.488117 0.146004 0.230143 1.1638 0.135832 0.166667 0 0.00668896 0.0327122 0.0181818 0.00158103 0.0100334 0.00274897 1
s1352_1.dimacs 299 4.25418 0.503014 0.292231 0.00314465 0.996855 0.483491 0.517296 0.888889 0.142857 0.502166 0.142131 0.219422 1.20657 0.165552 0.25 0 0.00668896 0.0403423 0.0189274 0.00394322 0.0100334 0.00264842 1
s1935_-1.dimacs 299 4.25084 0.493575 0.291542 0.00708104 0.992919 0.501967 0.50118 0.909091 0.1 0.495201 0.14504 0.233634 1.19445 0.161204 0.111111 0 0.00668896 0.0264287 0.0229794 0.00396197 0.0100334 0.0027666 1
s1149_-1.dimacs 299 4.25753 0.506546 0.293809 0.00471328 0.995287 0.501964 0.500393 1 0.111111 0.501939 0.162573 0.262382 1.11136 0.145341 0.166667 0 0.00668896 0.0327122 0.0189573 0.00315956 0.0100334 0.00269573 1
s1459_-1.dimacs 299 4.24415 0.506173 0.295282 0.00472813 0.995272 0.476753 0.526399 1 0.111111 0.511168 0.157097 0.248883 1.18794 0.128948 0.166667 0 0.00668896 0.0327122 0.0198098 0.00316957 0.0100334 0.0028884 1
s1809_-1.dimacs 299 4.25418 0.494628 0.296353 0.00157233 0.998428 0.508648 0.492138 1 0.125 0.498575 0.145786 0.224243 1.10757 0.15093 0.5 0 0.00668896 0.0574434 0.019685 0.0023622 0.0100334 0.0026092 1
s1736_-1.dimacs 299 4.24749 0.507743 0.283177 0.00314961 0.99685 0.488189 0.512598 1 0.111111 0.503174 0.141542 0.227262 1.16487 0.147826 0.25 0 0.00668896 0.0403423 0.0174051 0.00316456 0.0100334 0.00276901 1
s1813_1.dimacs 299 4.25418 0.499083 0.289089 0.00786164 0.992138 0.515723 0.488208 0.888889 0.111111 0.497513 0.152559 0.24326 1.09541 0.17018 0.2 0 0.00668896 0.0262877 0.0190174 0.00316957 0.0100334 0.00296447 1
s1008_-1.dimacs 299 4.25418 0.510875 0.291295 0.00550314 0.994497 0.478774 0.525157 0.875 0 0.509865 0.147523 0.237446 1.14344 0.138986 0.142857 0 0.00668896 0.0301799 0.0189723 0.00316206 0.0100334 0.00292932 1
s1300_1.dimacs 299 4.23411 0.497762 0.293827 0.00473934 0.995261 0.506319 0.496051 0.9 0 0.501644 0.148721 0.236207 1.19643 0.1443 0.166667 0 0.00668896 0.0327122 0.0174603 0.0031746 0.0100334 0.00287979 1
s1222_1.dimacs 299 4.2408 0.48541 0.293241 0.0055205 0.994479 0.520505 0.483438 0.857143 0 0.484168 0.145791 0.232204 1.22766 0.149004 0.142857 0 0.00668896 0.0301799 0.0182395 0.00237906 0.0100334 0.00291999 1
s1780_-1.dimacs 299 4.24749 0.505774 0.281637 0.00551181 0.994488 0.493701 0.507874 1 0 0.506331 0.147695 0.233667 1.33183 0.13395 0.142857 0 0.00668896 0.0301799 0.0174188 0.00316706 0.0100334 0.00259259 1
s1862_1.dimacs 299 4.26421 0.501438 0.28617 0.0054902 0.99451 0.50902 0.494118 0.923077 0.111111 0.501098 0.143843 0.222931 1.12856 0.148973 0.142857 0 0.00668896 0.0301799 0.0181388 0.00236593 0.0100334 0.00284165 1
s1751_-1.dimacs 299 4.25753 0.502488 0.299133 0.00628437 0.993716 0.497251 0.505892 1 0.142857 0.505726 0.157689 0.251894 1.25203 0.117367 0.125 0 0.00668896 0.0281314 0.0189723 0.00237154 0.0100334 0.00282767 1
s1043_1.dimacs 299 4.26087 0.482208 0.292035 0.00627943 0.993721 0.532967 0.470173 1 0.0909091 0.481054 0.144656 0.230814 1.09834 0.143156 0.125 0 0.00668896 0.0281314 0.0197785 0.00474684 0.0100334 0.00275993 1
s1785_1.dimacs 299 4.26756 0.500914 0.29483 0.0039185 0.996082 0.501567 0.500784 0.916667 0 0.496756 0.149201 0.23273 1.01066 0.175637 0.2 0 0.00668896 0.035959 0.0196696 0.00393391 0.0100334 0.00279216 1
s1116_-1.dimacs 299 4.25753 0.505368 0.286348 0.00314218 0.996858 0.496465 0.505106 0.888889 0.0833333 0.508077 0.148765 0.23983 1.12104 0.15435 0.25 0 0.00668896 0.0403423 0.0189125 0.00315209 0.0100334 0.00265207 1
s1053_-1.dimacs 299 4.25084 0.523341 0.280304 0.00550747 0.994493 0.464201 0.538159 1 0.1 0.519758 0.152943 0.245348 1.14928 0.148685 0.142857 0 0.00668896 0.0301799 0.0174051 0.00316456 0.0100334 0.00263657 1
s1703_-1.dimacs 299 4.24415 0.496585 0.285414 0.00472813 0.995272 0.50591 0.496454 1 0.0714286 0.498592 0.16349 0.262967 1.27837 0.111515 0.166667 0 0.00668896 0.0327122 0.0190024 0.00158353 0.0100334 0.00288212 1
s1619_-1.dimacs 299 4.22408 0.498285 0.286682 0.00475059 0.995249 0.52019 0.484561 1 0 0.501631 0.152844 0.242264 1.21865 0.144928 0.333333 0 0.00668896 0.0354385 0.0190931 0.00397772 0.0100334 0.00265452 1
s1773_1.dimacs 299 4.24749 0.494488 0.294103 0.00393701 0.996063 0.515748 0.485827 0.888889 0 0.493395 0.147973 0.232474 1.14825 0.147816 0.2 0 0.00668896 0.035959 0.0205534 0.00316206 0.0100334 0.00281211 1
s1814_-1.dimacs 299 4.24415 0.498161 0.28389 0.00551615 0.994484 0.50985 0.492514 1 0.0714286 0.499329 0.146415 0.23013 1.18911 0.143441 0.142857 0 0.00668896 0.0301799 0.018225 0.00237718 0.0100334 0.00260394 1
s1019_-1.dimacs 299 4.25418 0.504062 0.294229 0.00393082 0.996069 0.503931 0.498428 1 0.0555556 0.507174 0.150048 0.236515 1.07705 0.153985 0.2 0 0.00668896 0.035959 0.0205209 0.00315706 0.0100334 0.00277166 1
s1674_1.dimacs 299 4.25084 0.500131 0.287765 0.00236035 0.99764 0.493312 0.508261 0.923077 0.111111 0.495892 0.149602 0.23812 1.15189 0.157457 0.333333 0 0.00668896 0.046743 0.0173502 0.00394322 0.0100334 0.00281148 1
s1495_1.dimacs 299 4.25418 0.502883 0.282157 0.00314465 0.996855 0.503931 0.497642 1 0 0.503616 0.153207 0.24364 1.20571 0.140148 0.25 0 0.00668896 0.0403423 0.0173502 0.00236593 0.0100334 0.00289603 1
s1932_-1.dimacs 299 4.25418 0.508124 0.291422 0.00393082 0.996069 0.492925 0.51022 1 0.111111 0.512531 0.152166 0.234047 1.09332 0.158951 0.2 0 0.00668896 0.035959 0.0213102 0.0023678 0.0100334 0.00299355 1
s1076_-1.dimacs 299 4.25418 0.505241 0.287946 0.00471698 0.995283 0.497642 0.503931 0.9 0.0833333 0.502992 0.144833 0.230072 1.12918 0.148473 0.166667 0 0.00668896 0.0327122 0.0181675 0.00315956 0.0100334 0.00275242 1
s1652_-1.dimacs 299 4.25084 0.515998 0.286749 0.00550747 0.994493 0.472069 0.528718 1 0 0.514767 0.150261 0.23929 1.21002 0.13403 0.142857 0 0.00668896 0.0301799 0.0181962 0.00316456 0.0100334 0.00268768 1
s1556_1.dimacs 299 4.26421 0.499739 0.284991 0.00313725 0.996863 0.504314 0.498039 1 0.153846 0.504928 0.147559 0.233169 1.04414 0.161906 0.25 0 0.00668896 0.0403423 0.018096 0.00314713 0.0100334 0.00284578 1
s1548_1.dimacs 299 4.26421 0.505098 0.291036 0.00470588 0.995294 0.500392 0.501176 0.875 0 0.506979 0.149361 0.232595 1.16886 0.140993 0.333333 0 0.00668896 0.0354385 0.0173365 0.00315209 0.0100334 0.00279616 1
s1126_-1.dimacs 299 4.25084 0.500393 0.296075 0.00550747 0.994493 0.510622 0.492526 1 0 0.496526 0.159214 0.252698 1.46539 0.158863 0.142857 0 0.00668896 0.0301799 0.0181962 0.00158228 0.0100334 0.0029823 1
s1504_-1.dimacs 299 4.26087 0.486002 0.281409 0.00313972 0.99686 0.514129 0.486656 1 0 0.484585 0.149691 0.234763 1.21497 0.138757 0.25 0 0.00668896 0.0403423 0.0189125 0.00157604 0.0100334 0.00272545 1
s1729_-1.dimacs 299 4.24415 0.509982 0.285566 0.00472813 0.995272 0.48227 0.520095 1 0 0.507939 0.156282 0.243348 1.05925 0.158727 0.166667 0 0.00668896 0.0327122 0.0190024 0.0023753 0.0100334 0.00291898 1
s1546_-1.dimacs 299 4.25084 0.513113 0.286514 0.00550747 0.994493 0.468135 0.534225 1 0 0.50982 0.153992 0.240335 1.18245 0.141052 0.285714 0 0.00668896 0.0323625 0.0189873 0.00316456 0.0100334 0.00282366 1
s1799_1.dimacs 299 4.25084 0.505507 0.28775 0.00393391 0.996066 0.487805 0.512982 1 0.0769231 0.506599 0.144332 0.225015 1.11211 0.145508 0.2 0 0.00668896 0.035959 0.0205534 0.00395257 0.0100334 0.00277168 1
s1077_1.dimacs 299 4.25418 0.500262 0.29161 0.00628931 0.993711 0.501572 0.5 0.875 0 0.499949 0.150103 0.239592 1.36405 0.133203 0.125 0 0.00668896 0.0281314 0.0205696 0.00316456 0.0100334 0.0029091 1
s1514_1.dimacs 299 4.26421 0.504706 0.284876 0.00470588 0.995294 0.496471 0.507451 0.916667 0.111111 0.5051 0.146618 0.229585 1.11624 0.153198 0.166667 0 0.00668896 0.0327122 0.0189125 0.00394011 0.0100334 0.00260147 1
s1483_-1.dimacs 299 4.25418 0.504455 0.286438 0.00471698 0.995283 0.486635 0.514937 1 0 0.505933 0.156377 0.250079 1.38499 0.108307 0.166667 0 0.00668896 0.0327122 0.0205371 0.00157978 0.0100334 0.00294719 1
s1657_-1.dimacs 299 4.24749 0.489895 0.285564 0.0023622 0.997638 0.510236 0.490551 0.916667 0.111111 0.486025 0.152627 0.247816 1.13866 0.150213 0.333333 0 0.00668896 0.046743 0.0197316 0.0023678 0.0100334 0.00274674 1
s1991_1.dimacs 299 4.26087 0.492151 0.285835 0.00470958 0.99529 0.523548 0.479592 1 0.0666667 0.497577 0.156244 0.244573 1.22337 0.151016 0.166667 0 0.00668896 0.0327122 0.0173639 0.00315706 0.0100334 0.00285388 1
s1734_1.dimacs 299 4.26421 0.505359 0.289831 0.0054902 0.99451 0.488627 0.512941 0.909091 0 0.502439 0.157843 0.249451 1.09163 0.151059 0.142857 0 0.00668896 0.0301799 0.0173639 0.00394633 0.0100334 0.00271853 1
s1416_1.dimacs 299 4.2408 0.498554 0.278356 0.00394322 0.996057 0.500789 0.501577 0.888889 0.0833333 0.492815 0.151276 0.242817 1.18627 0.160498 0.2 0 0.00668896 0.035959 0.0182106 0.0023753 0.0100334 0.00268633 1
s1469_-1.dimacs 299 4.25084 0.498164 0.289388 0.0086546 0.991345 0.512195 0.493312 0.928571 0.0833333 0.500884 0.151391 0.243824 1.08774 0.169607 0.0909091 0 0.00668896 0.0237349 0.0166667 0.00396825 0.0100334 0.00255661 1
s1914_1.dimacs 299 4.25753 0.493977 0.299192 0.00157109 0.998429 0.502749 0.498036 1 0.142857 0.496182 0.137486 0.217974 1.04636 0.159049 0.5 0 0.00668896 0.0574434 0.0196696 0.00314713 0.0100334 0.00268789 1
s1082_1.dimacs 299 4.22742 0.507252 0.279021 0.00632911 0.993671 0.490506 0.515032 0.909091 0 0.507275 0.149476 0.234471 1.21247 0.14505 0.125 0 0.00668896 0.0281314 0.0183121 0.00398089 0.0100334 0.00278392 1
s1739_1.dimacs 299 4.2408 0.496714 0.290284 0.00788644 0.992114 0.523659 0.480284 1 0 0.500235 0.153616 0.241861 1.23412 0.147358 0.1 0 0.00668896 0.0249831 0.018283 0.00238474 0.0100334 0.00289372 1
s1981_1.dimacs 299 4.25084 0.493575 0.293037 0.00550747 0.994493 0.516916 0.486231 1 0 0.495433 0.152006 0.230119 1.08418 0.162607 0.142857 0 0.00668896 0.0301799 0.0189873 0.00237342 0.0100334 0.0027946 1
s1818_1.dimacs 299 4.25084 0.497771 0.299589 0.00550747 0.994493 0.504327 0.49882 0.9 0.111111 0.500397 0.149653 0.232581 1.08433 0.169247 0.142857 0 0.00668896 0.0301799 0.0190024 0.00316706 0.0100334 0.00281514 1
s1763_-1.dimacs 299 4.2408 0.512618 0.297006 0.00236593 0.997634 0.478707 0.522871 1 0.0714286 0.517116 0.143582 0.230216 1.1446 0.139243 0.333333 0 0.00668896 0.046743 0.0173913 0.00316206 0.0100334 0.00273448 1
s1609_-1.dimacs 299 4.23746 0.513418 0.287411 0.00394633 0.996054 0.479874 0.522494 0.928571 0.1 0.515658 0.155284 0.255378 1.16812 0.136991 0.2 0 0.00668896 0.035959 0.0174326 0.00396197 0.0100334 0.00270209 1
s1092_-1.dimacs 299 4.25418 0.499476 0.288296 0.00314465 0.996855 0.5 0.501572 1 0.111111 0.494074 0.152276 0.234354 1.17194 0.145899 0.25 0 0.00668896 0.0403423 0.0181388 0.00394322 0.0100334 0.00272812 1
s1414_1.dimacs 299 4.25084 0.49541 0.283366 0.00472069 0.995279 0.508261 0.494886 0.875 0 0.496546 0.146725 0.232877 1.1491 0.163415 0.166667 0 0.00668896 0.0327122 0.0205534 0.00237154 0.0100334 0.00273754 1
s1760_-1.dimacs 299 4.25084 0.499344 0.291312 0.00393391 0.996066 0.505901 0.497246 1 0.125 0.501181 0.146755 0.231132 1.12512 0.1393 0.2 0 0.00668896 0.035959 0.0197472 0.00315956 0.0100334 0.00268487 1
s1879_1.dimacs 299 4.24415 0.486341 0.281398 0.00630418 0.993696 0.513002 0.489362 0.916667 0.0909091 0.486905 0.151101 0.25038 1.22181 0.151477 0.125 0 0.00668896 0.0281314 0.0174603 0.00396825 0.0100334 0.00269227 1
s1724_1.dimacs 299 4.24749 0.503806 0.297126 0.00314961 0.99685 0.485827 0.514961 1 0 0.50351 0.142979 0.22157 1.22004 0.128484 0.25 0 0.00668896 0.0403423 0.0181675 0.00236967 0.0100334 0.00261638 1
s1295_-1.dimacs 299 4.25753 0.510474 0.284103 0.00157109 0.998429 0.486253 0.514533 1 0.142857 0.509268 0.143586 0.224285 1.12576 0.158417 0.5 0 0.00668896 0.0574434 0.0188828 0.00236035 0.0100334 0.00295709 1
s1956_1.dimacs 299 4.24415 0.500263 0.284282 0.00394011 0.99606 0.495666 0.505122 1 0.0769231 0.503077 0.155879 0.24402 1.17392 0.136009 0.4 0 0.00668896 0.0395045 0.0197785 0.0039557 0.0100334 0.00282069 1
s1274_1.dimacs 299 4.25084 0.486625 0.285585 0.00393391 0.996066 0.526357 0.476003 1 0.1 0.488179 0.148171 0.235099 1.17061 0.18109 0.2 0 0.00668896 0.035959 0.0189573 0.00236967 0.0100334 0.00285439 1
s1733_-1.dimacs 299 4.25084 0.49541 0.284059 0.00236035 0.99764 0.505901 0.495673 0.875 0 0.499152 0.150564 0.237309 1.16764 0.151293 0.333333 0 0.00668896 0.046743 0.0197161 0.00315457 0.0100334 0.00296979 1
s1094_-1.dimacs 299 4.23746 0.501579 0.297387 0.00394633 0.996054 0.494081 0.506709 0.875 0 0.501673 0.143967 0.226762 1.04441 0.177186 0.2 0 0.00668896 0.035959 0.0206022 0.00396197 0.0100334 0.0027968 1
s1568_1.dimacs 299 4.25418 0.493449 0.294147 0.00393082 0.996069 0.512579 0.490566 0.833333 0 0.492451 0.146506 0.230023 1.27381 0.115286 0.2 0 0.00668896 0.035959 0.0205209 0.00315706 0.0100334 0.00276865 1
s1173_-1.dimacs 299 4.25084 0.499475 0.29729 0.00472069 0.995279 0.511408 0.490952 0.875 0.1 0.497151 0.14832 0.241097 1.18603 0.138265 0.166667 0 0.00668896 0.0327122 0.0181818 0.00237154 0.0100334 0.00292146 1
s1242_1.dimacs 299 4.25418 0.493449 0.290862 0.00707547 0.992925 0.514937 0.488208 1 0.0769231 0.49941 0.158116 0.24997 1.06684 0.172575 0.111111 0 0.00668896 0.0264287 0.0190024 0.00316706 0.0100334 0.00285728 1
s1696_-1.dimacs 299 4.24749 0.500262 0.284093 0.00629921 0.993701 0.506299 0.49685 1 0 0.499055 0.158863 0.258837 1.22561 0.136032 0.125 0 0.00668896 0.0281314 0.0190174 0.00316957 0.0100334 0.00293385 1
s1920_1.dimacs 299 4.22742 0.484836 0.294499 0.00316456 0.996835 0.528481 0.473892 0.857143 0 0.482069 0.152447 0.24445 1.22126 0.140292 0.25 0 0.00668896 0.0403423 0.0190476 0.0047619 0.0100334 0.00285038 1
s1081_1.dimacs 299 4.25753 0.506023 0.292629 0.00392773 0.996072 0.500393 0.501964 1 0.0909091 0.504309 0.152213 0.238947 1.36291 0.106931 0.4 0 0.00668896 0.0395045 0.0181388 0.00315457 0.0100334 0.00301911 1
s1849_-1.dimacs 299 4.24749 0.496063 0.284065 0.00787402 0.992126 0.495276 0.507874 0.923077 0 0.493842 0.144238 0.219959 1.03446 0.163354 0.2 0 0.00668896 0.0262877 0.0190476 0.00396825 0.0100334 0.00256812 1
s1393_-1.dimacs 299 4.26421 0.511242 0.294473 0.00235294 0.997647 0.478431 0.522353 1 0.133333 0.514202 0.150994 0.24907 1.19526 0.118205 0.333333 0 0.00668896 0.046743 0.0196541 0.00235849 0.0100334 0.00287191 1
s1921_1.dimacs 299 4.25418 0.504324 0.280314 0.00157233 0.998428 0.503931 0.496855 0.9 0.0833333 0.502751 0.148564 0.240177 1.112 0.160223 0.5 0 0.00668896 0.0574434 0.0220472 0.0023622 0.0100334 0.00295994 1
s1803_1.dimacs 299 4.25084 0.503541 0.287135 0.00629426 0.993706 0.503541 0.498033 0.909091 0 0.502098 0.145682 0.229096 1.09705 0.166388 0.25 0 0.00668896 0.0316292 0.0213777 0.00395883 0.0100334 0.00297236 1
s1422_1.dimacs 299 4.25084 0.506294 0.284296 0.00629426 0.993706 0.494886 0.507474 0.9 0.1 0.501173 0.146452 0.228749 1.10262 0.161128 0.375 0 0.00668896 0.0332404 0.0182106 0.00316706 0.0100334 0.00269412 1
s1309_-1.dimacs 299 4.25753 0.498691 0.291193 0.00549882 0.994501 0.513747 0.48861 0.916667 0.1 0.500138 0.155669 0.247026 1.10266 0.15828 0.142857 0 0.00668896 0.0301799 0.0181818 0.00395257 0.0100334 0.00277017 1
s1418_-1.dimacs 299 4.2408 0.490011 0.283755 0.00946372 0.990536 0.525237 0.477918 1 0.0909091 0.491401 0.159358 0.2515 1.15588 0.145266 0.166667 0 0.00668896 0.0255348 0.0183121 0.00159236 0.0100334 0.00261426 1
s1358_-1.dimacs 299 4.2408 0.490142 0.284107 0.00473186 0.995268 0.506309 0.496057 0.9 0.1 0.488931 0.152918 0.243674 1.25717 0.139106 0.166667 0 0.00668896 0.0327122 0.0166403 0.00316957 0.0100334 0.00269587 1
s1660_1.dimacs 299 4.25753 0.503273 0.286075 0.00314218 0.996858 0.489395 0.512176 0.928571 0 0.503249 0.139769 0.215326 1.1672 0.156305 0.25 0 0.00668896 0.0403423 0.0189125 0.00315209 0.0100334 0.00276329 1
s1098_1.dimacs 299 4.25753 0.503797 0.287514 0.00549882 0.994501 0.500393 0.502749 1 0.1 0.503708 0.150604 0.234894 1.1816 0.158706 0.142857 0 0.00668896 0.0301799 0.0197472 0.00315956 0.0100334 0.00266224 1
s1404_1.dimacs 299 4.26087 0.505756 0.285885 0.00470958 0.99529 0.482732 0.520408 0.888889 0.142857 0.508886 0.150639 0.245276 1.23399 0.141076 0.166667 0 0.00668896 0.0327122 0.0197161 0.00236593 0.0100334 0.00301773 1
s1896_1.dimacs 299 4.26421 0.498824 0.291377 0.00470588 0.995294 0.499608 0.501961 1 0.0833333 0.50065 0.149224 0.234702 1.27116 0.115942 0.333333 0 0.00668896 0.0354385 0.0189125 0.00236407 0.0100334 0.00303685 1
s1329_-1.dimacs 299 4.25753 0.502357 0.288779 0.00549882 0.994501 0.498036 0.504321 0.833333 0.1 0.500109 0.151326 0.243696 1.17815 0.143661 0.142857 0 0.00668896 0.0301799 0.0173776 0.00315956 0.0100334 0.00263704 1
s1578_1.dimacs 299 4.24749 0.514567 0.288118 0.0023622 0.997638 0.485827 0.514961 1 0 0.513363 0.139042 0.222979 1.16817 0.175155 0.333333 0 0.00668896 0.046743 0.0181531 0.0023678 0.0100334 0.0028728 1
s1130_1.dimacs 299 4.24749 0.492651 0.293168 0.00551181 0.994488 0.512598 0.488976 1 0.0909091 0.492103 0.155168 0.239604 1.13281 0.133269 0.142857 0 0.00668896 0.0301799 0.0198098 0.00396197 0.0100334 0.00280804 1
s1117_-1.dimacs 299 4.24749 0.493701 0.296088 0.00393701 0.996063 0.516535 0.486614 0.888889 0.0909091 0.495514 0.145471 0.234202 1.11843 0.148829 0.2 0 0.00668896 0.035959 0.0173913 0.00316206 0.0100334 0.00258761 1
s1823_1.dimacs 299 4.25753 0.511259 0.280828 0.00628437 0.993716 0.48861 0.515318 0.923077 0.0909091 0.510424 0.153767 0.244604 1.24705 0.151637 0.125 0 0.00668896 0.0281314 0.0189723 0.00316206 0.0100334 0.00293289 1
s1951_-1.dimacs 299 4.24415 0.51773 0.28121 0.00551615 0.994484 0.470449 0.531127 0.916667 0.0666667 0.516759 0.14832 0.23203 1.16282 0.156426 0.285714 0 0.00668896 0.0323625 0.0166403 0.00396197 0.0100334 0.00248763 1
s1033_1.dimacs 299 4.25418 0.509041 0.285605 0.00707547 0.992925 0.486635 0.517296 0.875 0 0.513467 0.155372 0.243308 1.24684 0.147157 0.222222 0 0.00668896 0.0279474 0.0205859 0.00316706 0.0100334 0.0030123 1
s1933_1.dimacs 299 4.2408 0.501972 0.287947 0.00473186 0.995268 0.503943 0.498423 1 0.0833333 0.509468 0.163176 0.261504 1.44727 0.125506 0.333333 0 0.00668896 0.0354385 0.0182395 0.00396511 0.0100334 0.00270616 1
s1919_-1.dimacs 299 4.24749 0.513648 0.296136 0.00472441 0.995276 0.482677 0.520472 1 0.142857 0.518353 0.146662 0.228128 1.19177 0.14437 0.166667 0 0.00668896 0.0327122 0.0189873 0.0039557 0.0100334 0.00282292 1
s1294_1.dimacs 299 4.2709 0.511616 0.290395 0.00469851 0.995301 0.489428 0.512138 0.909091 0.0588235 0.511295 0.150276 0.240287 1.16307 0.159699 0.166667 0 0.00668896 0.0327122 0.0173228 0.00393701 0.0100334 0.0028471 1
s1541_-1.dimacs 299 4.2408 0.504995 0.283269 0.00630915 0.993691 0.496057 0.507098 1 0.111111 0.505786 0.153759 0.244258 1.05428 0.14653 0.125 0 0.00668896 0.0281314 0.0198413 0.0031746 0.0100334 0.00293629 1
s1653_-1.dimacs 299 4.24415 0.511295 0.297237 0.00551615 0.994484 0.488574 0.51379 0.916667 0.1 0.511566 0.149071 0.231228 1.10235 0.145623 0.142857 0 0.00668896 0.0301799 0.0190174 0.00396197 0.0100334 0.0028237 1
s1659_1.dimacs 299 4.26421 0.498693 0.283763 0.00313725 0.996863 0.488627 0.513725 0.857143 0.0833333 0.497982 0.146517 0.237089 1.3081 0.134514 0.25 0 0.00668896 0.0403423 0.0173092 0.00236035 0.0100334 0.002804 1
s1458_-1.dimacs 299 4.25084 0.494099 0.287172 0.00393391 0.996066 0.504327 0.495673 0.916667 0.0769231 0.491655 0.150648 0.241741 1.11617 0.150982 0.2 0 0.00668896 0.035959 0.0213439 0.00237154 0.0100334 0.00283579 1
s1321_-1.dimacs 299 4.25418 0.494628 0.291449 0.00707547 0.992925 0.516509 0.487421 0.923077 0.125 0.490367 0.152178 0.240816 1.14732 0.148074 0.111111 0 0.00668896 0.0264287 0.0174326 0.00237718 0.0100334 0.00278476 1
s1545_-1.dimacs 299 4.25418 0.505765 0.287328 0.00235849 0.997642 0.48978 0.511792 1 0 0.502895 0.154018 0.2423 1.13999 0.155983 0.333333 0 0.00668896 0.046743 0.0197006 0.00315209 0.0100334 0.00280728 1
s1783_-1.dimacs 299 4.26087 0.490188 0.291254 0.00470958 0.99529 0.507064 0.49529 0.923077 0 0.488791 0.144321 0.218859 1.21675 0.136767 0.166667 0 0.00668896 0.0327122 0.0165615 0.00394322 0.0100334 0.0025824 1
s1083_-1.dimacs 299 4.24749 0.501312 0.286161 0.00866142 0.991339 0.506299 0.498425 0.9 0.1 0.49816 0.155755 0.244194 1.12471 0.159234 0.0909091 0 0.00668896 0.0237349 0.019857 0.00317712 0.0100334 0.00285738 1
s1571_1.dimacs 299 4.25753 0.496596 0.288693 0.00706991 0.99293 0.497251 0.506677 1 0.0909091 0.49765 0.143501 0.222689 1.16691 0.150211 0.111111 0 0.00668896 0.0264287 0.0190024 0.00395883 0.0100334 0.00291395 1
s1484_-1.dimacs 299 4.26087 0.492543 0.297031 0.00156986 0.99843 0.514129 0.486656 0.888889 0.0909091 0.49448 0.145033 0.233871 1.05641 0.162351 0.5 0 0.00668896 0.0574434 0.018096 0.00393391 0.0100334 0.00283557 1
s1995_-1.dimacs 299 4.25418 0.50249 0.289759 0.00628931 0.993711 0.495283 0.507075 1 0 0.49779 0.14732 0.233672 1.04764 0.163702 0.125 0 0.00668896 0.0281314 0.0205696 0.00316456 0.0100334 0.00273861 1
s1643_1.dimacs 299 4.25418 0.512448 0.282323 0.00786164 0.992138 0.480346 0.525157 1 0.1 0.513105 0.150824 0.235363 1.13591 0.134044 0.2 0 0.00668896 0.0262877 0.0198098 0.00396197 0.0100334 0.00286797 1
s1837_-1.dimacs 299 4.26756 0.497388 0.284944 0.0039185 0.996082 0.503135 0.498433 0.916667 0 0.495644 0.158315 0.251486 1.17533 0.151716 0.2 0 0.00668896 0.035959 0.0181102 0.0015748 0.0100334 0.00280306 1
s1166_-1.dimacs 299 4.24749 0.492388 0.279096 0.00314961 0.99685 0.508661 0.492913 0.9 0 0.491137 0.151053 0.23799 1.20404 0.131703 0.25 0 0.00668896 0.0403423 0.0189573 0.00315956 0.0100334 0.00288059 1
s1276_-1.dimacs 299 4.24749 0.50853 0.298936 0.00708661 0.992913 0.483465 0.520472 1 0.111111 0.51396 0.148216 0.236479 1.08408 0.160937 0.111111 0 0.00668896 0.0264287 0.0198255 0.00237906 0.0100334 0.00277295 1
s1253_1.dimacs 299 4.25753 0.491621 0.292571 0.00549882 0.994501 0.510605 0.491752 0.888889 0 0.490512 0.146279 0.232303 1.23384 0.146553 0.285714 0 0.00668896 0.0323625 0.0189573 0.00394945 0.0100334 0.00288204 1
s1174_1.dimacs 299 4.2709 0.498042 0.288744 0.00469851 0.995301 0.512138 0.490995 1 0.111111 0.497018 0.14576 0.230762 1.20472 0.144545 0.166667 0 0.00668896 0.0327122 0.0204563 0.00236035 0.0100334 0.00285522 1
s1871_-1.dimacs 299 4.25753 0.497905 0.286353 0.00471328 0.995287 0.501964 0.500393 0.888889 0 0.490255 0.151307 0.236636 1.15782 0.159002 0.166667 0 0.00668896 0.0327122 0.0189424 0.00315706 0.0100334 0.00290166 1
s1560_-1.dimacs 299 4.25418 0.493056 0.288402 0.00628931 0.993711 0.518082 0.485849 0.888889 0 0.49454 0.149664 0.231427 1.04347 0.166202 0.125 0 0.00668896 0.0281314 0.0174051 0.00158228 0.0100334 0.0028809 1
s1550_1.dimacs 299 4.25753 0.492145 0.290565 0.00628437 0.993716 0.516889 0.483896 0.916667 0 0.492111 0.156644 0.24561 1.14908 0.152731 0.25 0 0.00668896 0.0299315 0.0173913 0.00158103 0.0100334 0.0029471 1
s1598_-1.dimacs 299 4.24749 0.499869 0.287498 0.00314961 0.99685 0.50315 0.499213 0.888889 0 0.498277 0.144462 0.235569 1.14575 0.145809 0.25 0 0.00668896 0.0403423 0.0173776 0.00394945 0.0100334 0.00260599 1
s1626_-1.dimacs 299 4.25753 0.487431 0.286161 0.00157109 0.998429 0.513747 0.487038 0.833333 0.1 0.485718 0.15446 0.253586 1.15834 0.145616 0.5 0 0.00668896 0.0574434 0.0212431 0.00236035 0.0100334 0.00281873 1
s1890_-1.dimacs 299 4.24749 0.499344 0.290826 0.00314961 0.99685 0.496063 0.506299 0.9 0.1 0.498674 0.13802 0.220033 1.1941 0.146135 0.5 0 0.00668896 0.0452279 0.0189573 0.00236967 0.0100334 0.00277808 1
s1999_-1.dimacs 299 4.24749 0.499869 0.289621 0.00708661 0.992913 0.497638 0.504724 1 0 0.502701 0.151382 0.239477 1.2182 0.141732 0.222222 0 0.00668896 0.0279474 0.0182395 0.00317209 0.0100334 0.00281884 1
s1201_-1.dimacs 299 4.25753 0.5127 0.293198 0.00785546 0.992145 0.491752 0.512962 1 0 0.516156 0.14998 0.233235 1.17625 0.140468 0.1 0 0.00668896 0.0249831 0.0174326 0.00316957 0.0100334 0.00269898 1
s1969_1.dimacs 299 4.25084 0.501705 0.284936 0.00550747 0.994493 0.483871 0.519276 1 0 0.502403 0.158985 0.246238 1.0966 0.161423 0.142857 0 0.00668896 0.0301799 0.0181962 0.0039557 0.0100334 0.00286195 1
s1362_-1.dimacs 299 4.26087 0.483124 0.29093 0.00784929 0.992151 0.528257 0.474097 0.833333 0.1 0.480304 0.142659 0.226872 1.23135 0.135051 0.1 0 0.00668896 0.0249831 0.0181962 0.00237342 0.0100334 0.00290766 1
s1186_1.dimacs 299 4.24749 0.488976 0.287325 0.00314961 0.99685 0.519685 0.48189 1 0 0.488913 0.149891 0.238531 1.20229 0.141536 0.25 0 0.00668896 0.0403423 0.0173776 0.00473934 0.0100334 0.00273034 1
s1937_1.dimacs 299 4.25418 0.50249 0.287337 0.00707547 0.992925 0.507862 0.494497 1 0 0.506863 0.149719 0.233346 1.12323 0.158445 0.111111 0 0.00668896 0.0264287 0.0198098 0.00475436 0.0100334 0.00287163 1
s1679_1.dimacs 299 4.26421 0.499608 0.287161 0.00313725 0.996863 0.495686 0.505882 1 0.111111 0.499327 0.1454 0.229931 1.13946 0.146464 0.25 0 0.00668896 0.0403423 0.0196696 0.00314713 0.0100334 0.00278325 1
s1595_1.dimacs 299 4.27425 0.492697 0.286769 0.00547731 0.994523 0.510955 0.492175 0.833333 0.0666667 0.490653 0.143748 0.227866 1.14422 0.15119 0.142857 0 0.00668896 0.0301799 0.0196696 0.00393391 0.0100334 0.00270555 1
s1323_-1.dimacs 299 4.25753 0.49005 0.285118 0.00706991 0.99293 0.512176 0.493323 0.875 0 0.486482 0.152533 0.236454 1.09124 0.149181 0.111111 0 0.00668896 0.0264287 0.0158228 0.00316456 0.0100334 0.00268768 1
s1769_1.dimacs 299 4.26087 0.504579 0.296133 0.00784929 0.992151 0.506279 0.496075 1 0.0769231 0.503668 0.14524 0.227096 1.22324 0.133475 0.2 0 0.00668896 0.0262877 0.0181962 0.00158228 0.0100334 0.00281028 1
s1794_1.dimacs 299 4.26421 0.496863 0.294597 0.00392157 0.996078 0.505098 0.497255 0.9 0 0.497326 0.151502 0.237611 1.10038 0.14835 0.2 0 0.00668896 0.035959 0.0188976 0.00314961 0.0100334 0.00277556 1
s1834_1.dimacs 299 4.26421 0.495686 0.280916 0.00392157 0.996078 0.49098 0.512157 0.888889 0.0909091 0.495924 0.141874 0.22683 1.14896 0.156134 0.2 0 0.00668896 0.035959 0.0212598 0.00393701 0.0100334 0.00285873 1
s1283_1.dimacs 299 4.25418 0.505896 0.287592 0.00471698 0.995283 0.496855 0.505503 0.875 0 0.500501 0.144799 0.227603 1.13352 0.142884 0.166667 0 0.00668896 0.0327122 0.0205371 0.00236967 0.0100334 0.00271425 1
s1883_1.dimacs 299 4.26421 0.50719 0.292485 0.00235294 0.997647 0.487059 0.51451 1 0.0909091 0.507563 0.152134 0.236997 0.999764 0.182246 0.333333 0 0.00668896 0.046743 0.0188679 0.00393082 0.0100334 0.00275285 1
s1381_-1.dimacs 299 4.25418 0.515854 0.287822 0.00471698 0.995283 0.47956 0.522799 1 0 0.520103 0.154402 0.243808 1.1465 0.159503 0.166667 0 0.00668896 0.0327122 0.0181675 0.00473934 0.0100334 0.00272422 1
s1777_-1.dimacs 299 4.26087 0.509158 0.280327 0.00313972 0.99686 0.485871 0.515699 0.846154 0.0769231 0.508638 0.144047 0.234218 1.19795 0.13958 0.25 0 0.00668896 0.0403423 0.0165354 0.00314961 0.0100334 0.00282884 1
s1993_1.dimacs 299 4.25418 0.510351 0.286019 0.000786164 0.999214 0.497642 0.503145 1 0 0.506842 0.144725 0.226756 1.11179 0.146417 1 0 0.00668896 0.0815121 0.0188828 0.00314713 0.0100334 0.00282826 1
s1947_1.dimacs 299 4.25753 0.48861 0.287313 0.00706991 0.99293 0.520817 0.482325 0.875 0.0769231 0.485782 0.145353 0.230201 1.08486 0.13977 0.111111 0 0.00668896 0.0264287 0.0181962 0.00316456 0.0100334 0.00275917 1
s1239_1.dimacs 299 4.25084 0.506425 0.282944 0.00708104 0.992919 0.490952 0.513769 0.909091 0 0.507742 0.143692 0.233532 1.10235 0.14708 0.222222 0 0.00668896 0.0279474 0.018225 0.00316957 0.0100334 0.0026982 1
s1183_1.dimacs 299 4.25084 0.511408 0.283405 0.00472069 0.995279 0.490165 0.514555 1 0 0.510103 0.14933 0.238044 1.04026 0.166233 0.166667 0 0.00668896 0.0327122 0.0181818 0.00395257 0.0100334 0.00297323 1
s1167_-1.dimacs 299 4.24415 0.506567 0.28879 0.00315209 0.996848 0.494878 0.50591 0.857143 0 0.506296 0.142564 0.225421 1.0458 0.170569 0.25 0 0.00668896 0.0403423 0.0181818 0.00316206 0.0100334 0.00280839 1
s1616_-1.dimacs 299 4.26421 0.508105 0.291528 0.00470588 0.995294 0.491765 0.510588 0.923077 0 0.506716 0.154216 0.244537 1.09673 0.155936 0.166667 0 0.00668896 0.0327122 0.0197006 0.00394011 0.0100334 0.00264579 1
s1350_-1.dimacs 299 4.25418 0.508779 0.288655 0.00550314 0.994497 0.47327 0.53066 0.909091 0.0625 0.5093 0.14599 0.236154 1.14652 0.146711 0.285714 0 0.00668896 0.0323625 0.0205534 0.00237154 0.0100334 0.00280839 1
s1442_-1.dimacs 299 4.24415 0.511952 0.296289 0.00866824 0.991332 0.49409 0.509062 0.875 0.1 0.515149 0.137727 0.218464 1.15193 0.154841 0.0909091 0 0.00668896 0.0237349 0.018283 0.00397456 0.0100334 0.00267593 1
s1047_-1.dimacs 299 4.26087 0.497384 0.28768 0.00784929 0.992151 0.499215 0.505495 0.857143 0.125 0.49272 0.14441 0.23098 1.22498 0.144508 0.1 0 0.00668896 0.0249831 0.0189873 0.00158228 0.0100334 0.00283697 1
s1844_1.dimacs 299 4.25418 0.505634 0.287217 0.00707547 0.992925 0.48978 0.514151 0.875 0.153846 0.502538 0.142735 0.22829 1.04097 0.173487 0.111111 0 0.00668896 0.0264287 0.0182106 0.00395883 0.0100334 0.00269023 1
s1385_-1.dimacs 299 4.25084 0.500393 0.294447 0.00472069 0.995279 0.510622 0.489378 1 0.0909091 0.498033 0.149783 0.23454 1.15599 0.144042 0.166667 0 0.00668896 0.0327122 0.0205534 0.00395257 0.0100334 0.00268901 1
s1974_-1.dimacs 299 4.25753 0.498429 0.294397 0.00706991 0.99293 0.506677 0.497251 0.9 0.0714286 0.500081 0.14831 0.231139 1.12573 0.153266 0.222222 0 0.00668896 0.0279474 0.0197785 0.00237342 0.0100334 0.00260462 1
s1544_-1.dimacs 299 4.26087 0.49843 0.286015 0.00156986 0.99843 0.522763 0.478807 1 0.0909091 0.500257 0.146552 0.231072 1.20602 0.141676 0.5 0 0.00668896 0.0574434 0.0180818 0.00235849 0.0100334 0.00281595 1
s1977_-1.dimacs 299 4.25418 0.51022 0.284991 0.00471698 0.995283 0.492138 0.511006 1 0.142857 0.512816 0.144676 0.229996 1.22661 0.132107 0.166667 0 0.00668896 0.0327122 0.0205371 0.00315956 0.0100334 0.0028972 1
s1590_-1.dimacs 299 4.26087 0.506934 0.279496 0.00156986 0.99843 0.494505 0.506279 0.9 0.0769231 0.508478 0.143586 0.231663 1.03926 0.159948 0.5 0 0.00668896 0.0574434 0.0188679 0.00235849 0.0100334 0.00292469 1
s1583_1.dimacs 299 4.26421 0.49281 0.294193 0.00392157 0.996078 0.516863 0.486275 1 0.0909091 0.492317 0.151833 0.236443 1.23441 0.15855 0.2 0 0.00668896 0.035959 0.0181102 0.00314961 0.0100334 0.00296764 1
s1405_-1.dimacs 299 4.25418 0.518213 0.293693 0.00393082 0.996069 0.46934 0.533019 1 0.0909091 0.520613 0.147678 0.239789 1.12536 0.163594 0.4 0 0.00668896 0.0395045 0.0173639 0.00394633 0.0100334 0.00269312 1
s1477_1.dimacs 299 4.26087 0.507195 0.286043 0.00863422 0.991366 0.496075 0.509419 0.875 0.142857 0.508562 0.14447 0.227251 1.26087 0.151338 0.0909091 0 0.00668896 0.0237349 0.0190024 0.00475059 0.0100334 0.00275796 1
s1793_-1.dimacs 299 4.24749 0.487008 0.288951 0.00629921 0.993701 0.520472 0.483465 0.909091 0 0.48411 0.138143 0.219982 1.28824 0.149666 0.125 0 0.00668896 0.0281314 0.0190174 0.00396197 0.0100334 0.00286871 1
s1894_-1.dimacs 299 4.25084 0.504721 0.286089 0.00708104 0.992919 0.503541 0.500393 1 0.125 0.501803 0.159976 0.250144 1.20349 0.134691 0.111111 0 0.00668896 0.0264287 0.0190174 0.00316957 0.0100334 0.00261842 1
s1211_-1.dimacs 299 4.26087 0.510204 0.292249 0.00313972 0.99686 0.476452 0.523548 0.888889 0 0.509822 0.145529 0.230493 1.24161 0.12238 0.25 0 0.00668896 0.0403423 0.0220472 0.0023622 0.0100334 0.00308548 1
s1087_-1.dimacs 299 4.25753 0.506808 0.292687 0.00235664 0.997643 0.479969 0.520817 0.916667 0.0909091 0.507855 0.148516 0.240026 1.22073 0.134403 0.333333 0 0.00668896 0.046743 0.0181102 0.0023622 0.0100334 0.00289406 1
s1386_-1.dimacs 299 4.26087 0.501177 0.285139 0.00156986 0.99843 0.503925 0.49686 1 0.1 0.502855 0.150646 0.242418 1.13468 0.146804 0.5 0 0.00668896 0.0574434 0.0196541 0.00314465 0.0100334 0.00290981 1
s1579_1.dimacs 299 4.25753 0.507463 0.294862 0.00785546 0.992145 0.500393 0.504321 0.909091 0.111111 0.505917 0.145941 0.231275 1.14307 0.139479 0.1 0 0.00668896 0.0249831 0.0213777 0.00395883 0.0100334 0.00293117 1
s1945_1.dimacs 299 4.25418 0.493056 0.287796 0.00628931 0.993711 0.503931 0.5 1 0 0.492038 0.159082 0.244995 1.14773 0.139899 0.125 0 0.00668896 0.0281314 0.0181962 0.00158228 0.0100334 0.00285683 1
s1601_1.dimacs 299 4.24749 0.493701 0.29042 0.00787402 0.992126 0.520472 0.482677 1 0 0.489366 0.149661 0.233829 1.05237 0.168001 0.2 0 0.00668896 0.0262877 0.0174603 0.00238095 0.0100334 0.00283258 1
s1449_-1.dimacs 299 4.25418 0.483753 0.284097 0.00393082 0.996069 0.538522 0.464623 1 0.0769231 0.483113 0.152415 0.237018 1.14395 0.14897 0.2 0 0.00668896 0.035959 0.0181531 0.0023678 0.0100334 0.00269312 1
s1725_-1.dimacs 299 4.26421 0.496601 0.281355 0.00313725 0.996863 0.506667 0.494118 1 0.0909091 0.504493 0.148228 0.23723 1.12381 0.151197 0.25 0 0.00668896 0.0403423 0.0188976 0.000787402 0.0100334 0.00298158 1
s1291_1.dimacs 299 4.26421 0.490458 0.282951 0.0054902 0.99451 0.518431 0.484706 1 0.0769231 0.49315 0.148253 0.234214 1.11856 0.172241 0.142857 0 0.00668896 0.0301799 0.0165615 0.00315457 0.0100334 0.00276146 1
s1752_1.dimacs 299 4.26087 0.498953 0.291978 0.00549451 0.994505 0.50157 0.50157 0.909091 0 0.502498 0.153611 0.245967 1.09682 0.148448 0.142857 0 0.00668896 0.0301799 0.0197316 0.00157853 0.0100334 0.00267293 1
s1152_-1.dimacs 299 4.24749 0.491207 0.289412 0.00551181 0.994488 0.522835 0.481102 1 0 0.48953 0.14228 0.227529 1.01561 0.164357 0.285714 0 0.00668896 0.0323625 0.0182106 0.00395883 0.0100334 0.00274195 1
s1903_-1.dimacs 299 4.26087 0.509681 0.283635 0.00549451 0.994505 0.470173 0.532967 0.916667 0 0.510412 0.159902 0.254746 1.18738 0.131302 0.142857 0 0.00668896 0.0301799 0.0181675 0.00315956 0.0100334 0.00277657 1
s1726_1.dimacs 299 4.25753 0.498429 0.299103 0.00628437 0.993716 0.501964 0.501964 0.916667 0.125 0.497368 0.140039 0.218061 1.00281 0.157515 0.125 0 0.00668896 0.0281314 0.0173913 0.00316206 0.0100334 0.00288981 1
s1121_1.dimacs 299 4.25084 0.501442 0.295703 0.00786782 0.992132 0.493312 0.511408 1 0.1 0.506723 0.160718 0.257687 1.13519 0.152828 0.1 0 0.00668896 0.0249831 0.0198255 0.00317209 0.0100334 0.00292431 1
s1070_1.dimacs 299 4.24415 0.508143 0.293487 0.00788022 0.99212 0.479905 0.522459 1 0.0909091 0.50994 0.162877 0.252235 1.18966 0.151574 0.1 0 0.00668896 0.0249831 0.0222399 0.00317712 0.0100334 0.00276353 1
s1202_-1.dimacs 299 4.25418 0.513103 0.286783 0.00393082 0.996069 0.470126 0.531447 1 0 0.517654 0.154753 0.243941 1.12801 0.133779 0.4 0 0.00668896 0.0395045 0.0173639 0.00315706 0.0100334 0.00278216 1
s1018_-1.dimacs 299 4.26421 0.505359 0.28429 0.00313725 0.996863 0.494118 0.50902 1 0.0909091 0.505466 0.156785 0.247102 1.12731 0.151262 0.25 0 0.00668896 0.0403423 0.0204563 0.00393391 0.0100334 0.00271319 1
s1631_-1.dimacs 299 4.25084 0.508523 0.283043 0.00236035 0.99764 0.492526 0.509048 1 0 0.507755 0.16238 0.256806 1.24234 0.158925 0.333333 0 0.00668896 0.046743 0.0189274 0.00315457 0.0100334 0.00286716 1
s1275_-1.dimacs 299 4.24749 0.503018 0.289303 0.00472441 0.995276 0.50315 0.499213 0.866667 0 0.502524 0.146591 0.230023 1.12374 0.154404 0.166667 0 0.00668896 0.0327122 0.0237342 0.00316456 0.0100334 0.00281624 1
s1148_1.dimacs 299 4.26087 0.503532 0.288842 0.00706436 0.992936 0.50471 0.500785 1 0.1 0.505221 0.154662 0.246566 1.25214 0.129591 0.111111 0 0.00668896 0.0264287 0.0173913 0.00237154 0.0100334 0.00280392 1
s1429_-1.dimacs 299 4.24415 0.507224 0.291978 0.00630418 0.993696 0.494878 0.508274 1 0.0909091 0.513742 0.161381 0.252324 1.06188 0.155497 0.25 0 0.00668896 0.0299315 0.0182395 0.00396511 0.0100334 0.00286032 1
s1290_-1.dimacs 299 4.26087 0.497384 0.286312 0.00470958 0.99529 0.493721 0.507849 1 0.0909091 0.500749 0.148535 0.236532 1.06446 0.160156 0.166667 0 0.00668896 0.0327122 0.0189424 0.0023678 0.0100334 0.00284217 1
s1312_1.dimacs 299 4.25418 0.502227 0.286959 0.00628931 0.993711 0.505503 0.498428 0.933333 0 0.498708 0.1517 0.239379 1.11191 0.142729 0.125 0 0.00668896 0.0281314 0.0174051 0.00316456 0.0100334 0.00261265 1
s1859_1.dimacs 299 4.2408 0.511567 0.293861 0.00315457 0.996845 0.485016 0.514984 1 0.0714286 0.510299 0.151006 0.240079 1.10287 0.15941 0.25 0 0.00668896 0.0403423 0.0181962 0.00237342 0.0100334 0.0028073 1
s1501_1.dimacs 299 4.26087 0.501177 0.283529 0.00470958 0.99529 0.503925 0.49843 0.928571 0.153846 0.502486 0.15233 0.246098 1.25125 0.145067 0.166667 0 0.00668896 0.0327122 0.0181388 0.00315457 0.0100334 0.00280555 1
s1845_1.dimacs 299 4.25084 0.515998 0.280897 0.000786782 0.999213 0.477577 0.52321 0.875 0 0.512076 0.141511 0.223113 1.15571 0.143063 1 0 0.00668896 0.0815121 0.0188976 0.00393701 0.0100334 0.00267125 1
s1179_1.dimacs 299 4.25753 0.497251 0.287829 0.00549882 0.994501 0.509819 0.493323 0.9 0.111111 0.499153 0.139467 0.226296 1.07307 0.171785 0.142857 0 0.00668896 0.0301799 0.0189723 0.00395257 0.0100334 0.00282249 1
s1994_1.dimacs 299 4.25418 0.487814 0.28218 0.00550314 0.994497 0.529874 0.472484 1 0 0.488045 0.149831 0.2339 1.20513 0.138716 0.142857 0 0.00668896 0.0301799 0.0173913 0.00316206 0.0100334 0.00281359 1
s1706_-1.dimacs 299 4.26087 0.491366 0.299302 0.00627943 0.993721 0.516484 0.485086 1 0.1 0.495005 0.155722 0.247783 1.2168 0.129115 0.25 0 0.00668896 0.0299315 0.0173913 0.00158103 0.0100334 0.00266873 1
s1465_1.dimacs 299 4.25084 0.489378 0.289689 0.00314713 0.996853 0.515342 0.486231 0.857143 0 0.490695 0.141166 0.224308 1.1188 0.157323 0.25 0 0.00668896 0.0403423 0.0165746 0.00315706 0.0100334 0.00247208 1
s1569_-1.dimacs 299 4.2709 0.511746 0.292963 0.00626468 0.993735 0.48473 0.519186 0.846154 0.111111 0.510471 0.144351 0.228841 1.05744 0.184783 0.25 0 0.00668896 0.0299315 0.0197161 0.00236593 0.0100334 0.00256786 1
s1880_-1.dimacs 299 4.25084 0.507343 0.289376 0.00472069 0.995279 0.485445 0.518489 1 0 0.510005 0.160071 0.255716 1.27683 0.128975 0.166667 0 0.00668896 0.0327122 0.0181818 0.00237154 0.0100334 0.00294427 1
s1284_1.dimacs 299 4.26756 0.507445 0.287407 0.00940439 0.990596 0.497649 0.507837 0.888889 0.111111 0.509652 0.137197 0.21629 1.04786 0.169207 0.166667 0 0.00668896 0.0236458 0.0189873 0.0039557 0.0100334 0.00262862 1
s1448_1.dimacs 299 4.25753 0.49437 0.281424 0.00549882 0.994501 0.516889 0.484682 1 0 0.491412 0.150661 0.230815 1.18295 0.150466 0.142857 0 0.00668896 0.0301799 0.0181675 0.00315956 0.0100334 0.00278183 1
s1499_1.dimacs 299 4.2408 0.51275 0.292354 0.00867508 0.991325 0.485804 0.519716 0.888889 0.125 0.512284 0.147076 0.236556 1.14387 0.155665 0.0909091 0 0.00668896 0.0237349 0.0191083 0.00398089 0.0100334 0.00300088 1
s1064_-1.dimacs 299 4.23746 0.508287 0.278661 0.0023678 0.997632 0.486188 0.515391 1 0.111111 0.506879 0.150988 0.241079 1.28382 0.123746 0.333333 0 0.00668896 0.046743 0.0174051 0.00316456 0.0100334 0.00277203 1
s1133_-1.dimacs 299 4.25753 0.494763 0.279759 0.00549882 0.994501 0.503535 0.500393 1 0.125 0.49604 0.150978 0.236396 1.23938 0.105531 0.285714 0 0.00668896 0.0323625 0.0165877 0.00157978 0.0100334 0.00273264 1
s1128_-1.dimacs 299 4.26421 0.496601 0.28313 0.00235294 0.997647 0.518431 0.483922 0.888889 0.0909091 0.498636 0.153983 0.247938 1.28761 0.120513 0.333333 0 0.00668896 0.046743 0.0220299 0.00314713 0.0100334 0.00290197 1
s1374_1.dimacs 299 4.26421 0.492026 0.282692 0.0054902 0.99451 0.508235 0.494902 1 0.1 0.491596 0.144242 0.226303 1.09518 0.148958 0.142857 0 0.00668896 0.0301799 0.0197161 0.00315457 0.0100334 0.00284604 1
s1639_1.dimacs 299 4.24415 0.488442 0.291501 0.0070922 0.992908 0.500394 0.503546 0.909091 0 0.490534 0.153502 0.236536 1.1777 0.14357 0.222222 0 0.00668896 0.0279474 0.0190476 0.0031746 0.0100334 0.0027365 1
s1424_1.dimacs 299 4.25084 0.488198 0.284735 0.00786782 0.992132 0.512982 0.489378 0.9 0 0.488335 0.154689 0.248034 1.13962 0.147575 0.1 0 0.00668896 0.0249831 0.0182395 0.00317209 0.0100334 0.0027046 1
s1549_-1.dimacs 299 4.25753 0.49005 0.294381 0.00471328 0.995287 0.514533 0.486253 0.875 0 0.490577 0.146847 0.23104 1.08744 0.172904 0.166667 0 0.00668896 0.0327122 0.0181675 0.00236967 0.0100334 0.00279082 1
s1260_1.dimacs 299 4.26087 0.514521 0.291431 0.00392465 0.996075 0.482732 0.518053 1 0.0833333 0.516179 0.156521 0.248341 1.34821 0.123499 0.2 0 0.00668896 0.035959 0.0212766 0.00236407 0.0100334 0.00286078 1
s1041_1.dimacs 299 4.26087 0.494375 0.286916 0.00549451 0.994505 0.508634 0.492151 1 0 0.489036 0.152486 0.242623 1.10385 0.152144 0.285714 0 0.00668896 0.0323625 0.0197316 0.00315706 0.0100334 0.00272771 1
s2000_1.dimacs 299 4.24415 0.502233 0.285541 0.00315209 0.996848 0.492514 0.507486 0.909091 0.111111 0.502182 0.145345 0.230644 1.26627 0.134114 0.25 0 0.00668896 0.0403423 0.0205534 0.00237154 0.0100334 0.00298865 1
s1446_1.dimacs 299 4.23746 0.4804 0.288465 0.00789266 0.992107 0.533544 0.471192 0.875 0.1 0.478655 0.157473 0.255889 1.04481 0.162088 0.1 0 0.00668896 0.0249831 0.017502 0.00318218 0.0100334 0.00277613 1
s1750_-1.dimacs 299 4.25753 0.504975 0.284252 0.00157109 0.998429 0.490181 0.510605 0.909091 0.0625 0.504776 0.142871 0.219246 1.18219 0.141806 0.5 0 0.00668896 0.0574434 0.0204724 0.00314961 0.0100334 0.00279566 1
s1698_-1.dimacs 299 4.24415 0.503415 0.287858 0.00394011 0.99606 0.493302 0.509062 0.909091 0 0.50693 0.149911 0.233963 1.06177 0.160409 0.4 0 0.00668896 0.0395045 0.0181962 0.00316456 0.0100334 0.00268613 1
s1408_-1.dimacs 299 4.26421 0.514379 0.286991 0.00705882 0.992941 0.48 0.523922 1 0.1 0.509177 0.158529 0.252848 1.16982 0.156355 0.222222 0 0.00668896 0.0279474 0.0197472 0.00315956 0.0100334 0.00280945 1
s1663_1.dimacs 299 4.25418 0.488208 0.290471 0.00550314 0.994497 0.521226 0.480346 0.882353 0 0.490164 0.151397 0.240189 1.30142 0.185619 0.142857 0 0.00668896 0.0301799 0.0189723 0.00316206 0.0100334 0.00267342 1
s1129_-1.dimacs 299 4.26087 0.491889 0.292091 0.00941915 0.990581 0.507064 0.497645 0.875 0.0833333 0.487934 0.151264 0.244786 1.08767 0.149196 0.166667 0 0.00668896 0.0236458 0.018225 0.00396197 0.0100334 0.00275214 1
s1085_-1.dimacs 299 4.26756 0.510188 0.282625 0.0023511 0.997649 0.478056 0.523511 0.916667 0.0909091 0.511486 0.138684 0.223132 1.2652 0.114091 0.333333 0 0.00668896 0.046743 0.017282 0.00392773 0.0100334 0.00250831 1
s1246_-1.dimacs 299 4.24749 0.500262 0.293186 0.00708661 0.992913 0.49685 0.506299 0.875 0.125 0.500818 0.145508 0.232341 1.24652 0.139313 0.111111 0 0.00668896 0.0264287 0.0166534 0.00317209 0.0100334 0.00281212 1
s1030_1.dimacs 299 4.25753 0.496334 0.292221 0.00628437 0.993716 0.51139 0.494108 1 0 0.496487 0.150323 0.233997 1.09214 0.149596 0.125 0 0.00668896 0.0281314 0.0197628 0.00158103 0.0100334 0.00290999 1
s1678_-1.dimacs 299 4.25084 0.490427 0.28115 0.00314713 0.996853 0.510622 0.490952 0.888889 0 0.492588 0.14858 0.23025 1.18921 0.144314 0.25 0 0.00668896 0.0403423 0.0213102 0.00394633 0.0100334 0.00287497 1
s1625_-1.dimacs 299 4.2408 0.51183 0.283762 0.00236593 0.997634 0.484227 0.51735 1 0.1 0.514674 0.148675 0.241633 1.19874 0.136309 0.333333 0 0.00668896 0.046743 0.0197628 0.00395257 0.0100334 0.00273907 1
s1644_-1.dimacs 299 4.25418 0.49751 0.287413 0.00628931 0.993711 0.504717 0.496069 1 0 0.499709 0.151086 0.241748 1.1701 0.144413 0.125 0 0.00668896 0.0281314 0.0189873 0.00158228 0.0100334 0.00282884 1
s1511_-1.dimacs 299 4.25418 0.491745 0.287001 0.00786164 0.992138 0.515723 0.491352 0.9 0.0909091 0.491614 0.154547 0.247102 1.14331 0.157933 0.1 0 0.00668896 0.0249831 0.0174326 0.00396197 0.0100334 0.0027983 1
s1707_1.dimacs 299 4.25418 0.515461 0.288564 0.00393082 0.996069 0.477987 0.522013 1 0 0.513961 0.145357 0.223329 1.10619 0.155641 0.4 0 0.00668896 0.0395045 0.0173639 0.00315706 0.0100334 0.00292597 1
s1754_-1.dimacs 299 4.25418 0.49869 0.297538 0.00314465 0.996855 0.496855 0.504717 0.9 0.166667 0.49997 0.137052 0.216121 1.10326 0.140061 0.5 0 0.00668896 0.0452279 0.0205047 0.00315457 0.0100334 0.00263029 1
s1293_1.dimacs 299 4.24415 0.515235 0.282249 0.00788022 0.99212 0.477541 0.524823 0.923077 0.142857 0.514992 0.146544 0.238159 1.14822 0.15412 0.1 0 0.00668896 0.0249831 0.0174742 0.00397141 0.0100334 0.00268059 1
s1604_1.dimacs 299 4.24749 0.489501 0.291726 0.00787402 0.992126 0.517323 0.487402 1 0.0909091 0.491641 0.146433 0.233626 1.14997 0.147603 0.1 0 0.00668896 0.0249831 0.018254 0.0031746 0.0100334 0.00275797 1
s1621_1.dimacs 299 4.25084 0.488854 0.293194 0.00629426 0.993706 0.508261 0.494886 0.866667 0.111111 0.487328 0.146967 0.239234 1.08321 0.155858 0.125 0 0.00668896 0.0281314 0.0190024 0.0023753 0.0100334 0.00272968 1
s1175_-1.dimacs 299 4.25753 0.513616 0.28466 0.00864101 0.991359 0.472113 0.533386 1 0 0.511008 0.161071 0.251206 1.06929 0.151335 0.0909091 0 0.00668896 0.0237349 0.018225 0.00316957 0.0100334 0.0027445 1
s1372_1.dimacs 299 4.26421 0.484575 0.287922 0.00470588 0.995294 0.519216 0.483137 1 0.111111 0.485907 0.151109 0.240192 1.09595 0.166448 0.166667 0 0.00668896 0.0327122 0.0197006 0.00315209 0.0100334 0.00289828 1
s1324_-1.dimacs 299 4.25418 0.488208 0.291672 0.00550314 0.994497 0.505503 0.496069 0.888889 0.0769231 0.487266 0.155429 0.246353 1.10322 0.150018 0.142857 0 0.00668896 0.0301799 0.0221519 0.00237342 0.0100334 0.00296964 1
s1486_-1.dimacs 299 4.2408 0.495005 0.294269 0.00630915 0.993691 0.514196 0.487382 1 0.0909091 0.492106 0.154629 0.236962 1.25827 0.145017 0.125 0 0.00668896 0.0281314 0.018254 0.0031746 0.0100334 0.0028452 1
s1142_1.dimacs 299 4.2709 0.509789 0.287981 0.0054816 0.994518 0.489428 0.513704 1 0 0.509919 0.156414 0.248972 1.20247 0.130697 0.142857 0 0.00668896 0.0301799 0.0188976 0.000787402 0.0100334 0.00279566 1
s1247_1.dimacs 299 4.26756 0.493861 0.290227 0.00470219 0.995298 0.518025 0.485893 1 0.0769231 0.494722 0.14747 0.235905 1.16278 0.140665 0.166667 0 0.00668896 0.0327122 0.0173228 0.0023622 0.0100334 0.00286091 1
s1409_-1.dimacs 299 4.25418 0.490959 0.295156 0.00707547 0.992925 0.521226 0.484277 0.909091 0 0.487816 0.158891 0.25086 1.33351 0.173913 0.111111 0 0.00668896 0.0264287 0.0190024 0.00316706 0.0100334 0.00283148 1
s1431_1.dimacs 299 4.2408 0.504863 0.280122 0.00630915 0.993691 0.498423 0.505521 0.909091 0.125 0.501605 0.146911 0.239983 1.09152 0.148829 0.125 0 0.00668896 0.0281314 0.0198413 0.0031746 0.0100334 0.00287613 1
s1620_-1.dimacs 299 4.23411 0.505924 0.282816 0.00473934 0.995261 0.494471 0.507899 0.9 0.125 0.50411 0.151512 0.250744 1.24055 0.122959 0.166667 0 0.00668896 0.0327122 0.0198413 0.0047619 0.0100334 0.00262009 1
s1154_1.dimacs 299 4.24749 0.500525 0.277313 0.00314961 0.99685 0.50315 0.498425 1 0.111111 0.499915 0.152188 0.238018 1.17355 0.135837 0.25 0 0.00668896 0.0403423 0.0189573 0.00236967 0.0100334 0.00278782 1
s1830_-1.dimacs 299 4.26421 0.497386 0.288021 0.00470588 0.995294 0.512941 0.489412 0.888889 0 0.499264 0.144022 0.226143 1.0572 0.150452 0.166667 0 0.00668896 0.0327122 0.0181245 0.00315209 0.0100334 0.00260545 1
s1627_1.dimacs 299 4.24749 0.509974 0.293091 0.00314961 0.99685 0.485827 0.515748 0.875 0 0.509265 0.144331 0.231208 1.09351 0.145819 0.25 0 0.00668896 0.0403423 0.0157978 0.00394945 0.0100334 0.00256239 1
s1227_1.dimacs 299 4.25753 0.505761 0.286302 0.00314218 0.996858 0.487824 0.514533 0.875 0.111111 0.506111 0.147692 0.239464 1.15284 0.155581 0.25 0 0.00668896 0.0403423 0.0173365 0.00236407 0.0100334 0.00286078 1
s1189_1.dimacs 299 4.26756 0.50209 0.293899 0.00548589 0.994514 0.494514 0.508621 0.833333 0.0769231 0.503284 0.139872 0.224276 1.1294 0.142618 0.142857 0 0.00668896 0.0301799 0.0181245 0.00315209 0.0100334 0.00272773 1
s1450_1.dimacs 299 4.24749 0.493963 0.291403 0.00393701 0.996063 0.510236 0.491339 1 0 0.493973 0.147836 0.232454 1.31092 0.13778 0.2 0 0.00668896 0.035959 0.0166008 0.00316206 0.0100334 0.0028992 1
s1928_1.dimacs 299 4.2709 0.498434 0.286667 0.00234926 0.997651 0.503524 0.498825 1 0.166667 0.499902 0.147851 0.241778 1.19415 0.139092 0.333333 0 0.00668896 0.046743 0.0188383 0.00313972 0.0100334 0.00291753 1
s1307_-1.dimacs 299 4.26421 0.502614 0.288021 0.00627451 0.993725 0.495686 0.506667 0.857143 0.0833333 0.500854 0.146375 0.230382 1.05658 0.162716 0.25 0 0.00668896 0.0299315 0.0197316 0.00315706 0.0100334 0.00274674 1
s1120_1.dimacs 299 4.24749 0.499869 0.306641 0.00708661 0.992913 0.503937 0.498425 0.888889 0.0714286 0.497281 0.152752 0.242922 1.22061 0.149133 0.111111 0 0.00668896 0.0264287 0.0174465 0.00396511 0.0100334 0.00282331 1
s1089_1.dimacs 299 4.24749 0.493832 0.299433 0.00708661 0.992913 0.526772 0.474016 0.888889 0.0666667 0.497557 0.15301 0.251781 1.25002 0.138435 0.222222 0 0.00668896 0.0279474 0.0206186 0.00237906 0.0100334 0.00292862 1
s1607_-1.dimacs 299 4.2408 0.500789 0.286388 0.00473186 0.995268 0.486593 0.516562 0.9 0.111111 0.497248 0.146426 0.235255 1.20106 0.138796 0.333333 0 0.00668896 0.0354385 0.0206022 0.00237718 0.0100334 0.00259748 1
s1758_1.dimacs 299 4.24749 0.493963 0.287777 0.00629921 0.993701 0.514961 0.486614 0.857143 0.0769231 0.492606 0.151006 0.236163 1.08145 0.156375 0.125 0 0.00668896 0.0281314 0.0198098 0.00316957 0.0100334 0.002733 1
s1824_-1.dimacs 299 4.24749 0.498163 0.290407 0.00866142 0.991339 0.506299 0.498425 0.888889 0.142857 0.49705 0.147152 0.236392 1.1348 0.144649 0.181818 0 0.00668896 0.0259597 0.0190627 0.00397141 0.0100334 0.00284776 1
s1563_1.dimacs 299 4.25418 0.496855 0.293013 0.00393082 0.996069 0.503931 0.499214 0.888889 0 0.493266 0.160682 0.252121 1.17168 0.129307 0.2 0 0.00668896 0.035959 0.0181531 0.00394633 0.0100334 0.00266513 1
s1215_1.dimacs 299 4.24415 0.501707 0.292661 0.00630418 0.993696 0.49409 0.509062 0.923077 0.125 0.502411 0.143837 0.235567 1.2481 0.135452 0.125 0 0.00668896 0.0281314 0.0190476 0.00396825 0.0100334 0.00292623 1
