u1010_-1.dimacs 299 4.25418 0.48729 0.292269 0.00314465 0.996855 0.509434 0.491352 0.888889 0.0833333 0.489151 0.148684 0.239023 1.12849 0.150239 0.25 0 0.00668896 0.0403423 0.0181388 0.00394322 0.0100334 0.00290679 0
u1011_-1.dimacs 299 4.26087 0.519885 0.285404 0.00941915 0.990581 0.491366 0.514914 1 0.1 0.52062 0.143828 0.223786 1.04308 0.158432 0.0833333 0 0.00668896 0.0226422 0.0190174 0.00237718 0.0100334 0.002759 0
u1015_1.dimacs 299 4.26421 0.493333 0.297153 0.00705882 0.992941 0.515294 0.487843 0.888889 0.1 0.494294 0.146275 0.236132 0.989575 0.168129 0.111111 0 0.00668896 0.0264287 0.0229068 0.00315956 0.0100334 0.00288421 0
u1022_1.dimacs 299 4.26087 0.491366 0.290729 0.00392465 0.996075 0.514129 0.487441 1 0 0.494704 0.149374 0.234438 1.12173 0.149591 0.4 0 0.00668896 0.0395045 0.0197006 0.00315209 0.0100334 0.00272087 0
u1026_-1.dimacs 299 4.25753 0.504844 0.286662 0.00392773 0.996072 0.503535 0.498036 0.866667 0 0.500539 0.149605 0.238971 1.04298 0.162288 0.4 0 0.00668896 0.0395045 0.0181388 0.00394322 0.0100334 0.00279664 0
u1035_-1.dimacs 299 4.25418 0.505634 0.278885 0.00471698 0.995283 0.482704 0.521226 1 0.181818 0.507069 0.145849 0.226959 1.06699 0.167033 0.166667 0 0.00668896 0.0327122 0.0173913 0.00158103 0.0100334 0.00273066 0
u1032_1.dimacs 299 4.25418 0.507075 0.285086 0.00628931 0.993711 0.498428 0.504717 1 0 0.512672 0.152577 0.237661 1.16131 0.141047 0.25 0 0.00668896 0.0299315 0.0197785 0.00237342 0.0100334 0.00284434 0
u1023_1.dimacs 299 4.24749 0.512073 0.285373 0.00472441 0.995276 0.490551 0.512598 1 0 0.506153 0.149732 0.228428 1.12007 0.148365 0.333333 0 0.00668896 0.0354385 0.0197785 0.00316456 0.0100334 0.00279909 0
u1036_1.dimacs 299 4.25084 0.505639 0.292531 0.00393391 0.996066 0.487805 0.513769 0.9 0.1 0.50442 0.151625 0.238566 1.09399 0.154289 0.2 0 0.00668896 0.035959 0.0189573 0.00315956 0.0100334 0.00295073 0
u1046_-1.dimacs 299 4.2408 0.50184 0.282455 0.00394322 0.996057 0.496057 0.505521 0.909091 0 0.497739 0.150937 0.231992 1.0889 0.157647 0.4 0 0.00668896 0.0395045 0.0182106 0.00158353 0.0100334 0.0027897 0
u1040_1.dimacs 299 4.25753 0.506153 0.292887 0.00785546 0.992145 0.493323 0.509819 1 0 0.501962 0.144451 0.226693 1.09359 0.145485 0.2 0 0.00668896 0.0262877 0.0205859 0.00316706 0.0100334 0.00265887 0
u1048_-1.dimacs 299 4.24749 0.492782 0.279772 0.0023622 0.997638 0.508661 0.492126 0.909091 0.111111 0.492374 0.151463 0.238442 1.02797 0.156044 0.333333 0 0.00668896 0.046743 0.0197316 0.00157853 0.0100334 0.00278815 0
u1050_1.dimacs 299 4.25084 0.497902 0.294922 0.00393391 0.996066 0.500393 0.501967 0.888889 0 0.499655 0.142146 0.220221 1.00654 0.174668 0.2 0 0.00668896 0.035959 0.0166008 0.00474308 0.0100334 0.00264117 0
u1067_-1.dimacs 299 4.24749 0.494619 0.291978 0.00708661 0.992913 0.508661 0.493701 0.916667 0 0.494177 0.150572 0.237749 1.0764 0.168169 0.222222 0 0.00668896 0.0279474 0.0222046 0.00317209 0.0100334 0.00296715 0
u1062_1.dimacs 299 4.26087 0.497645 0.284787 0.00549451 0.994505 0.509419 0.492151 1 0 0.500866 0.150795 0.241002 1.03278 0.161687 0.285714 0 0.00668896 0.0323625 0.0189424 0.00315706 0.0100334 0.00281196 0
u1060_1.dimacs 299 4.24415 0.498555 0.296748 0.00866824 0.991332 0.496454 0.508274 1 0.111111 0.497724 0.142157 0.227419 0.963783 0.16499 0.0909091 0 0.00668896 0.0237349 0.0167064 0.00238663 0.0100334 0.00258176 0
u1071_1.dimacs 299 4.25418 0.496069 0.290684 0.00471698 0.995283 0.511792 0.48978 0.916667 0 0.492962 0.156956 0.243432 1.06568 0.1613 0.166667 0 0.00668896 0.0327122 0.0205534 0.00316206 0.0100334 0.00287095 0
u1068_1.dimacs 299 4.25418 0.509958 0.288655 0.00628931 0.993711 0.488208 0.514937 0.857143 0.125 0.505466 0.142 0.2298 1.04759 0.167675 0.125 0 0.00668896 0.0281314 0.0189873 0.00316456 0.0100334 0.00276523 0
u1074_1.dimacs 299 4.24749 0.508399 0.287642 0.00393701 0.996063 0.489764 0.513386 0.888889 0 0.509831 0.146121 0.231791 1.03742 0.153359 0.2 0 0.00668896 0.035959 0.0181818 0.00316206 0.0100334 0.00274212 0
u1080_1.dimacs 299 4.26087 0.508111 0.288939 0.00549451 0.994505 0.49686 0.50471 0.857143 0.125 0.505882 0.144628 0.234191 1.01327 0.172341 0.142857 0 0.00668896 0.0301799 0.0173639 0.00394633 0.0100334 0.00254926 0
u1088_1.dimacs 299 4.25753 0.489395 0.288707 0.00549882 0.994501 0.512176 0.487824 1 0.111111 0.490151 0.147471 0.236636 1.04794 0.167618 0.285714 0 0.00668896 0.0323625 0.0181675 0.00315956 0.0100334 0.00276452 0
u1093_1.dimacs 299 4.26087 0.489796 0.286371 0.00706436 0.992936 0.513344 0.489796 1 0.0909091 0.491544 0.140493 0.217736 1.11272 0.144522 0.111111 0 0.00668896 0.0264287 0.0189873 0.00316456 0.0100334 0.00273937 0
u1101_1.dimacs 299 4.26421 0.493464 0.291119 0.00784314 0.992157 0.512941 0.492549 1 0.153846 0.49728 0.155427 0.248373 1.17838 0.145587 0.2 0 0.00668896 0.0262877 0.0181818 0.00237154 0.0100334 0.00291502 0
u1102_-1.dimacs 299 4.25753 0.498036 0.289122 0.00628437 0.993716 0.51139 0.490181 0.875 0 0.497972 0.14143 0.217738 1.05777 0.173448 0.125 0 0.00668896 0.0281314 0.0181818 0.00316206 0.0100334 0.0026475 0
u1115_-1.dimacs 299 4.25084 0.486362 0.2775 0.00550747 0.994493 0.522423 0.479937 1 0 0.485151 0.147286 0.229193 1.03979 0.182538 0.285714 0 0.00668896 0.0323625 0.0197785 0.00316456 0.0100334 0.00287581 0
u1118_-1.dimacs 299 4.24415 0.500657 0.29386 0.00551615 0.994484 0.505122 0.49803 1 0.133333 0.503497 0.151012 0.237785 1.10277 0.171814 0.142857 0 0.00668896 0.0301799 0.0174326 0.00237718 0.0100334 0.00269119 0
u1114_1.dimacs 299 4.24415 0.487392 0.292133 0.00551615 0.994484 0.512214 0.49015 0.857143 0.125 0.490494 0.135986 0.219311 1.12391 0.146946 0.142857 0 0.00668896 0.0301799 0.0182395 0.00317209 0.0100334 0.00282182 0
u1119_1.dimacs 299 4.26421 0.495163 0.283763 0.00235294 0.997647 0.506667 0.494902 1 0 0.492566 0.14674 0.231187 1.07789 0.158769 0.333333 0 0.00668896 0.046743 0.0180818 0.00314465 0.0100334 0.00281595 0
u1125_-1.dimacs 299 4.24415 0.484634 0.285212 0.00945626 0.990544 0.524823 0.479905 0.909091 0.0769231 0.485619 0.154582 0.246013 1.12652 0.144816 0.166667 0 0.00668896 0.0255348 0.017502 0.00397772 0.0100334 0.00280947 0
u1143_1.dimacs 299 4.24415 0.492776 0.291077 0.00630418 0.993696 0.516942 0.48621 0.916667 0.142857 0.493034 0.142009 0.225354 1.05825 0.152927 0.25 0 0.00668896 0.0316292 0.0206186 0.00396511 0.0100334 0.0028166 0
u1153_1.dimacs 299 4.25418 0.507731 0.296153 0.00707547 0.992925 0.492925 0.511006 1 0 0.507262 0.134707 0.209545 1.01235 0.154728 0.222222 0 0.00668896 0.0279474 0.0197941 0.00395883 0.0100334 0.00269879 0
u1156_1.dimacs 299 4.26421 0.502484 0.287379 0.00313725 0.996863 0.502745 0.500392 0.909091 0.125 0.500011 0.139521 0.223636 1.13973 0.142372 0.25 0 0.00668896 0.0403423 0.018096 0.00314713 0.0100334 0.00270402 0
u1170_-1.dimacs 299 4.25418 0.513496 0.297272 0.00550314 0.994497 0.480346 0.52044 0.875 0.1 0.512972 0.146046 0.230959 1.25779 0.171683 0.142857 0 0.00668896 0.0301799 0.0173913 0.00316206 0.0100334 0.00259568 0
u1161_1.dimacs 299 4.25753 0.513223 0.292877 0.00471328 0.995287 0.479969 0.524745 0.888889 0 0.509698 0.150839 0.241727 1.17098 0.145292 0.333333 0 0.00668896 0.0354385 0.0205209 0.00315706 0.0100334 0.00275734 0
u1163_-1.dimacs 299 4.26087 0.512036 0.296108 0.00706436 0.992936 0.49529 0.509419 1 0.0909091 0.515983 0.142613 0.217858 1.16024 0.15257 0.222222 0 0.00668896 0.0279474 0.0197628 0.00395257 0.0100334 0.00278147 0
u1181_-1.dimacs 299 4.24749 0.482677 0.283872 0.00629921 0.993701 0.523622 0.479528 1 0 0.482324 0.156218 0.250738 1.07424 0.169856 0.125 0 0.00668896 0.0281314 0.0213946 0.00237718 0.0100334 0.00271527 0
u1182_1.dimacs 299 4.25753 0.501178 0.289955 0.00549882 0.994501 0.498822 0.504321 0.857143 0.181818 0.501869 0.137063 0.218439 1.09376 0.157774 0.142857 0 0.00668896 0.0301799 0.0197472 0.00315956 0.0100334 0.00288783 0
u1190_1.dimacs 299 4.25753 0.492799 0.290545 0.00314218 0.996858 0.512176 0.489395 1 0 0.491529 0.156658 0.249105 1.09522 0.152418 0.25 0 0.00668896 0.0403423 0.0181245 0.00394011 0.0100334 0.00291543 0
u1196_1.dimacs 299 4.25084 0.523472 0.292167 0.00708104 0.992919 0.461841 0.541306 1 0 0.520795 0.152509 0.236219 1.13813 0.140781 0.111111 0 0.00668896 0.0264287 0.0198255 0.00237906 0.0100334 0.0030586 0
u1194_-1.dimacs 299 4.26087 0.494244 0.291399 0.00784929 0.992151 0.516484 0.485086 1 0.142857 0.49338 0.147037 0.227785 1.05514 0.159394 0.2 0 0.00668896 0.0262877 0.0181962 0.00316456 0.0100334 0.00275233 0
u1199_-1.dimacs 299 4.25084 0.502754 0.289191 0.00786782 0.992132 0.491739 0.511408 0.909091 0 0.502626 0.150101 0.238762 1.07868 0.163262 0.1 0 0.00668896 0.0249831 0.0158604 0.00317209 0.0100334 0.00264006 0
u1207_-1.dimacs 299 4.25084 0.501442 0.287382 0.00550747 0.994493 0.500393 0.502754 0.916667 0.125 0.501832 0.146219 0.229662 1.07845 0.144887 0.142857 0 0.00668896 0.0301799 0.0190024 0.00395883 0.0100334 0.00266832 0
u1205_1.dimacs 299 4.25418 0.508386 0.29918 0.00707547 0.992925 0.494497 0.507075 0.928571 0.125 0.511322 0.148061 0.244542 1.2228 0.158236 0.222222 0 0.00668896 0.0279474 0.0174188 0.00316706 0.0100334 0.00278142 0
u1212_1.dimacs 299 4.26087 0.509419 0.290029 0.00706436 0.992936 0.487441 0.515699 0.928571 0.111111 0.509402 0.147316 0.233725 1.1458 0.150502 0.111111 0 0.00668896 0.0264287 0.0181818 0.00474308 0.0100334 0.00263246 0
u1224_1.dimacs 299 4.24749 0.49685 0.280277 0.00708661 0.992913 0.504724 0.5 0.9 0.0714286 0.500306 0.152338 0.233664 1.12705 0.169825 0.111111 0 0.00668896 0.0264287 0.0198255 0.00317209 0.0100334 0.00273091 0
u1228_-1.dimacs 299 4.26421 0.494248 0.286914 0.00627451 0.993725 0.515294 0.490196 1 0 0.493161 0.156874 0.248776 1.06323 0.153988 0.125 0 0.00668896 0.0281314 0.0189424 0.00315706 0.0100334 0.00292383 0
u1229_1.dimacs 299 4.25753 0.499214 0.289919 0.00628437 0.993716 0.501964 0.501964 0.923077 0.1 0.498671 0.150956 0.236459 1.07802 0.170189 0.125 0 0.00668896 0.0281314 0.0181818 0.00316206 0.0100334 0.00278147 0
u1248_1.dimacs 299 4.25418 0.509434 0.295624 0.00235849 0.997642 0.494497 0.507075 1 0.111111 0.507804 0.14439 0.224714 1.11387 0.148863 0.333333 0 0.00668896 0.046743 0.0220646 0.00315209 0.0100334 0.00289039 0
u1255_1.dimacs 299 4.26087 0.496468 0.282893 0.00392465 0.996075 0.508634 0.493721 1 0 0.494949 0.15426 0.237958 1.17283 0.131025 0.2 0 0.00668896 0.035959 0.0189125 0.00236407 0.0100334 0.00307896 0
u1257_1.dimacs 299 4.25753 0.501178 0.290331 0.00314218 0.996858 0.489395 0.512176 0.875 0 0.500739 0.139989 0.222461 1.1302 0.141503 0.25 0 0.00668896 0.0403423 0.0181245 0.00315209 0.0100334 0.00265754 0
u1259_-1.dimacs 299 4.25418 0.509303 0.291574 0.0086478 0.991352 0.48978 0.515723 1 0.0909091 0.513403 0.148754 0.23395 1.0505 0.157654 0.181818 0 0.00668896 0.0248722 0.0182395 0.00317209 0.0100334 0.00275316 0
u1289_1.dimacs 299 4.26756 0.504833 0.290626 0.00626959 0.99373 0.499216 0.503135 0.928571 0.111111 0.502245 0.141739 0.223813 1.11183 0.153727 0.125 0 0.00668896 0.0281314 0.0189274 0.00315457 0.0100334 0.00269513 0
u1271_1.dimacs 299 4.25084 0.504327 0.289248 0.00393391 0.996066 0.492526 0.509048 0.875 0.153846 0.508351 0.141778 0.224763 0.99258 0.167729 0.4 0 0.00668896 0.0395045 0.0205371 0.00315956 0.0100334 0.0028035 0
u1292_-1.dimacs 299 4.26087 0.481031 0.289599 0.00627943 0.993721 0.534537 0.467818 1 0.111111 0.48219 0.149051 0.237279 1.02865 0.164565 0.25 0 0.00668896 0.0299315 0.0189573 0.00394945 0.0100334 0.00291372 0
u1297_1.dimacs 299 4.2408 0.495268 0.296794 0.00473186 0.995268 0.518927 0.485804 1 0 0.499822 0.158397 0.251155 1.17221 0.162765 0.166667 0 0.00668896 0.0327122 0.0214116 0.00396511 0.0100334 0.00296928 0
u1315_1.dimacs 299 4.25753 0.497251 0.291071 0.00706991 0.99293 0.505106 0.499607 0.875 0.0666667 0.502421 0.146533 0.231912 1.12441 0.150502 0.111111 0 0.00668896 0.0264287 0.0189873 0.00237342 0.0100334 0.00270554 0
u1325_1.dimacs 299 4.25084 0.506688 0.287079 0.00157356 0.998426 0.497246 0.504327 0.928571 0.153846 0.507062 0.143113 0.228645 0.999844 0.173057 0.5 0 0.00668896 0.0574434 0.0181245 0.00394011 0.0100334 0.00271246 0
u1327_1.dimacs 299 4.26087 0.488488 0.292573 0.00784929 0.992151 0.521978 0.482732 0.857143 0 0.487731 0.149221 0.240779 1.04585 0.160822 0.1 0 0.00668896 0.0249831 0.0174051 0.00316456 0.0100334 0.00286853 0
u1335_1.dimacs 299 4.24415 0.513265 0.28478 0.00315209 0.996848 0.483846 0.519307 1 0.111111 0.510873 0.156111 0.247305 1.15548 0.150625 0.25 0 0.00668896 0.0403423 0.0173913 0.00237154 0.0100334 0.00272376 0
u1338_1.dimacs 299 4.25418 0.508124 0.292021 0.00707547 0.992925 0.483491 0.519654 1 0.0769231 0.512236 0.152707 0.237568 1.16045 0.140045 0.111111 0 0.00668896 0.0264287 0.0197941 0.00158353 0.0100334 0.00291251 0
u1336_-1.dimacs 299 4.26756 0.515282 0.287173 0.00862069 0.991379 0.481191 0.522727 1 0.1 0.517134 0.152622 0.232311 1.15033 0.145612 0.0909091 0 0.00668896 0.0237349 0.0181818 0.00316206 0.0100334 0.00293217 0
u1351_-1.dimacs 299 4.25418 0.5 0.299735 0.00707547 0.992925 0.491352 0.513365 1 0.0909091 0.502338 0.14942 0.239003 1.07279 0.149678 0.111111 0 0.00668896 0.0264287 0.018225 0.00316957 0.0100334 0.00268572 0
u1353_1.dimacs 299 4.25084 0.487936 0.290123 0.00708104 0.992919 0.528718 0.475216 0.9 0.1 0.489536 0.149259 0.238555 1.09955 0.159769 0.222222 0 0.00668896 0.0279474 0.018225 0.00237718 0.0100334 0.00274067 0
u1355_1.dimacs 299 4.23411 0.502501 0.289613 0.00473934 0.995261 0.490521 0.511848 1 0 0.497694 0.148434 0.238073 1.11728 0.153643 0.166667 0 0.00668896 0.0327122 0.018254 0.00396825 0.0100334 0.00270476 0
u1360_1.dimacs 299 4.26421 0.500392 0.294059 0.00392157 0.996078 0.494118 0.507451 0.875 0 0.497814 0.148444 0.230095 1.01633 0.173505 0.2 0 0.00668896 0.035959 0.019685 0.00393701 0.0100334 0.0028522 0
u1363_1.dimacs 299 4.25084 0.503934 0.293119 0.00708104 0.992919 0.50118 0.50118 1 0 0.504556 0.153181 0.237988 1.14623 0.154712 0.222222 0 0.00668896 0.0279474 0.0198098 0.00396197 0.0100334 0.00282742 0
u1366_-1.dimacs 299 4.26756 0.501045 0.291151 0.00705329 0.992947 0.496082 0.508621 0.9 0.105263 0.500139 0.143521 0.223236 1.10361 0.160774 0.222222 0 0.00668896 0.0279474 0.0165746 0.00315706 0.0100334 0.00268615 0
u1365_-1.dimacs 299 4.2408 0.498817 0.288559 0.0055205 0.994479 0.492902 0.509464 1 0.0714286 0.499015 0.147883 0.225306 1.07903 0.161688 0.142857 0 0.00668896 0.0301799 0.0182395 0.00396511 0.0100334 0.00267331 0
u1373_1.dimacs 299 4.24749 0.51706 0.291716 0.00866142 0.991339 0.470079 0.534646 1 0.0833333 0.518862 0.144522 0.226039 1.05659 0.156561 0.181818 0 0.00668896 0.0248722 0.0182685 0.00317712 0.0100334 0.00275129 0
u1388_1.dimacs 299 4.24415 0.501445 0.284162 0.00551615 0.994484 0.502758 0.500394 0.875 0.0909091 0.49937 0.145856 0.229167 1.04144 0.170304 0.285714 0 0.00668896 0.0323625 0.0206022 0.00396197 0.0100334 0.00271836 0
u1387_1.dimacs 299 4.2709 0.478204 0.290933 0.00469851 0.995301 0.53563 0.467502 1 0.111111 0.480617 0.145793 0.230288 1.08686 0.173068 0.166667 0 0.00668896 0.0327122 0.018096 0.00314713 0.0100334 0.00286896 0
u1394_1.dimacs 299 4.25418 0.50249 0.282663 0.00628931 0.993711 0.482704 0.521226 1 0.1 0.504448 0.145513 0.225204 1.09713 0.161723 0.125 0 0.00668896 0.0281314 0.0213608 0.00237342 0.0100334 0.00276296 0
u1396_-1.dimacs 299 4.24415 0.493827 0.289367 0.00472813 0.995272 0.511426 0.49015 0.9 0 0.49434 0.153282 0.243652 1.09636 0.157668 0.166667 0 0.00668896 0.0327122 0.0182106 0.0023753 0.0100334 0.00286899 0
u1401_1.dimacs 299 4.26087 0.495552 0.285832 0.00627943 0.993721 0.506279 0.49843 0.833333 0 0.495234 0.149808 0.233898 1.17986 0.141227 0.25 0 0.00668896 0.0299315 0.021327 0.00315956 0.0100334 0.00299216 0
u1413_1.dimacs 299 4.25418 0.492269 0.289667 0.00550314 0.994497 0.51022 0.492138 1 0.0909091 0.49593 0.152227 0.241941 1.15579 0.164914 0.142857 0 0.00668896 0.0301799 0.0205534 0.00237154 0.0100334 0.00283653 0
u1403_1.dimacs 299 4.25418 0.490304 0.280452 0.00550314 0.994497 0.511006 0.490566 0.857143 0.0769231 0.493708 0.146157 0.234353 1.0266 0.160362 0.142857 0 0.00668896 0.0301799 0.0197628 0.00316206 0.0100334 0.00270297 0
u1412_-1.dimacs 299 4.2408 0.501183 0.28696 0.00709779 0.992902 0.507886 0.496057 1 0 0.499174 0.150825 0.236726 1.04278 0.156149 0.111111 0 0.00668896 0.0264287 0.0206513 0.00317712 0.0100334 0.00277496 0
u1419_-1.dimacs 299 4.23411 0.498289 0.289846 0.00631912 0.993681 0.504739 0.49921 0.888889 0 0.49533 0.153006 0.236088 1.1033 0.160455 0.25 0 0.00668896 0.0299315 0.0198886 0.000795545 0.0100334 0.00294843 0
u1417_-1.dimacs 299 4.24749 0.494357 0.285228 0.00472441 0.995276 0.516535 0.487402 1 0.111111 0.495237 0.144643 0.229587 1.0586 0.159857 0.166667 0 0.00668896 0.0327122 0.0181962 0.00237342 0.0100334 0.00267832 0
u1444_1.dimacs 299 4.25418 0.505503 0.288168 0.00786164 0.992138 0.501572 0.501572 0.9 0 0.50586 0.142373 0.225541 1.06345 0.16755 0.1 0 0.00668896 0.0249831 0.0198098 0.00396197 0.0100334 0.00281625 0
u1445_-1.dimacs 299 4.25418 0.496331 0.28207 0.00471698 0.995283 0.508648 0.494497 0.857143 0.166667 0.501718 0.146545 0.230997 1.05569 0.162153 0.166667 0 0.00668896 0.0327122 0.0165877 0.00473934 0.0100334 0.00262673 0
u1451_1.dimacs 299 4.25418 0.473795 0.286494 0.00628931 0.993711 0.54717 0.454403 0.916667 0.1 0.47375 0.148318 0.244068 1.17219 0.158071 0.125 0 0.00668896 0.0281314 0.0174051 0.00316456 0.0100334 0.00290262 0
u1455_-1.dimacs 299 4.25753 0.500655 0.28655 0.00706991 0.99293 0.505106 0.499607 0.888889 0 0.498765 0.150197 0.240373 1.09576 0.18311 0.222222 0 0.00668896 0.0279474 0.0197785 0.0039557 0.0100334 0.00275613 0
u1457_-1.dimacs 299 4.26087 0.502224 0.291485 0.00156986 0.99843 0.492151 0.508634 0.875 0 0.500959 0.144782 0.234617 1.00226 0.171812 0.5 0 0.00668896 0.0574434 0.0188679 0.00314465 0.0100334 0.00278643 0
u1463_1.dimacs 299 4.26421 0.515033 0.282713 0.00862745 0.991373 0.47451 0.528627 0.875 0 0.512254 0.151476 0.238451 1.11613 0.152146 0.0909091 0 0.00668896 0.0237349 0.018225 0.00396197 0.0100334 0.00277267 0
u1462_-1.dimacs 299 4.26756 0.49791 0.294343 0.00705329 0.992947 0.499216 0.507053 1 0.111111 0.499064 0.149533 0.233744 1.13187 0.150531 0.111111 0 0.00668896 0.0264287 0.0173639 0.0023678 0.0100334 0.00271316 0
u1471_1.dimacs 299 4.26087 0.511774 0.297294 0.00784929 0.992151 0.470958 0.533752 0.909091 0.111111 0.51208 0.151591 0.24223 1.11966 0.157556 0.2 0 0.00668896 0.0262877 0.0181962 0.0039557 0.0100334 0.00261024 0
u1466_1.dimacs 299 4.25418 0.497773 0.297496 0.00314465 0.996855 0.495283 0.507075 1 0 0.497772 0.150043 0.239312 1.16712 0.157068 0.25 0 0.00668896 0.0403423 0.0181531 0.00315706 0.0100334 0.00294442 0
u1474_-1.dimacs 299 4.24749 0.50748 0.298159 0.00708661 0.992913 0.492913 0.509449 0.909091 0 0.507277 0.154297 0.240098 1.07504 0.169794 0.222222 0 0.00668896 0.0279474 0.0182395 0.00317209 0.0100334 0.00275163 0
u1481_1.dimacs 299 4.25418 0.496724 0.294684 0.00628931 0.993711 0.505503 0.5 0.909091 0 0.496614 0.143066 0.221998 1.16338 0.142946 0.125 0 0.00668896 0.0281314 0.0174051 0.00237342 0.0100334 0.00280282 0
u1488_1.dimacs 299 4.25418 0.496855 0.283544 0.00786164 0.992138 0.518082 0.486635 1 0.166667 0.502445 0.146493 0.231617 1.07825 0.150218 0.1 0 0.00668896 0.0249831 0.0198098 0.00237718 0.0100334 0.00303655 0
u1494_1.dimacs 299 4.26087 0.516091 0.286671 0.00627943 0.993721 0.481947 0.521978 0.875 0.142857 0.514286 0.144363 0.229419 1.24853 0.13396 0.25 0 0.00668896 0.0299315 0.0197472 0.00394945 0.0100334 0.00279156 0
u1491_-1.dimacs 299 4.25084 0.505507 0.285769 0.00708104 0.992919 0.489378 0.514555 1 0.142857 0.505121 0.137221 0.215153 1.14217 0.154059 0.111111 0 0.00668896 0.0264287 0.0174326 0.00396197 0.0100334 0.00269431 0
u1493_1.dimacs 299 4.25418 0.492007 0.286476 0.00628931 0.993711 0.514151 0.491352 0.888889 0 0.491635 0.147389 0.231017 1.17793 0.144278 0.25 0 0.00668896 0.0299315 0.0205696 0.0039557 0.0100334 0.00299351 0
u1503_1.dimacs 299 4.25753 0.504059 0.286903 0.00471328 0.995287 0.496465 0.506677 0.923077 0.0909091 0.500374 0.146243 0.233138 1.10544 0.138165 0.333333 0 0.00668896 0.0354385 0.0189424 0.00315706 0.0100334 0.00280008 0
u1505_1.dimacs 299 4.25084 0.512195 0.283372 0.00708104 0.992919 0.484658 0.520063 1 0.142857 0.509977 0.151025 0.24366 1.12542 0.156894 0.222222 0 0.00668896 0.0279474 0.0190174 0.00396197 0.0100334 0.00270675 0
u1507_-1.dimacs 299 4.25418 0.508386 0.283514 0.00628931 0.993711 0.496855 0.506289 0.909091 0.111111 0.505682 0.147044 0.23266 1.07417 0.158624 0.125 0 0.00668896 0.0281314 0.0190024 0.0023753 0.0100334 0.00276934 0
u1508_-1.dimacs 299 4.2709 0.5077 0.290825 0.00783085 0.992169 0.487862 0.513704 0.9 0.1 0.506601 0.143469 0.22949 1.06661 0.157963 0.2 0 0.00668896 0.0262877 0.0189424 0.00394633 0.0100334 0.00270085 0
u1517_-1.dimacs 299 4.2709 0.504829 0.292899 0.00783085 0.992169 0.488645 0.514487 1 0 0.507247 0.153543 0.235379 1.12667 0.156404 0.2 0 0.00668896 0.0262877 0.0181675 0.00315956 0.0100334 0.00269805 0
u1509_1.dimacs 299 4.26421 0.51085 0.296148 0.00705882 0.992941 0.488627 0.51451 1 0.0909091 0.511165 0.148343 0.240351 1.0675 0.157796 0.111111 0 0.00668896 0.0264287 0.0205534 0.00316206 0.0100334 0.00277394 0
u1519_-1.dimacs 299 4.26421 0.504967 0.290326 0.00784314 0.992157 0.497255 0.506667 0.875 0 0.508731 0.141178 0.222452 0.956843 0.180302 0.2 0 0.00668896 0.0262877 0.0189723 0.00316206 0.0100334 0.00256327 0
u1529_-1.dimacs 299 4.25753 0.492014 0.289772 0.00628437 0.993716 0.51139 0.493323 0.923077 0 0.489425 0.148568 0.235171 1.19822 0.159978 0.125 0 0.00668896 0.0281314 0.0181818 0.00395257 0.0100334 0.00266088 0
u1528_-1.dimacs 299 4.26756 0.503918 0.286453 0.0039185 0.996082 0.490596 0.510972 1 0.1 0.50459 0.148095 0.223233 1.08552 0.155566 0.2 0 0.00668896 0.035959 0.018096 0.00236035 0.0100334 0.00267554 0
u1530_-1.dimacs 299 4.25084 0.500918 0.290184 0.00550747 0.994493 0.500393 0.50118 0.888889 0 0.505227 0.154432 0.242779 1.36787 0.158027 0.285714 0 0.00668896 0.0323625 0.0189873 0.00237342 0.0100334 0.0027871 0
u1533_-1.dimacs 299 4.25418 0.500131 0.291573 0.00550314 0.994497 0.502358 0.5 1 0 0.498366 0.146869 0.222927 1.07771 0.161581 0.285714 0 0.00668896 0.0323625 0.0189723 0.00158103 0.0100334 0.00295348 0
u1534_-1.dimacs 299 4.25084 0.503934 0.292447 0.00708104 0.992919 0.487805 0.516129 1 0.1 0.503132 0.147233 0.230233 1.18735 0.147912 0.111111 0 0.00668896 0.0264287 0.0190174 0.00396197 0.0100334 0.00276508 0
u1565_1.dimacs 299 4.25084 0.50118 0.293404 0.00708104 0.992919 0.499607 0.503541 1 0.0909091 0.503084 0.144378 0.23108 1.07659 0.163043 0.111111 0 0.00668896 0.0264287 0.0198098 0.00316957 0.0100334 0.00284149 0
u1539_-1.dimacs 299 4.26087 0.500131 0.282915 0.00392465 0.996075 0.503925 0.49843 0.875 0.0666667 0.49886 0.142579 0.228993 1.07135 0.160737 0.2 0 0.00668896 0.035959 0.0189125 0.00315209 0.0100334 0.00287959 0
u1558_-1.dimacs 299 4.25084 0.508523 0.292984 0.00550747 0.994493 0.478363 0.524784 0.941176 0 0.501212 0.15757 0.248344 1.10132 0.154404 0.285714 0 0.00668896 0.0323625 0.0197785 0.00158228 0.0100334 0.00296752 0
u1567_1.dimacs 299 4.25753 0.517282 0.294709 0.0102121 0.989788 0.473684 0.531815 0.888889 0.125 0.515261 0.138715 0.222262 1.12407 0.1577 0.153846 0 0.00668896 0.0234297 0.0190627 0.00158856 0.0100334 0.00271734 0
u1552_-1.dimacs 299 4.26087 0.492936 0.289268 0.00392465 0.996075 0.511774 0.489796 1 0 0.495861 0.145204 0.218082 1.05231 0.149266 0.2 0 0.00668896 0.035959 0.0189125 0.00394011 0.0100334 0.00269479 0
u1570_1.dimacs 299 4.24415 0.503283 0.289565 0.00788022 0.99212 0.496454 0.508274 0.909091 0 0.504002 0.151547 0.24366 1.17862 0.140552 0.1 0 0.00668896 0.0249831 0.0190627 0.00238284 0.0100334 0.0027119 0
u1573_1.dimacs 299 4.25084 0.499344 0.28471 0.00472069 0.995279 0.497246 0.504327 1 0 0.498057 0.153968 0.233706 1.08915 0.158616 0.166667 0 0.00668896 0.0327122 0.0166008 0.00316206 0.0100334 0.00273678 0
u1580_-1.dimacs 299 4.25084 0.513375 0.294922 0.00550747 0.994493 0.490952 0.511408 0.857143 0.0833333 0.512621 0.148326 0.238926 1.24667 0.170569 0.285714 0 0.00668896 0.0323625 0.0181962 0.0039557 0.0100334 0.00274548 0
u1575_-1.dimacs 299 4.25418 0.513627 0.290015 0.00786164 0.992138 0.47956 0.523585 1 0.153846 0.514307 0.148926 0.235528 1.09031 0.150853 0.1 0 0.00668896 0.0249831 0.0190174 0.00316957 0.0100334 0.00300737 0
u1577_-1.dimacs 299 4.24415 0.497505 0.286686 0.00472813 0.995272 0.49803 0.503546 1 0.117647 0.501261 0.147811 0.226023 1.04776 0.178293 0.166667 0 0.00668896 0.0327122 0.0174188 0.0023753 0.0100334 0.00275491 0
u1588_1.dimacs 299 4.25418 0.495283 0.290296 0.00471698 0.995283 0.511006 0.492138 0.9 0 0.492508 0.149236 0.231091 1.06202 0.16531 0.166667 0 0.00668896 0.0327122 0.0165877 0.00394945 0.0100334 0.00284927 0
u1589_1.dimacs 299 4.26421 0.487974 0.29199 0.0054902 0.99451 0.509804 0.492549 0.9 0 0.491376 0.140819 0.226058 1.04054 0.169036 0.285714 0 0.00668896 0.0323625 0.0181388 0.00394322 0.0100334 0.00279292 0
u1591_1.dimacs 299 4.25418 0.495545 0.294112 0.00943396 0.990566 0.511792 0.492925 1 0.0714286 0.497525 0.144177 0.230312 1.04234 0.163338 0.166667 0 0.00668896 0.0236458 0.0190476 0.00238095 0.0100334 0.00277776 0
u1592_-1.dimacs 299 4.24415 0.499606 0.284858 0.00630418 0.993696 0.496454 0.505122 0.909091 0.1 0.501084 0.146178 0.221958 1.07985 0.16741 0.125 0 0.00668896 0.0281314 0.0182395 0.00237906 0.0100334 0.00276155 0
u1594_1.dimacs 299 4.25418 0.502752 0.292756 0.00628931 0.993711 0.48978 0.512579 1 0.0833333 0.506733 0.150445 0.237831 1.08866 0.164317 0.125 0 0.00668896 0.0281314 0.0197785 0.00158228 0.0100334 0.00294273 0
u1603_-1.dimacs 299 4.26756 0.496604 0.295438 0.00548589 0.994514 0.49373 0.507837 0.888889 0.142857 0.496593 0.140475 0.221362 1.03747 0.172641 0.142857 0 0.00668896 0.0301799 0.0189125 0.00394011 0.0100334 0.00267934 0
u1611_1.dimacs 299 4.25084 0.499082 0.283016 0.00472069 0.995279 0.503541 0.50118 0.888889 0.1 0.500899 0.134473 0.21669 0.997907 0.166116 0.166667 0 0.00668896 0.0327122 0.0189723 0.00395257 0.0100334 0.00265617 0
u1605_1.dimacs 299 4.25753 0.491752 0.282443 0.00471328 0.995287 0.510605 0.494108 0.923077 0.181818 0.491203 0.133048 0.213539 1.16942 0.154682 0.333333 0 0.00668896 0.0354385 0.0213102 0.00315706 0.0100334 0.00283189 0
u1617_1.dimacs 299 4.26756 0.506139 0.296828 0.00548589 0.994514 0.494514 0.507837 0.9 0.157895 0.509323 0.137989 0.220088 1.20204 0.139003 0.142857 0 0.00668896 0.0301799 0.0181245 0.00394011 0.0100334 0.00263793 0
u1622_1.dimacs 299 4.25753 0.496465 0.290987 0.00157109 0.998429 0.502749 0.497251 1 0.125 0.49579 0.14639 0.229339 1.03712 0.159969 0.5 0 0.00668896 0.0574434 0.018096 0.00314713 0.0100334 0.00278176 0
u1623_-1.dimacs 299 4.26087 0.494505 0.29028 0.00549451 0.994505 0.516484 0.483516 1 0.142857 0.496955 0.143933 0.224765 1.10713 0.152005 0.142857 0 0.00668896 0.0301799 0.0173639 0.0023678 0.0100334 0.0026877 0
u1624_1.dimacs 299 4.25418 0.500393 0.279645 0.00393082 0.996069 0.51022 0.492138 1 0.111111 0.497 0.153694 0.243503 1.06281 0.158011 0.2 0 0.00668896 0.035959 0.0181531 0.00394633 0.0100334 0.00290883 0
u1633_-1.dimacs 299 4.26087 0.503009 0.293788 0.00470958 0.99529 0.493721 0.508634 0.9375 0.1 0.503917 0.155403 0.242371 1.29108 0.133262 0.166667 0 0.00668896 0.0327122 0.0173502 0.00394322 0.0100334 0.0026874 0
u1645_-1.dimacs 299 4.25418 0.514151 0.283208 0.0086478 0.991352 0.496069 0.508648 1 0 0.509429 0.160529 0.252764 1.17357 0.142657 0.0909091 0 0.00668896 0.0237349 0.0182395 0.000793021 0.0100334 0.00261364 0
u1648_-1.dimacs 299 4.26087 0.510597 0.288745 0.00863422 0.991366 0.485871 0.518053 0.8125 0 0.505295 0.144789 0.23217 1.05036 0.156046 0.181818 0 0.00668896 0.0248722 0.0197941 0.0023753 0.0100334 0.00284404 0
u1649_1.dimacs 299 4.26756 0.500914 0.286972 0.00783699 0.992163 0.505486 0.498433 0.9 0 0.500902 0.148118 0.231524 1.22606 0.135786 0.1 0 0.00668896 0.0249831 0.0189573 0.00315956 0.0100334 0.00277055 0
u1669_-1.dimacs 299 4.23077 0.504875 0.288786 0.00316206 0.996838 0.496443 0.505138 1 0.111111 0.501182 0.155777 0.242664 1.07427 0.143945 0.25 0 0.00668896 0.0403423 0.0190325 0.00237906 0.0100334 0.00284779 0
u1673_-1.dimacs 299 4.25418 0.505896 0.286984 0.00314465 0.996855 0.5 0.502358 0.866667 0.111111 0.509431 0.150064 0.235133 1.00397 0.177716 0.25 0 0.00668896 0.0403423 0.0197161 0.00315457 0.0100334 0.00273649 0
u1677_1.dimacs 299 4.25084 0.497509 0.293619 0.0086546 0.991345 0.505901 0.49882 0.875 0 0.489363 0.153353 0.246661 1.087 0.165305 0.0909091 0 0.00668896 0.0237349 0.018254 0.0031746 0.0100334 0.0026441 0
u1682_-1.dimacs 299 4.24749 0.488058 0.289677 0.00551181 0.994488 0.52126 0.481102 0.857143 0.1 0.490322 0.14459 0.232039 1.08575 0.156839 0.142857 0 0.00668896 0.0301799 0.0182106 0.00316706 0.0100334 0.00279946 0
u1686_-1.dimacs 299 4.25418 0.495676 0.283644 0.00471698 0.995283 0.512579 0.48978 0.857143 0.0833333 0.492848 0.149765 0.240497 1.15804 0.144582 0.166667 0 0.00668896 0.0327122 0.0229068 0.00315956 0.0100334 0.00285366 0
u1688_-1.dimacs 299 4.25753 0.498822 0.280001 0.00864101 0.991359 0.501178 0.505106 0.888889 0.0909091 0.499128 0.139091 0.218518 1.09528 0.154302 0.181818 0 0.00668896 0.0259597 0.0190174 0.00316957 0.0100334 0.0028058 0
u1689_1.dimacs 299 4.24749 0.487664 0.290377 0.00629921 0.993701 0.528346 0.477953 0.875 0.111111 0.489688 0.147698 0.232974 1.19627 0.158407 0.125 0 0.00668896 0.0281314 0.0174326 0.00316957 0.0100334 0.00266058 0
u1699_-1.dimacs 299 4.25084 0.478232 0.290611 0.00236035 0.99764 0.54288 0.457907 1 0 0.480945 0.145826 0.230175 1.06411 0.175372 0.333333 0 0.00668896 0.046743 0.0189274 0.00315457 0.0100334 0.00271282 0
u1704_1.dimacs 299 4.25753 0.494108 0.289897 0.00706991 0.99293 0.504321 0.498822 1 0.0769231 0.497771 0.150095 0.230564 1.17304 0.147689 0.111111 0 0.00668896 0.0264287 0.0205696 0.0039557 0.0100334 0.00286195 0
u1710_-1.dimacs 299 4.25753 0.499738 0.287501 0.00785546 0.992145 0.497251 0.506677 0.916667 0.111111 0.502451 0.146771 0.234239 1.05826 0.145149 0.1 0 0.00668896 0.0249831 0.0182106 0.0023753 0.0100334 0.00299275 0
u1714_-1.dimacs 299 4.25753 0.493977 0.286373 0.00471328 0.995287 0.51139 0.489395 1 0.0833333 0.49316 0.14357 0.219805 1.11493 0.162405 0.166667 0 0.00668896 0.0327122 0.0189424 0.00315706 0.0100334 0.00285022 0
u1711_1.dimacs 299 4.25753 0.510474 0.291832 0.00471328 0.995287 0.476826 0.527101 0.916667 0 0.51407 0.146706 0.231783 1.14088 0.148382 0.166667 0 0.00668896 0.0327122 0.0181531 0.00394633 0.0100334 0.00273686 0
u1715_1.dimacs 299 4.25753 0.506153 0.299153 0.00628437 0.993716 0.48861 0.512962 0.9 0.0909091 0.507325 0.149756 0.236399 1.0935 0.150981 0.25 0 0.00668896 0.0299315 0.0189723 0.00237154 0.0100334 0.00290496 0
u1719_1.dimacs 299 4.25084 0.491608 0.292652 0.00708104 0.992919 0.500393 0.503541 0.9 0 0.492673 0.14951 0.228457 1.07329 0.151547 0.111111 0 0.00668896 0.0264287 0.018225 0.00237718 0.0100334 0.00303102 0
u1716_1.dimacs 299 4.24749 0.51273 0.286377 0.00472441 0.995276 0.475591 0.525197 1 0.125 0.51428 0.150776 0.240403 1.04994 0.156764 0.333333 0 0.00668896 0.0354385 0.0190024 0.0023753 0.0100334 0.00291035 0
u1723_-1.dimacs 299 4.26087 0.501832 0.287382 0.00549451 0.994505 0.510204 0.494505 0.875 0 0.504126 0.140758 0.218089 1.10973 0.148615 0.142857 0 0.00668896 0.0301799 0.0189424 0.0023678 0.0100334 0.00303227 0
u1735_1.dimacs 299 4.26087 0.504448 0.293436 0.00627943 0.993721 0.506279 0.49686 1 0 0.503797 0.151863 0.237252 1.1196 0.153335 0.125 0 0.00668896 0.0281314 0.0165877 0.00315956 0.0100334 0.00267865 0
u1749_1.dimacs 299 4.25084 0.502491 0.283778 0.00550747 0.994493 0.496459 0.505114 0.9 0.142857 0.503724 0.138302 0.217654 1.14207 0.154916 0.285714 0 0.00668896 0.0323625 0.0174051 0.00237342 0.0100334 0.00282069 0
u1756_1.dimacs 299 4.25084 0.506032 0.289406 0.00786782 0.992132 0.492526 0.511408 0.882353 0.166667 0.501036 0.138581 0.224022 1.10307 0.164953 0.1 0 0.00668896 0.0249831 0.018254 0.0031746 0.0100334 0.00288709 0
u1757_-1.dimacs 299 4.25418 0.502096 0.283938 0.00550314 0.994497 0.497642 0.505503 0.909091 0.111111 0.49973 0.143858 0.225671 1.02376 0.164029 0.142857 0 0.00668896 0.0301799 0.0166008 0.00316206 0.0100334 0.0027747 0
u1762_1.dimacs 299 4.25753 0.489788 0.284956 0.00706991 0.99293 0.516889 0.485467 1 0 0.49133 0.135316 0.209775 1.12751 0.160774 0.222222 0 0.00668896 0.0279474 0.0197785 0.00237342 0.0100334 0.00284287 0
u1765_-1.dimacs 299 4.26087 0.516745 0.297129 0.00392465 0.996075 0.488226 0.514914 0.909091 0 0.514013 0.144364 0.229506 1.20295 0.138186 0.2 0 0.00668896 0.035959 0.0197006 0.00472813 0.0100334 0.00279244 0
u1776_-1.dimacs 299 4.26087 0.483909 0.288642 0.0102041 0.989796 0.521193 0.485871 1 0.0833333 0.487567 0.146823 0.230096 1.09979 0.160887 0.153846 0 0.00668896 0.0234297 0.0198255 0.00317209 0.0100334 0.00287352 0
u1782_-1.dimacs 299 4.25753 0.490181 0.29869 0.00864101 0.991359 0.516104 0.487038 1 0.125 0.487722 0.148393 0.235817 1.08191 0.152731 0.181818 0 0.00668896 0.0248722 0.0174326 0.00316957 0.0100334 0.00285329 0
u1784_1.dimacs 299 4.24749 0.495801 0.296347 0.00787402 0.992126 0.507087 0.497638 0.875 0.166667 0.495337 0.138352 0.215735 1.20534 0.163409 0.2 0 0.00668896 0.0275306 0.018254 0.0031746 0.0100334 0.00270553 0
u1787_-1.dimacs 299 4.25753 0.490443 0.29694 0.00549882 0.994501 0.516889 0.486253 0.875 0 0.488645 0.13973 0.224328 1.0462 0.149548 0.142857 0 0.00668896 0.0301799 0.0189573 0.00315956 0.0100334 0.00271809 0
u1796_1.dimacs 299 4.23746 0.495527 0.293424 0.00631413 0.993686 0.504341 0.498027 0.857143 0 0.496126 0.152667 0.244496 1.13108 0.155636 0.125 0 0.00668896 0.0281314 0.0190627 0.00158856 0.0100334 0.00284999 0
u1798_1.dimacs 299 4.25418 0.505896 0.295087 0.00707547 0.992925 0.48978 0.512579 1 0 0.506044 0.141664 0.223045 1.08489 0.150924 0.111111 0 0.00668896 0.0264287 0.0182106 0.00395883 0.0100334 0.00310417 0
u1800_-1.dimacs 299 4.25418 0.500524 0.288296 0.00393082 0.996069 0.488994 0.512579 1 0.111111 0.504583 0.146173 0.225235 1.06729 0.166667 0.4 0 0.00668896 0.0395045 0.0181531 0.00315706 0.0100334 0.00271777 0
u1801_-1.dimacs 299 4.25418 0.505372 0.286613 0.0086478 0.991352 0.493711 0.51022 0.875 0.0833333 0.503526 0.144959 0.229504 1.06836 0.146679 0.181818 0 0.00668896 0.0248722 0.0174465 0.00237906 0.0100334 0.00281511 0
u1802_1.dimacs 299 4.25084 0.512982 0.292372 0.00157356 0.998426 0.464988 0.535012 1 0.2 0.511117 0.135851 0.218886 1.1051 0.149723 0.5 0 0.00668896 0.0574434 0.0181245 0.00315209 0.0100334 0.00284695 0
u1811_-1.dimacs 299 4.2408 0.485673 0.280892 0.0055205 0.994479 0.512618 0.48817 0.909091 0 0.482591 0.150641 0.244544 1.10555 0.150285 0.142857 0 0.00668896 0.0301799 0.018254 0.0031746 0.0100334 0.0027032 0
u1815_1.dimacs 299 4.24749 0.502625 0.284696 0.00472441 0.995276 0.499213 0.503937 0.9 0.0833333 0.505185 0.149433 0.235708 0.965643 0.172011 0.333333 0 0.00668896 0.0354385 0.0197785 0.0039557 0.0100334 0.00281475 0
u1820_-1.dimacs 299 4.26087 0.480115 0.279147 0.00313972 0.99686 0.529042 0.472527 1 0.0909091 0.481032 0.148853 0.236351 1.1184 0.140259 0.25 0 0.00668896 0.0403423 0.0181102 0.00393701 0.0100334 0.00269443 0
u1822_-1.dimacs 299 4.24415 0.501051 0.276393 0.00472813 0.995272 0.502758 0.499606 0.8 0.111111 0.502457 0.134317 0.214147 1.139 0.162765 0.333333 0 0.00668896 0.0354385 0.0190024 0.0023753 0.0100334 0.00295539 0
u1827_-1.dimacs 299 4.25753 0.511129 0.292368 0.00628437 0.993716 0.505106 0.499607 0.888889 0.1 0.507445 0.149231 0.24229 1.20457 0.1466 0.25 0 0.00668896 0.0299315 0.0213439 0.00237154 0.0100334 0.00281062 0
u1835_1.dimacs 299 4.25753 0.488741 0.297431 0.00628437 0.993716 0.505106 0.498822 0.933333 0.111111 0.489359 0.152729 0.245336 1.11435 0.148272 0.125 0 0.00668896 0.0281314 0.0197628 0.00237154 0.0100334 0.00279047 0
u1828_1.dimacs 299 4.26756 0.500261 0.288826 0.00626959 0.99373 0.494514 0.508621 0.916667 0.166667 0.499947 0.142787 0.23222 1.03208 0.151124 0.25 0 0.00668896 0.0299315 0.0173502 0.00315457 0.0100334 0.0027509 0
u1836_1.dimacs 299 4.24749 0.495932 0.291849 0.0110236 0.988976 0.511024 0.494488 0.888889 0 0.496647 0.148832 0.23159 1.08096 0.153869 0.0714286 0 0.00668896 0.0208096 0.0183121 0.00238854 0.0100334 0.00302621 0
u1838_1.dimacs 299 4.25418 0.4924 0.285456 0.00235849 0.997642 0.522013 0.47956 0.9 0 0.489893 0.1416 0.228504 1.1614 0.160697 0.333333 0 0.00668896 0.046743 0.0197006 0.00394011 0.0100334 0.00276704 0
u1841_-1.dimacs 299 4.25753 0.514794 0.288069 0.00471328 0.995287 0.483896 0.519246 0.888889 0 0.511073 0.141145 0.218367 1.07999 0.153846 0.166667 0 0.00668896 0.0327122 0.0213102 0.00315706 0.0100334 0.00276112 0
u1848_1.dimacs 299 4.25084 0.504983 0.288594 0.00393391 0.996066 0.49882 0.503541 1 0.15 0.509202 0.141545 0.226442 1.19234 0.134749 0.2 0 0.00668896 0.035959 0.0181675 0.00236967 0.0100334 0.00284927 0
u1851_1.dimacs 299 4.25418 0.49869 0.29518 0.00314465 0.996855 0.509434 0.492138 0.888889 0.125 0.498495 0.145281 0.222846 1.04084 0.165996 0.25 0 0.00668896 0.0403423 0.0197316 0.00394633 0.0100334 0.00293663 0
u1856_1.dimacs 299 4.26421 0.502614 0.286504 0.00392157 0.996078 0.507451 0.494902 1 0.111111 0.500751 0.138481 0.216377 1.16752 0.146496 0.2 0 0.00668896 0.035959 0.019685 0.00393701 0.0100334 0.00293249 0
u1861_-1.dimacs 299 4.26756 0.4936 0.285685 0.00626959 0.99373 0.518025 0.485893 1 0.1 0.492166 0.145574 0.231946 1.164 0.139608 0.125 0 0.00668896 0.0281314 0.0189274 0.00473186 0.0100334 0.00288524 0
u1864_-1.dimacs 299 4.26421 0.487843 0.288117 0.00705882 0.992941 0.527843 0.473725 0.875 0 0.489454 0.148667 0.238233 1.11694 0.156716 0.111111 0 0.00668896 0.0264287 0.0189573 0.00394945 0.0100334 0.00279306 0
u1873_-1.dimacs 299 4.2408 0.507229 0.289683 0.00236593 0.997634 0.48817 0.514196 1 0.181818 0.513 0.140244 0.223748 1.0932 0.148795 0.333333 0 0.00668896 0.046743 0.0197785 0.00158228 0.0100334 0.00311415 0
u1874_-1.dimacs 299 4.26087 0.489796 0.286447 0.00470958 0.99529 0.518838 0.482732 0.857143 0.0909091 0.48684 0.143863 0.226398 1.04921 0.161276 0.166667 0 0.00668896 0.0327122 0.0244672 0.00315706 0.0100334 0.00295008 0
u1875_1.dimacs 299 4.24749 0.496325 0.286751 0.00787402 0.992126 0.511811 0.492913 0.846154 0.133333 0.4967 0.149559 0.240892 1.14005 0.139579 0.1 0 0.00668896 0.0249831 0.018254 0.0031746 0.0100334 0.0029031 0
u1877_-1.dimacs 299 4.25753 0.504844 0.290819 0.00706991 0.99293 0.487038 0.516104 1 0.1 0.499803 0.146576 0.23344 0.974508 0.165744 0.111111 0 0.00668896 0.0264287 0.0197941 0.00316706 0.0100334 0.00290025 0
u1901_1.dimacs 299 4.26421 0.496732 0.282785 0.00784314 0.992157 0.492549 0.510588 0.909091 0.0833333 0.499952 0.14645 0.232148 1.05841 0.165966 0.2 0 0.00668896 0.0275306 0.022943 0.0039557 0.0100334 0.00281624 0
u1904_1.dimacs 299 4.25753 0.50419 0.287319 0.00392773 0.996072 0.490966 0.509819 0.9 0 0.502343 0.149052 0.2355 1.06517 0.162207 0.4 0 0.00668896 0.0395045 0.0189274 0.00315457 0.0100334 0.00293031 0
u1910_1.dimacs 299 4.24415 0.505516 0.283457 0.00788022 0.99212 0.495666 0.508274 0.888889 0.142857 0.507194 0.137998 0.220701 1.05097 0.176254 0.1 0 0.00668896 0.0249831 0.0174742 0.00238284 0.0100334 0.00271578 0
u1917_-1.dimacs 299 4.25418 0.504193 0.286747 0.00550314 0.994497 0.502358 0.499214 0.875 0.0909091 0.504069 0.139517 0.222767 1.13085 0.157313 0.142857 0 0.00668896 0.0301799 0.0197628 0.00316206 0.0100334 0.00292289 0
u1915_-1.dimacs 299 4.25418 0.503538 0.287934 0.00393082 0.996069 0.487421 0.514937 1 0.125 0.503699 0.147739 0.227174 1.04258 0.160022 0.2 0 0.00668896 0.035959 0.0205209 0.00315706 0.0100334 0.00296768 0
u1926_-1.dimacs 299 4.25753 0.509034 0.295852 0.00392773 0.996072 0.48861 0.512962 1 0.125 0.512487 0.145925 0.232609 1.11359 0.157299 0.2 0 0.00668896 0.035959 0.0205047 0.00236593 0.0100334 0.0029125 0
u1942_1.dimacs 299 4.25753 0.486646 0.292386 0.00549882 0.994501 0.527101 0.475255 0.875 0.0666667 0.487598 0.145003 0.229224 1.13363 0.153615 0.285714 0 0.00668896 0.0323625 0.0181675 0.00315956 0.0100334 0.00283017 0
u1936_1.dimacs 299 4.24749 0.501706 0.291423 0.00629921 0.993701 0.484252 0.51811 1 0.0833333 0.503975 0.146203 0.232175 1.11275 0.187146 0.25 0 0.00668896 0.0299315 0.018225 0.00316957 0.0100334 0.00278928 0
u1944_-1.dimacs 299 4.25418 0.501048 0.290333 0.00550314 0.994497 0.488994 0.514151 0.916667 0.111111 0.502232 0.142796 0.22299 1.08124 0.1633 0.142857 0 0.00668896 0.0301799 0.0213439 0.00237154 0.0100334 0.00292146 0
u1946_1.dimacs 299 4.25753 0.506023 0.291509 0.00314218 0.996858 0.483896 0.516889 0.888889 0.0909091 0.50666 0.15578 0.248686 1.16621 0.150285 0.25 0 0.00668896 0.0403423 0.0220646 0.00236407 0.0100334 0.00282939 0
u1950_1.dimacs 299 4.26756 0.504833 0.289651 0.00548589 0.994514 0.494514 0.509404 0.875 0.125 0.504734 0.14838 0.241583 1.24539 0.14862 0.142857 0 0.00668896 0.0301799 0.0189125 0.00315209 0.0100334 0.00285132 0
u1949_1.dimacs 299 4.24749 0.49357 0.297007 0.00393701 0.996063 0.501575 0.500787 1 0.111111 0.495428 0.147651 0.237572 1.06001 0.16769 0.4 0 0.00668896 0.0395045 0.0197628 0.00395257 0.0100334 0.00265617 0
u1952_1.dimacs 299 4.24415 0.507224 0.283766 0.00551615 0.994484 0.506698 0.496454 1 0.125 0.506933 0.143613 0.221581 0.993532 0.172256 0.142857 0 0.00668896 0.0301799 0.0206022 0.00316957 0.0100334 0.00284149 0
u1960_1.dimacs 299 4.26421 0.490196 0.293895 0.0054902 0.99451 0.52 0.481569 1 0 0.489855 0.151724 0.238362 1.06496 0.16818 0.285714 0 0.00668896 0.0323625 0.0212934 0.00315457 0.0100334 0.00290177 0
u1963_-1.dimacs 299 4.23746 0.505656 0.297006 0.00631413 0.993686 0.495659 0.505919 1 0.111111 0.505725 0.146724 0.231511 1.04123 0.167574 0.125 0 0.00668896 0.0281314 0.0182685 0.00397141 0.0100334 0.0026209 0
u1970_1.dimacs 299 4.2408 0.502629 0.288815 0.00630915 0.993691 0.501577 0.501577 0.9 0.1 0.501366 0.140549 0.22446 1.17991 0.132393 0.125 0 0.00668896 0.0281314 0.0190476 0.0031746 0.0100334 0.00296698 0
u1972_1.dimacs 299 4.2408 0.502892 0.290702 0.00394322 0.996057 0.5 0.501577 1 0 0.510386 0.158187 0.240933 1.06716 0.164216 0.2 0 0.00668896 0.035959 0.0205859 0.00158353 0.0100334 0.00294686 0
u1975_1.dimacs 299 4.24415 0.506567 0.284283 0.00866824 0.991332 0.49409 0.511426 1 0.0833333 0.504085 0.149396 0.243027 1.12046 0.143255 0.0909091 0 0.00668896 0.0237349 0.0174881 0.00238474 0.0100334 0.0026956 0
u1984_-1.dimacs 299 4.26087 0.489403 0.290477 0.00706436 0.992936 0.517268 0.488226 0.846154 0.0769231 0.491825 0.140836 0.223761 1.02463 0.176744 0.111111 0 0.00668896 0.0264287 0.0173913 0.00316206 0.0100334 0.00272069 0
u1985_1.dimacs 299 4.23077 0.506851 0.289695 0.0055336 0.994466 0.490909 0.509881 0.928571 0.142857 0.506429 0.144499 0.230839 1.07487 0.155221 0.285714 0 0.00668896 0.0323625 0.018283 0.00476948 0.0100334 0.0027949 0
u1989_-1.dimacs 299 4.23746 0.503815 0.291823 0.00710339 0.992897 0.486188 0.518548 1 0 0.508486 0.151359 0.241568 1.05865 0.181239 0.333333 0 0.00668896 0.0307606 0.0190779 0.00317965 0.0100334 0.00286731 0
u1992_1.dimacs 299 4.24749 0.512205 0.286629 0.00787402 0.992126 0.47874 0.523622 0.9 0 0.514047 0.150472 0.235383 1.05058 0.171927 0.2 0 0.00668896 0.0262877 0.018254 0.0047619 0.0100334 0.00256976 0
u1996_-1.dimacs 299 4.24749 0.502231 0.280013 0.00629921 0.993701 0.490551 0.513386 0.875 0.1 0.501325 0.15339 0.243725 1.18525 0.133808 0.25 0 0.00668896 0.0299315 0.0174326 0.00396197 0.0100334 0.00263441 0
