WARNING: for repeatability, setting FPU to use double precision
============================[ Problem Statistics ]=============================
|                                                                             |
|  Number of variables:           300                                         |
|  Number of clauses:            1278                                         |
|  Parse time:                   0.00 s                                       |
|                                                                             |
============================[ Search Statistics ]==============================
| Conflicts |          ORIGINAL         |          LEARNT          | Progress |
|           |    Vars  Clauses Literals |    Limit  Clauses Lit/Cl |          |
===============================================================================
|       100 |     300     1278     3834 |      468      100     18 |  0.001 % |
|       250 |     300     1278     3834 |      515      250     16 |  0.001 % |
|       475 |     300     1278     3834 |      567      475     16 |  0.001 % |
|       812 |     300     1278     3834 |      623      512     14 |  0.001 % |
|      1318 |     300     1278     3834 |      686      364     12 |  0.001 % |
|      2077 |     300     1278     3834 |      754      418     12 |  0.001 % |
|      3216 |     300     1278     3834 |      830      397     11 |  0.001 % |
|      4924 |     300     1278     3834 |      913      827     13 |  0.001 % |
|      7486 |     300     1278     3834 |     1004      590     13 |  0.001 % |
|     11330 |     300     1278     3834 |     1104      831     13 |  0.001 % |
|     17096 |     300     1278     3834 |     1215      942     14 |  0.001 % |
|     25745 |     300     1278     3834 |     1336      912     12 |  0.001 % |
|     38719 |     300     1278     3834 |     1470      928     15 |  0.001 % |
|     58180 |     300     1278     3834 |     1617      913     12 |  0.001 % |
|     87372 |     300     1278     3834 |     1779     1359     12 |  0.001 % |
|    131161 |     300     1278     3834 |     1957      990     12 |  0.001 % |
|    196845 |     300     1278     3834 |     2153     1212     12 |  0.001 % |
|    295371 |     300     1278     3834 |     2368     1626     14 |  0.001 % |
|    443160 |     300     1278     3834 |     2605     1929     14 |  0.001 % |
|    664843 |     300     1278     3834 |     2865     2383     15 |  0.001 % |
|    997368 |     300     1278     3834 |     3152     2043     14 |  0.001 % |
|   1496156 |     300     1278     3834 |     3467     2738     14 |  0.001 % |
|   2244338 |     300     1278     3834 |     3814     2351     13 |  0.001 % |
|   3366612 |     300     1278     3834 |     4195     3727     15 |  0.001 % |
|   5050023 |     300     1278     3834 |     4615     3302     12 |  0.003 % |
===============================================================================
restarts              : 8191
conflicts             : 5316583        (73977 /sec)
decisions             : 6432943        (0.00 % random) (89511 /sec)
propagations          : 266161802      (3703481 /sec)
conflict literals     : 79594460       (23.11 % deleted)
Memory used           : 6.00 MB
CPU time              : 71.868 s

UNSATISFIABLE
