WARNING: for repeatability, setting FPU to use double precision
============================[ Problem Statistics ]=============================
|                                                                             |
|  Number of variables:           300                                         |
|  Number of clauses:            1278                                         |
|  Parse time:                   0.00 s                                       |
|                                                                             |
============================[ Search Statistics ]==============================
| Conflicts |          ORIGINAL         |          LEARNT          | Progress |
|           |    Vars  Clauses Literals |    Limit  Clauses Lit/Cl |          |
===============================================================================
|       100 |     300     1278     3834 |      468      100     17 |  0.001 % |
|       250 |     300     1278     3834 |      515      250     17 |  0.001 % |
|       475 |     300     1278     3834 |      567      475     17 |  0.001 % |
|       812 |     300     1278     3834 |      623      519     15 |  0.001 % |
|      1318 |     300     1278     3834 |      686      355     14 |  0.001 % |
|      2077 |     300     1278     3834 |      754      412     13 |  0.001 % |
|      3216 |     300     1278     3834 |      830      761     15 |  0.001 % |
|      4924 |     300     1278     3834 |      913      755     13 |  0.001 % |
|      7486 |     300     1278     3834 |     1004      496     12 |  0.001 % |
|     11330 |     300     1278     3834 |     1104      737     13 |  0.001 % |
|     17096 |     300     1278     3834 |     1215      876     13 |  0.001 % |
|     25745 |     300     1278     3834 |     1336      856     14 |  0.001 % |
|     38719 |     300     1278     3834 |     1470      878     13 |  0.001 % |
|     58180 |     300     1278     3834 |     1617      904     13 |  0.001 % |
|     87372 |     300     1278     3834 |     1779     1343     15 |  0.001 % |
|    131161 |     300     1278     3834 |     1957      916     14 |  0.001 % |
|    196845 |     300     1278     3834 |     2153     1096     14 |  0.001 % |
|    295371 |     300     1278     3834 |     2368     1517     13 |  0.001 % |
|    443160 |     300     1278     3834 |     2605     1811     12 |  0.001 % |
|    664843 |     300     1278     3834 |     2865     2202     15 |  0.001 % |
|    997368 |     300     1278     3834 |     3152     1783     13 |  0.001 % |
|   1496156 |     300     1278     3834 |     3467     2392     15 |  0.001 % |
|   2244338 |     300     1278     3834 |     3814     1882     14 |  0.001 % |
|   3366612 |     300     1278     3834 |     4195     3513     15 |  0.001 % |
|   5050023 |     297     1246     3738 |     4615     3479     11 |  1.006 % |
===============================================================================
restarts              : 8191
conflicts             : 5077703        (70795 /sec)
decisions             : 6113486        (0.00 % random) (85236 /sec)
propagations          : 255981801      (3568984 /sec)
conflict literals     : 76779862       (23.10 % deleted)
Memory used           : 6.00 MB
CPU time              : 71.724 s

UNSATISFIABLE
