WARNING: for repeatability, setting FPU to use double precision
============================[ Problem Statistics ]=============================
|                                                                             |
|  Number of variables:           300                                         |
|  Number of clauses:            1278                                         |
|  Parse time:                   0.00 s                                       |
|                                                                             |
============================[ Search Statistics ]==============================
| Conflicts |          ORIGINAL         |          LEARNT          | Progress |
|           |    Vars  Clauses Literals |    Limit  Clauses Lit/Cl |          |
===============================================================================
|       100 |     300     1278     3834 |      468      100     15 |  0.001 % |
|       250 |     300     1278     3834 |      515      250     16 |  0.001 % |
|       475 |     300     1278     3834 |      567      475     16 |  0.001 % |
|       812 |     300     1278     3834 |      623      518     14 |  0.001 % |
|      1318 |     300     1278     3834 |      686      368     12 |  0.001 % |
|      2077 |     300     1278     3834 |      754      419     13 |  0.001 % |
|      3216 |     300     1278     3834 |      830      391     11 |  0.001 % |
|      4924 |     300     1278     3834 |      913      829     13 |  0.001 % |
|      7486 |     300     1278     3834 |     1004      599     12 |  0.001 % |
|     11330 |     300     1278     3834 |     1104      829     13 |  0.001 % |
|     17096 |     300     1278     3834 |     1215      937     13 |  0.001 % |
|     25745 |     300     1278     3834 |     1336      868     12 |  0.001 % |
|     38719 |     300     1278     3834 |     1470      896     13 |  0.001 % |
|     58180 |     300     1278     3834 |     1617      911     13 |  0.001 % |
|     87372 |     300     1278     3834 |     1779     1345     13 |  0.001 % |
|    131161 |     300     1278     3834 |     1957     1791     14 |  0.001 % |
|    196845 |     300     1278     3834 |     2153     1957     14 |  0.001 % |
|    295371 |     300     1278     3834 |     2368     1224     14 |  0.001 % |
|    443160 |     300     1278     3834 |     2605     1438     13 |  0.001 % |
|    664843 |     300     1278     3834 |     2865     1821     14 |  0.001 % |
|    997368 |     300     1278     3834 |     3152     2858     13 |  0.001 % |
|   1496156 |     300     1278     3834 |     3467     1901     14 |  0.001 % |
|   2244338 |     300     1278     3834 |     3814     3313     14 |  0.001 % |
|   3366612 |     300     1278     3834 |     4195     2788     15 |  0.001 % |
|   5050023 |     300     1278     3834 |     4615     4192     13 |  0.001 % |
===============================================================================
restarts              : 12285
conflicts             : 7533778        (71693 /sec)
decisions             : 9128613        (0.00 % random) (86870 /sec)
propagations          : 376586370      (3583670 /sec)
conflict literals     : 113238985      (23.31 % deleted)
Memory used           : 7.00 MB
CPU time              : 105.084 s

UNSATISFIABLE
