WARNING: for repeatability, setting FPU to use double precision
============================[ Problem Statistics ]=============================
|                                                                             |
|  Number of variables:           300                                         |
|  Number of clauses:            1278                                         |
|  Parse time:                   0.00 s                                       |
|                                                                             |
============================[ Search Statistics ]==============================
| Conflicts |          ORIGINAL         |          LEARNT          | Progress |
|           |    Vars  Clauses Literals |    Limit  Clauses Lit/Cl |          |
===============================================================================
|       100 |     300     1278     3834 |      468      100     17 |  0.001 % |
|       250 |     300     1278     3834 |      515      250     17 |  0.001 % |
|       475 |     300     1278     3834 |      567      475     17 |  0.001 % |
|       812 |     300     1278     3834 |      623      510     15 |  0.001 % |
|      1318 |     300     1278     3834 |      686      360     13 |  0.001 % |
|      2077 |     300     1278     3834 |      754      415     13 |  0.001 % |
|      3216 |     300     1278     3834 |      830      763     14 |  0.001 % |
|      4924 |     300     1278     3834 |      913      768     13 |  0.001 % |
|      7486 |     300     1278     3834 |     1004      514     11 |  0.001 % |
|     11330 |     300     1278     3834 |     1104      730     13 |  0.001 % |
|     17096 |     300     1278     3834 |     1215      862     12 |  0.001 % |
|     25745 |     300     1278     3834 |     1336      812     13 |  0.001 % |
|     38719 |     300     1278     3834 |     1470      838     13 |  0.001 % |
|     58180 |     300     1278     3834 |     1617      809     12 |  0.001 % |
|     87372 |     300     1278     3834 |     1779     1234     13 |  0.001 % |
|    131161 |     300     1278     3834 |     1957     1694     15 |  0.001 % |
|    196845 |     300     1278     3834 |     2153     1798     15 |  0.001 % |
|    295371 |     300     1278     3834 |     2368     1106     13 |  0.001 % |
|    443160 |     300     1278     3834 |     2605     1463     13 |  0.001 % |
|    664843 |     300     1278     3834 |     2865     1789     14 |  0.001 % |
|    997368 |     300     1278     3834 |     3152     2713     15 |  0.001 % |
|   1496156 |     300     1278     3834 |     3467     1910     13 |  0.001 % |
|   2244338 |     300     1278     3834 |     3814     3200     14 |  0.001 % |
|   3366612 |     300     1278     3834 |     4195     2484     14 |  0.001 % |
|   5050023 |     300     1278     3834 |     4615     3697     15 |  0.002 % |
|   7575139 |     297     1243     3729 |     5077     2392     11 |  1.001 % |
===============================================================================
restarts              : 12286
conflicts             : 7748678        (70381 /sec)
decisions             : 9369753        (0.00 % random) (85105 /sec)
propagations          : 387890637      (3523204 /sec)
conflict literals     : 117594479      (23.24 % deleted)
Memory used           : 7.00 MB
CPU time              : 110.096 s

UNSATISFIABLE
