WARNING: for repeatability, setting FPU to use double precision
============================[ Problem Statistics ]=============================
|                                                                             |
|  Number of variables:           300                                         |
|  Number of clauses:            1278                                         |
|  Parse time:                   0.00 s                                       |
|                                                                             |
============================[ Search Statistics ]==============================
| Conflicts |          ORIGINAL         |          LEARNT          | Progress |
|           |    Vars  Clauses Literals |    Limit  Clauses Lit/Cl |          |
===============================================================================
|       100 |     300     1278     3834 |      468      100     18 |  0.001 % |
|       250 |     300     1278     3834 |      515      250     17 |  0.001 % |
|       475 |     300     1278     3834 |      567      475     16 |  0.001 % |
|       812 |     300     1278     3834 |      623      511     14 |  0.001 % |
|      1318 |     300     1278     3834 |      686      366     13 |  0.001 % |
|      2077 |     300     1278     3834 |      754      417     13 |  0.001 % |
|      3216 |     300     1278     3834 |      830      389     12 |  0.001 % |
|      4924 |     300     1278     3834 |      913      822     13 |  0.001 % |
|      7486 |     300     1278     3834 |     1004      578     13 |  0.001 % |
|     11330 |     300     1278     3834 |     1104      825     13 |  0.001 % |
|     17096 |     300     1278     3834 |     1215      944     13 |  0.001 % |
|     25745 |     300     1278     3834 |     1336      896     13 |  0.001 % |
|     38719 |     300     1278     3834 |     1470      917     13 |  0.001 % |
|     58180 |     300     1278     3834 |     1617      907     13 |  0.001 % |
|     87372 |     300     1278     3834 |     1779     1359     14 |  0.001 % |
|    131161 |     300     1278     3834 |     1957      932     13 |  0.001 % |
|    196845 |     300     1278     3834 |     2153     1125     13 |  0.001 % |
|    295371 |     300     1278     3834 |     2368     1482     14 |  0.001 % |
|    443160 |     300     1278     3834 |     2605     1655     14 |  0.001 % |
|    664843 |     300     1278     3834 |     2865     1897     14 |  0.001 % |
|    997368 |     300     1278     3834 |     3152     2870     15 |  0.001 % |
|   1496156 |     300     1278     3834 |     3467     1926     15 |  0.001 % |
|   2244338 |     300     1278     3834 |     3814     3053     15 |  0.001 % |
|   3366612 |     300     1278     3834 |     4195     2472     15 |  0.001 % |
|   5050023 |     300     1278     3834 |     4615     3771     15 |  0.001 % |
===============================================================================
restarts              : 11257
conflicts             : 6875614        (71732 /sec)
decisions             : 8333341        (0.00 % random) (86940 /sec)
propagations          : 350413777      (3655780 /sec)
conflict literals     : 106296057      (22.72 % deleted)
Memory used           : 6.00 MB
CPU time              : 95.852 s

SATISFIABLE
