WARNING: for repeatability, setting FPU to use double precision
============================[ Problem Statistics ]=============================
|                                                                             |
|  Number of variables:           300                                         |
|  Number of clauses:            1278                                         |
|  Parse time:                   0.00 s                                       |
|                                                                             |
============================[ Search Statistics ]==============================
| Conflicts |          ORIGINAL         |          LEARNT          | Progress |
|           |    Vars  Clauses Literals |    Limit  Clauses Lit/Cl |          |
===============================================================================
|       100 |     300     1278     3834 |      468      100     16 |  0.001 % |
|       250 |     300     1278     3834 |      515      250     16 |  0.001 % |
|       475 |     300     1278     3834 |      567      475     15 |  0.001 % |
|       812 |     300     1278     3834 |      623      512     16 |  0.001 % |
|      1318 |     300     1278     3834 |      686      362     14 |  0.001 % |
|      2077 |     300     1278     3834 |      754      396     12 |  0.001 % |
|      3216 |     300     1278     3834 |      830      753     13 |  0.001 % |
|      4924 |     300     1278     3834 |      913      748     14 |  0.001 % |
|      7486 |     300     1278     3834 |     1004      954     14 |  0.001 % |
|     11330 |     300     1278     3834 |     1104      679     12 |  0.001 % |
|     17096 |     300     1278     3834 |     1215      780     13 |  0.001 % |
|     25745 |     300     1278     3834 |     1336      744     12 |  0.001 % |
|     38719 |     300     1278     3834 |     1470      776     12 |  0.001 % |
|     58180 |     300     1278     3834 |     1617      761     13 |  0.001 % |
|     87372 |     300     1278     3834 |     1779     1167     14 |  0.001 % |
|    131161 |     300     1278     3834 |     1957     1625     14 |  0.001 % |
|    196845 |     300     1278     3834 |     2153     1820     14 |  0.001 % |
|    295371 |     300     1278     3834 |     2368     2178     14 |  0.001 % |
|    443160 |     300     1278     3834 |     2605     2335     15 |  0.001 % |
|    664843 |     300     1278     3834 |     2865     1353     13 |  0.001 % |
|    997368 |     300     1278     3834 |     3152     2240     13 |  0.001 % |
|   1496156 |     300     1278     3834 |     3467     2916     15 |  0.001 % |
|   2244338 |     300     1278     3834 |     3814     2391     14 |  0.001 % |
|   3366612 |     300     1278     3834 |     4195     1951     14 |  0.001 % |
|   5050023 |     298     1256     3768 |     4615     1357     11 |  0.668 % |
===============================================================================
restarts              : 8191
conflicts             : 5231318        (73169 /sec)
decisions             : 6345444        (0.00 % random) (88752 /sec)
propagations          : 263365168      (3683635 /sec)
conflict literals     : 79425879       (23.03 % deleted)
Memory used           : 6.00 MB
CPU time              : 71.496 s

UNSATISFIABLE
