WARNING: for repeatability, setting FPU to use double precision
============================[ Problem Statistics ]=============================
|                                                                             |
|  Number of variables:           300                                         |
|  Number of clauses:            1278                                         |
|  Parse time:                   0.00 s                                       |
|                                                                             |
============================[ Search Statistics ]==============================
| Conflicts |          ORIGINAL         |          LEARNT          | Progress |
|           |    Vars  Clauses Literals |    Limit  Clauses Lit/Cl |          |
===============================================================================
|       100 |     300     1278     3834 |      468      100     14 |  0.001 % |
|       250 |     300     1278     3834 |      515      250     15 |  0.001 % |
|       475 |     300     1278     3834 |      567      475     15 |  0.001 % |
|       812 |     300     1278     3834 |      623      511     14 |  0.001 % |
|      1318 |     300     1278     3834 |      686      364     13 |  0.001 % |
|      2077 |     300     1278     3834 |      754      416     13 |  0.001 % |
|      3216 |     300     1278     3834 |      830      760     15 |  0.001 % |
|      4924 |     300     1278     3834 |      913      761     13 |  0.001 % |
|      7486 |     300     1278     3834 |     1004      485     11 |  0.001 % |
|     11330 |     300     1278     3834 |     1104      733     13 |  0.001 % |
|     17096 |     300     1278     3834 |     1215      838     13 |  0.001 % |
|     25745 |     300     1278     3834 |     1336      816     12 |  0.001 % |
|     38719 |     300     1278     3834 |     1470      808     13 |  0.001 % |
|     58180 |     300     1278     3834 |     1617      786     13 |  0.001 % |
|     87372 |     300     1278     3834 |     1779     1197     13 |  0.001 % |
|    131161 |     300     1278     3834 |     1957     1624     14 |  0.001 % |
|    196845 |     300     1278     3834 |     2153     1876     13 |  0.001 % |
|    295371 |     300     1278     3834 |     2368     1242     12 |  0.001 % |
|    443160 |     300     1278     3834 |     2605     1532     15 |  0.001 % |
|    664843 |     300     1278     3834 |     2865     1974     14 |  0.001 % |
|    997368 |     300     1278     3834 |     3152     1580     13 |  0.001 % |
|   1496156 |     300     1278     3834 |     3467     2285     14 |  0.001 % |
|   2244338 |     300     1278     3834 |     3814     1889     14 |  0.001 % |
|   3366612 |     300     1278     3834 |     4195     3157     14 |  0.001 % |
|   5050023 |     300     1278     3834 |     4615     2361     11 |  0.006 % |
===============================================================================
restarts              : 10535
conflicts             : 6571270        (72291 /sec)
decisions             : 7959626        (0.00 % random) (87565 /sec)
propagations          : 332540001      (3658306 /sec)
conflict literals     : 99440289       (23.39 % deleted)
Memory used           : 7.00 MB
CPU time              : 90.9 s

UNSATISFIABLE
