WARNING: for repeatability, setting FPU to use double precision
============================[ Problem Statistics ]=============================
|                                                                             |
|  Number of variables:           300                                         |
|  Number of clauses:            1278                                         |
|  Parse time:                   0.00 s                                       |
|                                                                             |
============================[ Search Statistics ]==============================
| Conflicts |          ORIGINAL         |          LEARNT          | Progress |
|           |    Vars  Clauses Literals |    Limit  Clauses Lit/Cl |          |
===============================================================================
|       100 |     300     1278     3834 |      468      100     17 |  0.001 % |
|       250 |     300     1278     3834 |      515      250     16 |  0.001 % |
|       475 |     300     1278     3834 |      567      475     15 |  0.001 % |
|       812 |     300     1278     3834 |      623      519     13 |  0.001 % |
|      1318 |     300     1278     3834 |      686      382     12 |  0.001 % |
|      2077 |     300     1278     3834 |      754      422     12 |  0.001 % |
|      3216 |     300     1278     3834 |      830      402     10 |  0.001 % |
|      4924 |     300     1278     3834 |      913      827     13 |  0.001 % |
|      7486 |     300     1278     3834 |     1004      581     12 |  0.001 % |
|     11330 |     300     1278     3834 |     1104      811     14 |  0.001 % |
|     17096 |     300     1278     3834 |     1215      909     14 |  0.001 % |
|     25745 |     300     1278     3834 |     1336      876     13 |  0.001 % |
|     38719 |     300     1278     3834 |     1470      908     13 |  0.001 % |
|     58180 |     300     1278     3834 |     1617      890     13 |  0.001 % |
|     87372 |     300     1278     3834 |     1779     1312     11 |  0.001 % |
|    131161 |     300     1278     3834 |     1957     1801     14 |  0.001 % |
|    196845 |     300     1278     3834 |     2153     1046     13 |  0.001 % |
|    295371 |     300     1278     3834 |     2368     1487     13 |  0.001 % |
|    443160 |     300     1278     3834 |     2605     1796     14 |  0.001 % |
|    664843 |     300     1278     3834 |     2865     2294     14 |  0.001 % |
|    997368 |     300     1278     3834 |     3152     1831     13 |  0.001 % |
|   1496156 |     300     1278     3834 |     3467     2506     13 |  0.001 % |
|   2244338 |     300     1278     3834 |     3814     2163     12 |  0.001 % |
|   3366612 |     300     1278     3834 |     4195     3632     14 |  0.001 % |
|   5050023 |     300     1278     3834 |     4615     2998     12 |  0.002 % |
===============================================================================
restarts              : 8446
conflicts             : 5426663        (72444 /sec)
decisions             : 6537607        (0.00 % random) (87275 /sec)
propagations          : 277942440      (3710451 /sec)
conflict literals     : 82042628       (23.85 % deleted)
Memory used           : 6.00 MB
CPU time              : 74.908 s

UNSATISFIABLE
