WARNING: for repeatability, setting FPU to use double precision
============================[ Problem Statistics ]=============================
|                                                                             |
|  Number of variables:           300                                         |
|  Number of clauses:            1278                                         |
|  Parse time:                   0.00 s                                       |
|                                                                             |
============================[ Search Statistics ]==============================
| Conflicts |          ORIGINAL         |          LEARNT          | Progress |
|           |    Vars  Clauses Literals |    Limit  Clauses Lit/Cl |          |
===============================================================================
|       100 |     300     1278     3834 |      468      100     19 |  0.001 % |
|       250 |     300     1278     3834 |      515      250     18 |  0.001 % |
|       475 |     300     1278     3834 |      567      475     16 |  0.001 % |
|       812 |     300     1278     3834 |      623      515     14 |  0.001 % |
|      1318 |     300     1278     3834 |      686      373     13 |  0.001 % |
|      2077 |     300     1278     3834 |      754      421     12 |  0.001 % |
|      3216 |     300     1278     3834 |      830      398     12 |  0.001 % |
|      4924 |     300     1278     3834 |      913      831     14 |  0.001 % |
|      7486 |     300     1278     3834 |     1004      590     12 |  0.001 % |
|     11330 |     300     1278     3834 |     1104      810     13 |  0.001 % |
|     17096 |     300     1278     3834 |     1215      950     13 |  0.001 % |
|     25745 |     300     1278     3834 |     1336      924     12 |  0.001 % |
|     38719 |     300     1278     3834 |     1470      989     13 |  0.001 % |
|     58180 |     300     1278     3834 |     1617      978     14 |  0.001 % |
|     87372 |     300     1278     3834 |     1779     1434     13 |  0.001 % |
|    131161 |     300     1278     3834 |     1957     1114     12 |  0.001 % |
|    196845 |     300     1278     3834 |     2153     1322     12 |  0.001 % |
|    295371 |     300     1278     3834 |     2368     1747     14 |  0.001 % |
|    443160 |     300     1278     3834 |     2605     2060     14 |  0.001 % |
|    664843 |     300     1278     3834 |     2865     2532     14 |  0.001 % |
|    997368 |     300     1278     3834 |     3152     2222     13 |  0.001 % |
|   1496156 |     300     1278     3834 |     3467     2943     15 |  0.001 % |
|   2244338 |     300     1278     3834 |     3814     2772     13 |  0.001 % |
|   3366612 |     300     1278     3834 |     4195     2525     14 |  0.001 % |
|   5050023 |     299     1268     3804 |     4615     2327     14 |  0.334 % |
===============================================================================
restarts              : 9214
conflicts             : 5826892        (71987 /sec)
decisions             : 7050231        (0.00 % random) (87100 /sec)
propagations          : 287843508      (3556082 /sec)
conflict literals     : 87071984       (22.80 % deleted)
Memory used           : 6.00 MB
CPU time              : 80.944 s

UNSATISFIABLE
