WARNING: for repeatability, setting FPU to use double precision
============================[ Problem Statistics ]=============================
|                                                                             |
|  Number of variables:           300                                         |
|  Number of clauses:            1278                                         |
|  Parse time:                   0.00 s                                       |
|                                                                             |
============================[ Search Statistics ]==============================
| Conflicts |          ORIGINAL         |          LEARNT          | Progress |
|           |    Vars  Clauses Literals |    Limit  Clauses Lit/Cl |          |
===============================================================================
|       100 |     300     1278     3834 |      468      100     17 |  0.001 % |
|       250 |     300     1278     3834 |      515      250     16 |  0.001 % |
|       475 |     300     1278     3834 |      567      475     16 |  0.001 % |
|       812 |     300     1278     3834 |      623      511     15 |  0.001 % |
|      1318 |     300     1278     3834 |      686      365     14 |  0.001 % |
|      2077 |     300     1278     3834 |      754      417     12 |  0.001 % |
|      3216 |     300     1278     3834 |      830      386     11 |  0.001 % |
|      4924 |     300     1278     3834 |      913      817     14 |  0.001 % |
|      7486 |     300     1278     3834 |     1004      579     13 |  0.001 % |
|     11330 |     300     1278     3834 |     1104      833     13 |  0.001 % |
|     17096 |     300     1278     3834 |     1215      937     14 |  0.001 % |
|     25745 |     300     1278     3834 |     1336      903     14 |  0.001 % |
|     38719 |     300     1278     3834 |     1470      907     14 |  0.001 % |
|     58180 |     300     1278     3834 |     1617      915     13 |  0.001 % |
|     87372 |     300     1278     3834 |     1779     1365     14 |  0.001 % |
|    131161 |     300     1278     3834 |     1957     1785     16 |  0.001 % |
|    196845 |     300     1278     3834 |     2153     1926     15 |  0.001 % |
|    295371 |     300     1278     3834 |     2368     1150     14 |  0.001 % |
|    443160 |     300     1278     3834 |     2605     1465     13 |  0.001 % |
|    664843 |     300     1278     3834 |     2865     1740     14 |  0.001 % |
|    997368 |     300     1278     3834 |     3152     2498     14 |  0.001 % |
|   1496156 |     300     1278     3834 |     3467     3081     15 |  0.001 % |
|   2244338 |     300     1278     3834 |     3814     2459     12 |  0.001 % |
|   3366612 |     300     1278     3834 |     4195     3826     15 |  0.001 % |
|   5050023 |     300     1278     3834 |     4615     2869     13 |  0.001 % |
|   7575139 |     299     1265     3795 |     5077     3277     14 |  0.334 % |
===============================================================================
restarts              : 16381
conflicts             : 10180091       (68560 /sec)
decisions             : 12355168       (0.00 % random) (83209 /sec)
propagations          : 520894978      (3508088 /sec)
conflict literals     : 156967409      (23.50 % deleted)
Memory used           : 7.00 MB
CPU time              : 148.484 s

UNSATISFIABLE
