WARNING: for repeatability, setting FPU to use double precision
============================[ Problem Statistics ]=============================
|                                                                             |
|  Number of variables:           300                                         |
|  Number of clauses:            1278                                         |
|  Parse time:                   0.00 s                                       |
|                                                                             |
============================[ Search Statistics ]==============================
| Conflicts |          ORIGINAL         |          LEARNT          | Progress |
|           |    Vars  Clauses Literals |    Limit  Clauses Lit/Cl |          |
===============================================================================
|       100 |     300     1278     3834 |      468      100     20 |  0.001 % |
|       250 |     300     1278     3834 |      515      250     18 |  0.001 % |
|       475 |     300     1278     3834 |      567      475     16 |  0.001 % |
|       812 |     300     1278     3834 |      623      512     14 |  0.001 % |
|      1318 |     300     1278     3834 |      686      369     12 |  0.001 % |
|      2077 |     300     1278     3834 |      754      422     12 |  0.001 % |
|      3216 |     300     1278     3834 |      830      391     11 |  0.001 % |
|      4924 |     300     1278     3834 |      913      787     13 |  0.001 % |
|      7486 |     300     1278     3834 |     1004      531     12 |  0.001 % |
|     11330 |     300     1278     3834 |     1104      778     13 |  0.001 % |
|     17096 |     300     1278     3834 |     1215      898     13 |  0.001 % |
|     25745 |     300     1278     3834 |     1336      885     12 |  0.001 % |
|     38719 |     300     1278     3834 |     1470      910     13 |  0.001 % |
|     58180 |     300     1278     3834 |     1617      895     13 |  0.001 % |
|     87372 |     300     1278     3834 |     1779     1321     14 |  0.001 % |
|    131161 |     300     1278     3834 |     1957     1781     13 |  0.001 % |
|    196845 |     300     1278     3834 |     2153     1998     14 |  0.001 % |
|    295371 |     300     1278     3834 |     2368     1314     14 |  0.001 % |
|    443160 |     300     1278     3834 |     2605     1668     14 |  0.001 % |
|    664843 |     300     1278     3834 |     2865     1920     15 |  0.001 % |
|    997368 |     300     1278     3834 |     3152     2689     13 |  0.001 % |
|   1496156 |     300     1278     3834 |     3467     1701     15 |  0.001 % |
|   2244338 |     300     1278     3834 |     3814     2764     14 |  0.001 % |
|   3366612 |     300     1278     3834 |     4195     2043     15 |  0.001 % |
|   5050023 |     300     1278     3834 |     4615     3620     12 |  0.002 % |
|   7575139 |     298     1254     3762 |     5077     4453     14 |  0.668 % |
===============================================================================
restarts              : 13835
conflicts             : 8538537        (69844 /sec)
decisions             : 10351310       (0.00 % random) (84672 /sec)
propagations          : 429780712      (3515531 /sec)
conflict literals     : 130403531      (23.06 % deleted)
Memory used           : 7.00 MB
CPU time              : 122.252 s

UNSATISFIABLE
