WARNING: for repeatability, setting FPU to use double precision
============================[ Problem Statistics ]=============================
|                                                                             |
|  Number of variables:           300                                         |
|  Number of clauses:            1278                                         |
|  Parse time:                   0.00 s                                       |
|                                                                             |
============================[ Search Statistics ]==============================
| Conflicts |          ORIGINAL         |          LEARNT          | Progress |
|           |    Vars  Clauses Literals |    Limit  Clauses Lit/Cl |          |
===============================================================================
|       100 |     300     1278     3834 |      468      100     16 |  0.001 % |
|       250 |     300     1278     3834 |      515      250     15 |  0.001 % |
|       475 |     300     1278     3834 |      567      475     15 |  0.001 % |
|       812 |     300     1278     3834 |      623      515     16 |  0.001 % |
|      1318 |     300     1278     3834 |      686      361     12 |  0.001 % |
|      2077 |     300     1278     3834 |      754      409     11 |  0.001 % |
|      3216 |     300     1278     3834 |      830      762     13 |  0.001 % |
|      4924 |     300     1278     3834 |      913      761     14 |  0.001 % |
|      7486 |     300     1278     3834 |     1004      492     11 |  0.001 % |
|     11330 |     300     1278     3834 |     1104      711     13 |  0.001 % |
|     17096 |     300     1278     3834 |     1215      825     13 |  0.001 % |
|     25745 |     300     1278     3834 |     1336      756     12 |  0.001 % |
|     38719 |     300     1278     3834 |     1470      781     13 |  0.001 % |
|     58180 |     300     1278     3834 |     1617      794     12 |  0.001 % |
|     87372 |     300     1278     3834 |     1779     1271     13 |  0.001 % |
|    131161 |     300     1278     3834 |     1957     1782     15 |  0.001 % |
|    196845 |     300     1278     3834 |     2153     1010     13 |  0.001 % |
|    295371 |     300     1278     3834 |     2368     1475     14 |  0.001 % |
|    443160 |     300     1278     3834 |     2605     1706     13 |  0.001 % |
|    664843 |     300     1278     3834 |     2865     2064     14 |  0.001 % |
|    997368 |     300     1278     3834 |     3152     1688     13 |  0.001 % |
|   1496156 |     300     1278     3834 |     3467     2359     13 |  0.001 % |
|   2244338 |     300     1278     3834 |     3814     2196     13 |  0.001 % |
|   3366612 |     300     1278     3834 |     4195     3785     14 |  0.001 % |
|   5050023 |     300     1278     3834 |     4615     3343     12 |  0.001 % |
===============================================================================
restarts              : 10238
conflicts             : 6438085        (71722 /sec)
decisions             : 7781987        (0.00 % random) (86694 /sec)
propagations          : 317389815      (3535825 /sec)
conflict literals     : 96281332       (22.79 % deleted)
Memory used           : 7.00 MB
CPU time              : 89.764 s

UNSATISFIABLE
