WARNING: for repeatability, setting FPU to use double precision
============================[ Problem Statistics ]=============================
|                                                                             |
|  Number of variables:           300                                         |
|  Number of clauses:            1278                                         |
|  Parse time:                   0.00 s                                       |
|                                                                             |
============================[ Search Statistics ]==============================
| Conflicts |          ORIGINAL         |          LEARNT          | Progress |
|           |    Vars  Clauses Literals |    Limit  Clauses Lit/Cl |          |
===============================================================================
|       100 |     300     1278     3834 |      468      100     17 |  0.001 % |
|       250 |     300     1278     3834 |      515      250     17 |  0.001 % |
|       475 |     300     1278     3834 |      567      475     16 |  0.001 % |
|       812 |     300     1278     3834 |      623      518     16 |  0.001 % |
|      1318 |     300     1278     3834 |      686      366     14 |  0.001 % |
|      2077 |     300     1278     3834 |      754      418     12 |  0.001 % |
|      3216 |     300     1278     3834 |      830      394     10 |  0.001 % |
|      4924 |     300     1278     3834 |      913      831     13 |  0.001 % |
|      7486 |     300     1278     3834 |     1004      596     12 |  0.001 % |
|     11330 |     300     1278     3834 |     1104      829     13 |  0.001 % |
|     17096 |     300     1278     3834 |     1215      931     14 |  0.001 % |
|     25745 |     300     1278     3834 |     1336      919     12 |  0.001 % |
|     38719 |     300     1278     3834 |     1470      963     14 |  0.001 % |
|     58180 |     300     1278     3834 |     1617     1008     13 |  0.001 % |
|     87372 |     300     1278     3834 |     1779     1472     14 |  0.001 % |
|    131161 |     300     1278     3834 |     1957     1004     13 |  0.001 % |
|    196845 |     300     1278     3834 |     2153     1262     13 |  0.001 % |
|    295371 |     300     1278     3834 |     2368     1591     14 |  0.001 % |
|    443160 |     300     1278     3834 |     2605     1776     11 |  0.001 % |
|    664843 |     300     1278     3834 |     2865     2167     15 |  0.001 % |
|    997368 |     300     1278     3834 |     3152     1680     14 |  0.001 % |
|   1496156 |     300     1278     3834 |     3467     2323     14 |  0.001 % |
|   2244338 |     300     1278     3834 |     3814     2083     12 |  0.002 % |
|   3366612 |     300     1278     3834 |     4195     3296     14 |  0.001 % |
|   5050023 |     299     1266     3798 |     4615     2146     13 |  0.337 % |
===============================================================================
restarts              : 8191
conflicts             : 5301496        (73644 /sec)
decisions             : 6413287        (0.00 % random) (89088 /sec)
propagations          : 260401573      (3617291 /sec)
conflict literals     : 79159956       (23.65 % deleted)
Memory used           : 6.00 MB
CPU time              : 71.988 s

UNSATISFIABLE
