WARNING: for repeatability, setting FPU to use double precision
============================[ Problem Statistics ]=============================
|                                                                             |
|  Number of variables:           300                                         |
|  Number of clauses:            1278                                         |
|  Parse time:                   0.00 s                                       |
|                                                                             |
============================[ Search Statistics ]==============================
| Conflicts |          ORIGINAL         |          LEARNT          | Progress |
|           |    Vars  Clauses Literals |    Limit  Clauses Lit/Cl |          |
===============================================================================
|       100 |     300     1278     3834 |      468      100     16 |  0.001 % |
|       250 |     300     1278     3834 |      515      250     17 |  0.001 % |
|       475 |     300     1278     3834 |      567      475     16 |  0.001 % |
|       812 |     300     1278     3834 |      623      513     15 |  0.001 % |
|      1318 |     300     1278     3834 |      686      361     14 |  0.001 % |
|      2077 |     300     1278     3834 |      754      415     13 |  0.001 % |
|      3216 |     300     1278     3834 |      830      392     12 |  0.001 % |
|      4924 |     300     1278     3834 |      913      797     13 |  0.001 % |
|      7486 |     300     1278     3834 |     1004      518     11 |  0.001 % |
|     11330 |     300     1278     3834 |     1104      763     13 |  0.001 % |
|     17096 |     300     1278     3834 |     1215      874     12 |  0.001 % |
|     25745 |     300     1278     3834 |     1336      820     13 |  0.001 % |
|     38719 |     300     1278     3834 |     1470      836     12 |  0.001 % |
|     58180 |     300     1278     3834 |     1617      855     13 |  0.001 % |
|     87372 |     300     1278     3834 |     1779     1247     13 |  0.001 % |
|    131161 |     300     1278     3834 |     1957     1764     13 |  0.001 % |
|    196845 |     300     1278     3834 |     2153     1978     14 |  0.001 % |
|    295371 |     300     1278     3834 |     2368     1235     14 |  0.001 % |
|    443160 |     300     1278     3834 |     2605     1381     12 |  0.001 % |
|    664843 |     300     1278     3834 |     2865     1731     14 |  0.001 % |
|    997368 |     300     1278     3834 |     3152     2642     14 |  0.001 % |
|   1496156 |     300     1278     3834 |     3467     1620     13 |  0.001 % |
|   2244338 |     300     1278     3834 |     3814     2764     14 |  0.001 % |
|   3366612 |     300     1278     3834 |     4195     2120     14 |  0.001 % |
|   5050023 |     298     1248     3744 |     4615     3352     14 |  0.668 % |
===============================================================================
restarts              : 8191
conflicts             : 5239052        (72551 /sec)
decisions             : 6341112        (0.00 % random) (87812 /sec)
propagations          : 267418394      (3703240 /sec)
conflict literals     : 79747959       (23.48 % deleted)
Memory used           : 6.00 MB
CPU time              : 72.212 s

UNSATISFIABLE
