WARNING: for repeatability, setting FPU to use double precision
============================[ Problem Statistics ]=============================
|                                                                             |
|  Number of variables:           300                                         |
|  Number of clauses:            1278                                         |
|  Parse time:                   0.00 s                                       |
|                                                                             |
============================[ Search Statistics ]==============================
| Conflicts |          ORIGINAL         |          LEARNT          | Progress |
|           |    Vars  Clauses Literals |    Limit  Clauses Lit/Cl |          |
===============================================================================
|       100 |     300     1278     3834 |      468      100     17 |  0.001 % |
|       250 |     300     1278     3834 |      515      250     17 |  0.001 % |
|       475 |     300     1278     3834 |      567      475     17 |  0.001 % |
|       812 |     300     1278     3834 |      623      511     16 |  0.001 % |
|      1318 |     300     1278     3834 |      686      360     13 |  0.001 % |
|      2077 |     300     1278     3834 |      754      394     13 |  0.001 % |
|      3216 |     300     1278     3834 |      830      753     14 |  0.001 % |
|      4924 |     300     1278     3834 |      913      740     14 |  0.001 % |
|      7486 |     300     1278     3834 |     1004      940     14 |  0.001 % |
|     11330 |     300     1278     3834 |     1104      626     13 |  0.001 % |
|     17096 |     300     1278     3834 |     1215      773     13 |  0.001 % |
|     25745 |     300     1278     3834 |     1336      737     13 |  0.001 % |
|     38719 |     300     1278     3834 |     1470      760     13 |  0.001 % |
|     58180 |     300     1278     3834 |     1617     1489     14 |  0.001 % |
|     87372 |     300     1278     3834 |     1779     1119     13 |  0.001 % |
|    131161 |     300     1278     3834 |     1957     1596     15 |  0.001 % |
|    196845 |     300     1278     3834 |     2153     1813     14 |  0.001 % |
|    295371 |     300     1278     3834 |     2368     1095     14 |  0.001 % |
|    443160 |     300     1278     3834 |     2605     1373     13 |  0.001 % |
|    664843 |     300     1278     3834 |     2865     1726     14 |  0.001 % |
|    997368 |     300     1278     3834 |     3152     2700     13 |  0.001 % |
|   1496156 |     300     1278     3834 |     3467     1673     14 |  0.001 % |
|   2244338 |     300     1278     3834 |     3814     2883     14 |  0.001 % |
|   3366612 |     300     1278     3834 |     4195     2181     13 |  0.001 % |
|   5050023 |     300     1278     3834 |     4615     3609     12 |  0.002 % |
|   7575139 |     299     1268     3804 |     5077     2980     12 |  0.337 % |
===============================================================================
restarts              : 13256
conflicts             : 8191607        (70225 /sec)
decisions             : 9917389        (0.00 % random) (85020 /sec)
propagations          : 406847928      (3487826 /sec)
conflict literals     : 124800102      (22.80 % deleted)
Memory used           : 7.00 MB
CPU time              : 116.648 s

UNSATISFIABLE
