WARNING: for repeatability, setting FPU to use double precision
============================[ Problem Statistics ]=============================
|                                                                             |
|  Number of variables:           300                                         |
|  Number of clauses:            1278                                         |
|  Parse time:                   0.00 s                                       |
|                                                                             |
============================[ Search Statistics ]==============================
| Conflicts |          ORIGINAL         |          LEARNT          | Progress |
|           |    Vars  Clauses Literals |    Limit  Clauses Lit/Cl |          |
===============================================================================
|       100 |     300     1278     3834 |      468      100     17 |  0.001 % |
|       250 |     300     1278     3834 |      515      250     16 |  0.001 % |
|       475 |     300     1278     3834 |      567      475     15 |  0.001 % |
|       812 |     300     1278     3834 |      623      516     14 |  0.001 % |
|      1318 |     300     1278     3834 |      686      371     13 |  0.001 % |
|      2077 |     300     1278     3834 |      754      421     12 |  0.001 % |
|      3216 |     300     1278     3834 |      830      393     11 |  0.001 % |
|      4924 |     300     1278     3834 |      913      826     15 |  0.001 % |
|      7486 |     300     1278     3834 |     1004      598     12 |  0.001 % |
|     11330 |     300     1278     3834 |     1104      857     12 |  0.001 % |
|     17096 |     300     1278     3834 |     1215      960     14 |  0.001 % |
|     25745 |     300     1278     3834 |     1336      966     12 |  0.001 % |
|     38719 |     300     1278     3834 |     1470      979     15 |  0.001 % |
|     58180 |     300     1278     3834 |     1617     1017     13 |  0.001 % |
|     87372 |     300     1278     3834 |     1779     1507     13 |  0.001 % |
|    131161 |     300     1278     3834 |     1957     1098     12 |  0.001 % |
|    196845 |     300     1278     3834 |     2153     1292     13 |  0.001 % |
|    295371 |     300     1278     3834 |     2368     1705     14 |  0.001 % |
|    443160 |     300     1278     3834 |     2605     2035     14 |  0.001 % |
|    664843 |     300     1278     3834 |     2865     2441     14 |  0.001 % |
|    997368 |     300     1278     3834 |     3152     1989     14 |  0.001 % |
|   1496156 |     300     1278     3834 |     3467     2788     14 |  0.001 % |
|   2244338 |     300     1278     3834 |     3814     2800     12 |  0.003 % |
|   3366612 |     300     1278     3834 |     4195     2286     13 |  0.001 % |
|   5050023 |     300     1278     3834 |     4615     2142     12 |  0.001 % |
===============================================================================
restarts              : 9217
conflicts             : 5844098        (72554 /sec)
decisions             : 7091063        (0.00 % random) (88035 /sec)
propagations          : 293897753      (3648728 /sec)
conflict literals     : 87207132       (23.27 % deleted)
Memory used           : 6.00 MB
CPU time              : 80.548 s

UNSATISFIABLE
