WARNING: for repeatability, setting FPU to use double precision
============================[ Problem Statistics ]=============================
|                                                                             |
|  Number of variables:           300                                         |
|  Number of clauses:            1278                                         |
|  Parse time:                   0.00 s                                       |
|                                                                             |
============================[ Search Statistics ]==============================
| Conflicts |          ORIGINAL         |          LEARNT          | Progress |
|           |    Vars  Clauses Literals |    Limit  Clauses Lit/Cl |          |
===============================================================================
|       100 |     300     1278     3834 |      468      100     15 |  0.001 % |
|       250 |     300     1278     3834 |      515      250     16 |  0.001 % |
|       475 |     300     1278     3834 |      567      475     16 |  0.001 % |
|       812 |     300     1278     3834 |      623      517     14 |  0.001 % |
|      1318 |     300     1278     3834 |      686      367     12 |  0.001 % |
|      2077 |     300     1278     3834 |      754      419     12 |  0.001 % |
|      3216 |     300     1278     3834 |      830      759     14 |  0.001 % |
|      4924 |     300     1278     3834 |      913      746     14 |  0.001 % |
|      7486 |     300     1278     3834 |     1004      499     11 |  0.001 % |
|     11330 |     300     1278     3834 |     1104      733     13 |  0.001 % |
|     17096 |     300     1278     3834 |     1215      856     13 |  0.001 % |
|     25745 |     300     1278     3834 |     1336      813     12 |  0.001 % |
|     38719 |     300     1278     3834 |     1470      839     10 |  0.001 % |
|     58180 |     300     1278     3834 |     1617      933     12 |  0.001 % |
|     87372 |     300     1278     3834 |     1779     1355     14 |  0.001 % |
|    131161 |     300     1278     3834 |     1957     1008     13 |  0.001 % |
|    196845 |     300     1278     3834 |     2153     1268     12 |  0.001 % |
|    295371 |     300     1278     3834 |     2368     1721     13 |  0.001 % |
|    443160 |     300     1278     3834 |     2605     2087     14 |  0.001 % |
|    664843 |     300     1278     3834 |     2865     2345     14 |  0.001 % |
|    997368 |     300     1278     3834 |     3152     1934     13 |  0.001 % |
|   1496156 |     300     1278     3834 |     3467     2763     15 |  0.001 % |
|   2244338 |     300     1278     3834 |     3814     2446     12 |  0.001 % |
|   3366612 |     300     1278     3834 |     4195     2232     12 |  0.001 % |
|   5050023 |     300     1278     3834 |     4615     4098     13 |  0.002 % |
===============================================================================
restarts              : 10720
conflicts             : 6634701        (71566 /sec)
decisions             : 7997491        (0.00 % random) (86265 /sec)
propagations          : 333799389      (3600546 /sec)
conflict literals     : 98195503       (23.90 % deleted)
Memory used           : 6.00 MB
CPU time              : 92.708 s

UNSATISFIABLE
