WARNING: for repeatability, setting FPU to use double precision
============================[ Problem Statistics ]=============================
|                                                                             |
|  Number of variables:           300                                         |
|  Number of clauses:            1278                                         |
|  Parse time:                   0.00 s                                       |
|                                                                             |
============================[ Search Statistics ]==============================
| Conflicts |          ORIGINAL         |          LEARNT          | Progress |
|           |    Vars  Clauses Literals |    Limit  Clauses Lit/Cl |          |
===============================================================================
|       100 |     300     1278     3834 |      468      100     15 |  0.001 % |
|       250 |     300     1278     3834 |      515      250     15 |  0.001 % |
|       475 |     300     1278     3834 |      567      475     15 |  0.001 % |
|       812 |     300     1278     3834 |      623      515     14 |  0.001 % |
|      1318 |     300     1278     3834 |      686      366     12 |  0.001 % |
|      2077 |     300     1278     3834 |      754      416     12 |  0.001 % |
|      3216 |     300     1278     3834 |      830      758     14 |  0.001 % |
|      4924 |     300     1278     3834 |      913      746     13 |  0.001 % |
|      7486 |     300     1278     3834 |     1004      491     12 |  0.001 % |
|     11330 |     300     1278     3834 |     1104      731     12 |  0.001 % |
|     17096 |     300     1278     3834 |     1215      871     13 |  0.001 % |
|     25745 |     300     1278     3834 |     1336      858     12 |  0.001 % |
|     38719 |     300     1278     3834 |     1470      905     13 |  0.001 % |
|     58180 |     300     1278     3834 |     1617      905     12 |  0.001 % |
|     87372 |     300     1278     3834 |     1779     1358     13 |  0.001 % |
|    131161 |     300     1278     3834 |     1957      934     12 |  0.001 % |
|    196845 |     300     1278     3834 |     2153     1139     12 |  0.001 % |
|    295371 |     300     1278     3834 |     2368     1622     14 |  0.001 % |
|    443160 |     300     1278     3834 |     2605     1792     14 |  0.001 % |
|    664843 |     300     1278     3834 |     2865     2121     14 |  0.001 % |
|    997368 |     300     1278     3834 |     3152     1632     13 |  0.001 % |
|   1496156 |     300     1278     3834 |     3467     2343     14 |  0.001 % |
|   2244338 |     300     1278     3834 |     3814     1976     12 |  0.001 % |
|   3366612 |     300     1278     3834 |     4195     3638     14 |  0.001 % |
|   5050023 |     298     1264     3792 |     4615     4146     11 |  0.676 % |
===============================================================================
restarts              : 8191
conflicts             : 5104301        (72856 /sec)
decisions             : 6159811        (0.00 % random) (87922 /sec)
propagations          : 249742551      (3564695 /sec)
conflict literals     : 76681379       (22.41 % deleted)
Memory used           : 6.00 MB
CPU time              : 70.06 s

UNSATISFIABLE
