WARNING: for repeatability, setting FPU to use double precision
============================[ Problem Statistics ]=============================
|                                                                             |
|  Number of variables:           300                                         |
|  Number of clauses:            1278                                         |
|  Parse time:                   0.00 s                                       |
|                                                                             |
============================[ Search Statistics ]==============================
| Conflicts |          ORIGINAL         |          LEARNT          | Progress |
|           |    Vars  Clauses Literals |    Limit  Clauses Lit/Cl |          |
===============================================================================
|       100 |     300     1278     3834 |      468      100     17 |  0.001 % |
|       250 |     300     1278     3834 |      515      250     17 |  0.001 % |
|       475 |     300     1278     3834 |      567      475     16 |  0.001 % |
|       812 |     300     1278     3834 |      623      510     15 |  0.001 % |
|      1318 |     300     1278     3834 |      686      368     12 |  0.001 % |
|      2077 |     300     1278     3834 |      754      412     12 |  0.001 % |
|      3216 |     300     1278     3834 |      830      385     11 |  0.001 % |
|      4924 |     300     1278     3834 |      913      805     13 |  0.001 % |
|      7486 |     300     1278     3834 |     1004      548     11 |  0.001 % |
|     11330 |     300     1278     3834 |     1104      795     13 |  0.001 % |
|     17096 |     300     1278     3834 |     1215      917     12 |  0.001 % |
|     25745 |     300     1278     3834 |     1336      906     13 |  0.001 % |
|     38719 |     300     1278     3834 |     1470      929     13 |  0.001 % |
|     58180 |     300     1278     3834 |     1617      909     13 |  0.001 % |
|     87372 |     300     1278     3834 |     1779     1356     14 |  0.001 % |
|    131161 |     300     1278     3834 |     1957     1802     14 |  0.001 % |
|    196845 |     300     1278     3834 |     2153     1995     14 |  0.001 % |
|    295371 |     300     1278     3834 |     2368     1320     14 |  0.001 % |
|    443160 |     300     1278     3834 |     2605     1721     12 |  0.001 % |
|    664843 |     300     1278     3834 |     2865     2053     14 |  0.001 % |
|    997368 |     300     1278     3834 |     3152     1704     14 |  0.001 % |
|   1496156 |     300     1278     3834 |     3467     2436     16 |  0.001 % |
|   2244338 |     300     1278     3834 |     3814     2086     14 |  0.001 % |
|   3366612 |     300     1278     3834 |     4195     3679     15 |  0.001 % |
|   5050023 |     296     1233     3699 |     4615     2600     10 |  1.340 % |
===============================================================================
restarts              : 8191
conflicts             : 5066833        (74003 /sec)
decisions             : 6132004        (0.00 % random) (89560 /sec)
propagations          : 251193472      (3668772 /sec)
conflict literals     : 76441922       (22.51 % deleted)
Memory used           : 6.00 MB
CPU time              : 68.468 s

UNSATISFIABLE
