WARNING: for repeatability, setting FPU to use double precision
============================[ Problem Statistics ]=============================
|                                                                             |
|  Number of variables:           300                                         |
|  Number of clauses:            1278                                         |
|  Parse time:                   0.00 s                                       |
|                                                                             |
============================[ Search Statistics ]==============================
| Conflicts |          ORIGINAL         |          LEARNT          | Progress |
|           |    Vars  Clauses Literals |    Limit  Clauses Lit/Cl |          |
===============================================================================
|       100 |     300     1278     3834 |      468      100     18 |  0.001 % |
|       250 |     300     1278     3834 |      515      250     17 |  0.001 % |
|       475 |     300     1278     3834 |      567      475     16 |  0.001 % |
|       812 |     300     1278     3834 |      623      523     14 |  0.001 % |
|      1318 |     300     1278     3834 |      686      377     13 |  0.001 % |
|      2077 |     300     1278     3834 |      754      427     12 |  0.001 % |
|      3216 |     300     1278     3834 |      830      404     12 |  0.001 % |
|      4924 |     300     1278     3834 |      913      833     13 |  0.001 % |
|      7486 |     300     1278     3834 |     1004      589     12 |  0.001 % |
|     11330 |     300     1278     3834 |     1104      808     12 |  0.001 % |
|     17096 |     300     1278     3834 |     1215      926     12 |  0.001 % |
|     25745 |     300     1278     3834 |     1336      872     13 |  0.001 % |
|     38719 |     300     1278     3834 |     1470      904     12 |  0.001 % |
|     58180 |     300     1278     3834 |     1617      911     12 |  0.001 % |
|     87372 |     300     1278     3834 |     1779     1367     12 |  0.001 % |
|    131161 |     300     1278     3834 |     1957      999     12 |  0.001 % |
|    196845 |     300     1278     3834 |     2153     1169     13 |  0.001 % |
|    295371 |     300     1278     3834 |     2368     1637     13 |  0.001 % |
|    443160 |     300     1278     3834 |     2605     2064     12 |  0.001 % |
|    664843 |     300     1278     3834 |     2865     2581     14 |  0.001 % |
|    997368 |     300     1278     3834 |     3152     2090     13 |  0.001 % |
|   1496156 |     300     1278     3834 |     3467     2787     15 |  0.001 % |
|   2244338 |     300     1278     3834 |     3814     2664     14 |  0.001 % |
|   3366612 |     300     1278     3834 |     4195     2279     15 |  0.001 % |
|   5050023 |     300     1278     3834 |     4615     3821     15 |  0.001 % |
===============================================================================
restarts              : 8569
conflicts             : 5466710        (73221 /sec)
decisions             : 6626689        (0.00 % random) (88758 /sec)
propagations          : 267606198      (3584332 /sec)
conflict literals     : 81556117       (23.02 % deleted)
Memory used           : 6.00 MB
CPU time              : 74.66 s

UNSATISFIABLE
