WARNING: for repeatability, setting FPU to use double precision
============================[ Problem Statistics ]=============================
|                                                                             |
|  Number of variables:           300                                         |
|  Number of clauses:            1278                                         |
|  Parse time:                   0.00 s                                       |
|                                                                             |
============================[ Search Statistics ]==============================
| Conflicts |          ORIGINAL         |          LEARNT          | Progress |
|           |    Vars  Clauses Literals |    Limit  Clauses Lit/Cl |          |
===============================================================================
|       100 |     300     1278     3834 |      468      100     18 |  0.001 % |
|       250 |     300     1278     3834 |      515      250     18 |  0.001 % |
|       475 |     300     1278     3834 |      567      475     17 |  0.001 % |
|       812 |     300     1278     3834 |      623      520     16 |  0.001 % |
|      1318 |     300     1278     3834 |      686      378     15 |  0.001 % |
|      2077 |     300     1278     3834 |      754      427     13 |  0.001 % |
|      3216 |     300     1278     3834 |      830      400     12 |  0.001 % |
|      4924 |     300     1278     3834 |      913      827     13 |  0.001 % |
|      7486 |     300     1278     3834 |     1004      599     12 |  0.001 % |
|     11330 |     300     1278     3834 |     1104      862     13 |  0.001 % |
|     17096 |     300     1278     3834 |     1215      945     13 |  0.001 % |
|     25745 |     300     1278     3834 |     1336      942     13 |  0.001 % |
|     38719 |     300     1278     3834 |     1470     1004     13 |  0.001 % |
|     58180 |     300     1278     3834 |     1617     1018     14 |  0.001 % |
|     87372 |     300     1278     3834 |     1779     1492     14 |  0.001 % |
|    131161 |     300     1278     3834 |     1957     1097     13 |  0.001 % |
|    196845 |     300     1278     3834 |     2153     1303     12 |  0.001 % |
|    295371 |     300     1278     3834 |     2368     1694     14 |  0.001 % |
|    443160 |     300     1278     3834 |     2605     2012     14 |  0.001 % |
|    664843 |     300     1278     3834 |     2865     2461     15 |  0.001 % |
|    997368 |     300     1278     3834 |     3152     2135     13 |  0.001 % |
|   1496156 |     300     1278     3834 |     3467     3092     15 |  0.001 % |
|   2244338 |     300     1278     3834 |     3814     2704     14 |  0.001 % |
|   3366612 |     300     1278     3834 |     4195     2283     13 |  0.001 % |
|   5050023 |     298     1253     3759 |     4615     3663     14 |  0.668 % |
===============================================================================
restarts              : 8191
conflicts             : 5281558        (72697 /sec)
decisions             : 6362525        (0.00 % random) (87575 /sec)
propagations          : 264312057      (3638056 /sec)
conflict literals     : 79100808       (23.43 % deleted)
Memory used           : 6.00 MB
CPU time              : 72.652 s

UNSATISFIABLE
