WARNING: for repeatability, setting FPU to use double precision
============================[ Problem Statistics ]=============================
|                                                                             |
|  Number of variables:           300                                         |
|  Number of clauses:            1278                                         |
|  Parse time:                   0.00 s                                       |
|                                                                             |
============================[ Search Statistics ]==============================
| Conflicts |          ORIGINAL         |          LEARNT          | Progress |
|           |    Vars  Clauses Literals |    Limit  Clauses Lit/Cl |          |
===============================================================================
|       100 |     300     1278     3834 |      468      100     15 |  0.001 % |
|       250 |     300     1278     3834 |      515      250     15 |  0.001 % |
|       475 |     300     1278     3834 |      567      475     15 |  0.001 % |
|       812 |     300     1278     3834 |      623      511     14 |  0.001 % |
|      1318 |     300     1278     3834 |      686      368     11 |  0.001 % |
|      2077 |     300     1278     3834 |      754      417     12 |  0.001 % |
|      3216 |     300     1278     3834 |      830      388     11 |  0.001 % |
|      4924 |     300     1278     3834 |      913      826     13 |  0.001 % |
|      7486 |     300     1278     3834 |     1004      571     12 |  0.001 % |
|     11330 |     300     1278     3834 |     1104      799     12 |  0.001 % |
|     17096 |     300     1278     3834 |     1215      917     12 |  0.001 % |
|     25745 |     300     1278     3834 |     1336      912     13 |  0.001 % |
|     38719 |     300     1278     3834 |     1470      933     13 |  0.001 % |
|     58180 |     300     1278     3834 |     1617      911     14 |  0.001 % |
|     87372 |     300     1278     3834 |     1779     1347     13 |  0.001 % |
|    131161 |     300     1278     3834 |     1957      930     13 |  0.001 % |
|    196845 |     300     1278     3834 |     2153     1130     12 |  0.001 % |
|    295371 |     300     1278     3834 |     2368     1547     14 |  0.001 % |
|    443160 |     300     1278     3834 |     2605     1771     14 |  0.001 % |
|    664843 |     300     1278     3834 |     2865     2030     14 |  0.001 % |
|    997368 |     300     1278     3834 |     3152     1514     12 |  0.001 % |
|   1496156 |     300     1278     3834 |     3467     2129     14 |  0.001 % |
|   2244338 |     300     1278     3834 |     3814     1841     12 |  0.001 % |
|   3366612 |     300     1278     3834 |     4195     3184     14 |  0.001 % |
|   5050023 |     299     1266     3798 |     4615     3056     13 |  0.336 % |
===============================================================================
restarts              : 8254
conflicts             : 5349590        (72241 /sec)
decisions             : 6478078        (0.00 % random) (87480 /sec)
propagations          : 269039304      (3633113 /sec)
conflict literals     : 81750797       (22.51 % deleted)
Memory used           : 7.00 MB
CPU time              : 74.052 s

UNSATISFIABLE
