WARNING: for repeatability, setting FPU to use double precision
============================[ Problem Statistics ]=============================
|                                                                             |
|  Number of variables:           300                                         |
|  Number of clauses:            1278                                         |
|  Parse time:                   0.00 s                                       |
|                                                                             |
============================[ Search Statistics ]==============================
| Conflicts |          ORIGINAL         |          LEARNT          | Progress |
|           |    Vars  Clauses Literals |    Limit  Clauses Lit/Cl |          |
===============================================================================
|       100 |     300     1278     3834 |      468      100     17 |  0.001 % |
|       250 |     300     1278     3834 |      515      250     16 |  0.001 % |
|       475 |     300     1278     3834 |      567      475     16 |  0.001 % |
|       812 |     300     1278     3834 |      623      512     15 |  0.001 % |
|      1318 |     300     1278     3834 |      686      363     12 |  0.001 % |
|      2077 |     300     1278     3834 |      754      416     11 |  0.001 % |
|      3216 |     300     1278     3834 |      830      388     11 |  0.001 % |
|      4924 |     300     1278     3834 |      913      821     13 |  0.001 % |
|      7486 |     300     1278     3834 |     1004      590     12 |  0.001 % |
|     11330 |     300     1278     3834 |     1104      839     13 |  0.001 % |
|     17096 |     300     1278     3834 |     1215      959     14 |  0.001 % |
|     25745 |     300     1278     3834 |     1336      911     13 |  0.001 % |
|     38719 |     300     1278     3834 |     1470      955     13 |  0.001 % |
|     58180 |     300     1278     3834 |     1617      987     12 |  0.001 % |
|     87372 |     300     1278     3834 |     1779     1463     13 |  0.001 % |
|    131161 |     300     1278     3834 |     1957     1090     14 |  0.001 % |
|    196845 |     300     1278     3834 |     2153     1326     13 |  0.001 % |
|    295371 |     300     1278     3834 |     2368     1717     14 |  0.001 % |
|    443160 |     300     1278     3834 |     2605     1965     14 |  0.001 % |
|    664843 |     300     1278     3834 |     2865     2246     14 |  0.001 % |
|    997368 |     300     1278     3834 |     3152     1901     13 |  0.001 % |
|   1496156 |     300     1278     3834 |     3467     2590     14 |  0.001 % |
|   2244338 |     300     1278     3834 |     3814     2319     13 |  0.001 % |
|   3366612 |     300     1278     3834 |     4195     3822     14 |  0.001 % |
|   5050023 |     299     1267     3801 |     4615     3566     12 |  0.334 % |
===============================================================================
restarts              : 8892
conflicts             : 5625359        (72713 /sec)
decisions             : 6777047        (0.00 % random) (87599 /sec)
propagations          : 282411638      (3650427 /sec)
conflict literals     : 83774058       (23.24 % deleted)
Memory used           : 6.00 MB
CPU time              : 77.364 s

UNSATISFIABLE
