WARNING: for repeatability, setting FPU to use double precision
============================[ Problem Statistics ]=============================
|                                                                             |
|  Number of variables:           300                                         |
|  Number of clauses:            1278                                         |
|  Parse time:                   0.00 s                                       |
|                                                                             |
============================[ Search Statistics ]==============================
| Conflicts |          ORIGINAL         |          LEARNT          | Progress |
|           |    Vars  Clauses Literals |    Limit  Clauses Lit/Cl |          |
===============================================================================
|       100 |     300     1278     3834 |      468      100     18 |  0.001 % |
|       250 |     300     1278     3834 |      515      250     17 |  0.001 % |
|       475 |     300     1278     3834 |      567      475     16 |  0.001 % |
|       812 |     300     1278     3834 |      623      510     15 |  0.001 % |
|      1318 |     300     1278     3834 |      686      365     13 |  0.001 % |
|      2077 |     300     1278     3834 |      754      412     13 |  0.001 % |
|      3216 |     300     1278     3834 |      830      767     15 |  0.001 % |
|      4924 |     300     1278     3834 |      913      770     13 |  0.001 % |
|      7486 |     300     1278     3834 |     1004      517     12 |  0.001 % |
|     11330 |     300     1278     3834 |     1104      730     13 |  0.001 % |
|     17096 |     300     1278     3834 |     1215      864     13 |  0.001 % |
|     25745 |     300     1278     3834 |     1336      845     12 |  0.001 % |
|     38719 |     300     1278     3834 |     1470      866     12 |  0.001 % |
|     58180 |     300     1278     3834 |     1617      846     12 |  0.001 % |
|     87372 |     300     1278     3834 |     1779     1257     14 |  0.001 % |
|    131161 |     300     1278     3834 |     1957     1689     14 |  0.001 % |
|    196845 |     300     1278     3834 |     2153     1852     14 |  0.001 % |
|    295371 |     300     1278     3834 |     2368     1089     13 |  0.001 % |
|    443160 |     300     1278     3834 |     2605     2366     14 |  0.001 % |
|    664843 |     300     1278     3834 |     2865     1323     14 |  0.001 % |
|    997368 |     300     1278     3834 |     3152     2322     14 |  0.001 % |
|   1496156 |     300     1278     3834 |     3467     3065     16 |  0.001 % |
|   2244338 |     300     1278     3834 |     3814     2701     13 |  0.001 % |
|   3366612 |     300     1278     3834 |     4195     2096     14 |  0.002 % |
|   5050023 |     300     1278     3834 |     4615     3139     12 |  0.007 % |
===============================================================================
restarts              : 9370
conflicts             : 5894409        (72122 /sec)
decisions             : 7130470        (0.00 % random) (87246 /sec)
propagations          : 297578602      (3641085 /sec)
conflict literals     : 89745210       (23.35 % deleted)
Memory used           : 7.00 MB
CPU time              : 81.728 s

UNSATISFIABLE
