WARNING: for repeatability, setting FPU to use double precision
============================[ Problem Statistics ]=============================
|                                                                             |
|  Number of variables:           300                                         |
|  Number of clauses:            1278                                         |
|  Parse time:                   0.00 s                                       |
|                                                                             |
============================[ Search Statistics ]==============================
| Conflicts |          ORIGINAL         |          LEARNT          | Progress |
|           |    Vars  Clauses Literals |    Limit  Clauses Lit/Cl |          |
===============================================================================
|       100 |     300     1278     3834 |      468      100     18 |  0.001 % |
|       250 |     300     1278     3834 |      515      250     16 |  0.001 % |
|       475 |     300     1278     3834 |      567      475     16 |  0.001 % |
|       812 |     300     1278     3834 |      623      511     15 |  0.001 % |
|      1318 |     300     1278     3834 |      686      365     14 |  0.001 % |
|      2077 |     300     1278     3834 |      754      418     13 |  0.001 % |
|      3216 |     300     1278     3834 |      830      390     12 |  0.001 % |
|      4924 |     300     1278     3834 |      913      790     15 |  0.001 % |
|      7486 |     300     1278     3834 |     1004      540     12 |  0.001 % |
|     11330 |     300     1278     3834 |     1104      775     13 |  0.001 % |
|     17096 |     300     1278     3834 |     1215      870     13 |  0.001 % |
|     25745 |     300     1278     3834 |     1336      807     13 |  0.001 % |
|     38719 |     300     1278     3834 |     1470      793     13 |  0.001 % |
|     58180 |     300     1278     3834 |     1617      763     13 |  0.001 % |
|     87372 |     300     1278     3834 |     1779     1185     14 |  0.001 % |
|    131161 |     300     1278     3834 |     1957     1607     16 |  0.001 % |
|    196845 |     300     1278     3834 |     2153     1793     14 |  0.001 % |
|    295371 |     300     1278     3834 |     2368     2075     15 |  0.001 % |
|    443160 |     300     1278     3834 |     2605     2394     16 |  0.001 % |
|    664843 |     300     1278     3834 |     2865     2486     14 |  0.001 % |
|    997368 |     300     1278     3834 |     3152     1939     13 |  0.001 % |
|   1496156 |     300     1278     3834 |     3467     2429     14 |  0.001 % |
|   2244338 |     300     1278     3834 |     3814     1788     14 |  0.001 % |
|   3366612 |     300     1278     3834 |     4195     2788     15 |  0.001 % |
|   5050023 |     300     1278     3834 |     4615     3755     13 |  0.001 % |
|   7575139 |     299     1267     3801 |     5077     2544     12 |  0.338 % |
===============================================================================
restarts              : 13552
conflicts             : 8381068        (69254 /sec)
decisions             : 10176773       (0.00 % random) (84092 /sec)
propagations          : 431290641      (3563796 /sec)
conflict literals     : 131678166      (22.86 % deleted)
Memory used           : 7.00 MB
CPU time              : 121.02 s

UNSATISFIABLE
