WARNING: for repeatability, setting FPU to use double precision
============================[ Problem Statistics ]=============================
|                                                                             |
|  Number of variables:           300                                         |
|  Number of clauses:            1278                                         |
|  Parse time:                   0.00 s                                       |
|                                                                             |
============================[ Search Statistics ]==============================
| Conflicts |          ORIGINAL         |          LEARNT          | Progress |
|           |    Vars  Clauses Literals |    Limit  Clauses Lit/Cl |          |
===============================================================================
|       100 |     300     1278     3834 |      468      100     19 |  0.001 % |
|       250 |     300     1278     3834 |      515      250     19 |  0.001 % |
|       475 |     300     1278     3834 |      567      475     18 |  0.001 % |
|       812 |     300     1278     3834 |      623      512     15 |  0.001 % |
|      1318 |     300     1278     3834 |      686      373     13 |  0.001 % |
|      2077 |     300     1278     3834 |      754      424     12 |  0.001 % |
|      3216 |     300     1278     3834 |      830      414     11 |  0.001 % |
|      4924 |     300     1278     3834 |      913      419     11 |  0.001 % |
|      7486 |     300     1278     3834 |     1004      624     13 |  0.001 % |
|     11330 |     300     1278     3834 |     1104      866     13 |  0.001 % |
|     17096 |     300     1278     3834 |     1215      967     13 |  0.001 % |
|     25745 |     300     1278     3834 |     1336      957     14 |  0.001 % |
|     38719 |     300     1278     3834 |     1470      993     13 |  0.001 % |
|     58180 |     300     1278     3834 |     1617     1009     13 |  0.001 % |
|     87372 |     300     1278     3834 |     1779     1502     13 |  0.001 % |
|    131161 |     300     1278     3834 |     1957     1073     12 |  0.001 % |
|    196845 |     300     1278     3834 |     2153     1244     13 |  0.001 % |
|    295371 |     300     1278     3834 |     2368     1624     14 |  0.001 % |
|    443160 |     300     1278     3834 |     2605     1834     13 |  0.001 % |
|    664843 |     300     1278     3834 |     2865     2163     14 |  0.001 % |
|    997368 |     300     1278     3834 |     3152     1563     14 |  0.001 % |
|   1496156 |     300     1278     3834 |     3467     2163     15 |  0.001 % |
|   2244338 |     300     1278     3834 |     3814     1919     12 |  0.001 % |
|   3366612 |     300     1278     3834 |     4195     3115     15 |  0.001 % |
|   5050023 |     300     1278     3834 |     4615     2250     12 |  0.002 % |
===============================================================================
restarts              : 9213
conflicts             : 5782730        (71622 /sec)
decisions             : 7024396        (0.00 % random) (87000 /sec)
propagations          : 290860927      (3602439 /sec)
conflict literals     : 87870396       (23.18 % deleted)
Memory used           : 6.00 MB
CPU time              : 80.74 s

UNSATISFIABLE
