WARNING: for repeatability, setting FPU to use double precision
============================[ Problem Statistics ]=============================
|                                                                             |
|  Number of variables:           300                                         |
|  Number of clauses:            1278                                         |
|  Parse time:                   0.00 s                                       |
|                                                                             |
============================[ Search Statistics ]==============================
| Conflicts |          ORIGINAL         |          LEARNT          | Progress |
|           |    Vars  Clauses Literals |    Limit  Clauses Lit/Cl |          |
===============================================================================
|       100 |     300     1278     3834 |      468      100     17 |  0.001 % |
|       250 |     300     1278     3834 |      515      250     17 |  0.001 % |
|       475 |     300     1278     3834 |      567      475     17 |  0.001 % |
|       812 |     300     1278     3834 |      623      510     15 |  0.001 % |
|      1318 |     300     1278     3834 |      686      353     14 |  0.001 % |
|      2077 |     300     1278     3834 |      754      386     12 |  0.001 % |
|      3216 |     300     1278     3834 |      830      737     14 |  0.001 % |
|      4924 |     300     1278     3834 |      913      731     13 |  0.001 % |
|      7486 |     300     1278     3834 |     1004      490     11 |  0.001 % |
|     11330 |     300     1278     3834 |     1104      719     13 |  0.001 % |
|     17096 |     300     1278     3834 |     1215      832     12 |  0.001 % |
|     25745 |     300     1278     3834 |     1336      765     14 |  0.001 % |
|     38719 |     300     1278     3834 |     1470      790     13 |  0.001 % |
|     58180 |     300     1278     3834 |     1617      806     13 |  0.001 % |
|     87372 |     300     1278     3834 |     1779     1223     14 |  0.001 % |
|    131161 |     300     1278     3834 |     1957     1716     14 |  0.001 % |
|    196845 |     300     1278     3834 |     2153     1945     14 |  0.001 % |
|    295371 |     300     1278     3834 |     2368     1240     13 |  0.001 % |
|    443160 |     300     1278     3834 |     2605     1411     14 |  0.001 % |
|    664843 |     300     1278     3834 |     2865     1621     14 |  0.001 % |
|    997368 |     300     1278     3834 |     3152     2580     15 |  0.001 % |
|   1496156 |     300     1278     3834 |     3467     1763     14 |  0.001 % |
|   2244338 |     300     1278     3834 |     3814     2933     13 |  0.001 % |
|   3366612 |     300     1278     3834 |     4195     2486     15 |  0.001 % |
|   5050023 |     300     1278     3834 |     4615     3827     14 |  0.002 % |
|   7575139 |     299     1262     3786 |     5077     3379     13 |  0.334 % |
===============================================================================
restarts              : 12874
conflicts             : 8044258        (69928 /sec)
decisions             : 9716259        (0.00 % random) (84463 /sec)
propagations          : 410546322      (3568851 /sec)
conflict literals     : 122667578      (23.35 % deleted)
Memory used           : 7.00 MB
CPU time              : 115.036 s

UNSATISFIABLE
