WARNING: for repeatability, setting FPU to use double precision
============================[ Problem Statistics ]=============================
|                                                                             |
|  Number of variables:           300                                         |
|  Number of clauses:            1278                                         |
|  Parse time:                   0.00 s                                       |
|                                                                             |
============================[ Search Statistics ]==============================
| Conflicts |          ORIGINAL         |          LEARNT          | Progress |
|           |    Vars  Clauses Literals |    Limit  Clauses Lit/Cl |          |
===============================================================================
|       100 |     300     1278     3834 |      468      100     17 |  0.001 % |
|       250 |     300     1278     3834 |      515      250     17 |  0.001 % |
|       475 |     300     1278     3834 |      567      475     17 |  0.001 % |
|       812 |     300     1278     3834 |      623      515     16 |  0.001 % |
|      1318 |     300     1278     3834 |      686      371     14 |  0.001 % |
|      2077 |     300     1278     3834 |      754      415     13 |  0.001 % |
|      3216 |     300     1278     3834 |      830      782     14 |  0.001 % |
|      4924 |     300     1278     3834 |      913      777     14 |  0.001 % |
|      7486 |     300     1278     3834 |     1004      508     11 |  0.001 % |
|     11330 |     300     1278     3834 |     1104      768     12 |  0.001 % |
|     17096 |     300     1278     3834 |     1215      893     13 |  0.001 % |
|     25745 |     300     1278     3834 |     1336      843     14 |  0.001 % |
|     38719 |     300     1278     3834 |     1470      845     13 |  0.001 % |
|     58180 |     300     1278     3834 |     1617      860     13 |  0.001 % |
|     87372 |     300     1278     3834 |     1779     1284     13 |  0.001 % |
|    131161 |     300     1278     3834 |     1957     1776     14 |  0.001 % |
|    196845 |     300     1278     3834 |     2153     1933     14 |  0.001 % |
|    295371 |     300     1278     3834 |     2368     1255     14 |  0.001 % |
|    443160 |     300     1278     3834 |     2605     1496     12 |  0.001 % |
|    664843 |     300     1278     3834 |     2865     1774     14 |  0.001 % |
|    997368 |     300     1278     3834 |     3152     2723     15 |  0.001 % |
|   1496156 |     300     1278     3834 |     3467     1753     15 |  0.001 % |
|   2244338 |     300     1278     3834 |     3814     2790     13 |  0.001 % |
|   3366612 |     300     1278     3834 |     4195     2098     14 |  0.001 % |
|   5050023 |     300     1278     3834 |     4615     3457     14 |  0.001 % |
|   7575139 |     300     1278     3834 |     5077     3044     13 |  0.001 % |
===============================================================================
restarts              : 16382
conflicts             : 10541308       (69122 /sec)
decisions             : 12824317       (0.00 % random) (84092 /sec)
propagations          : 529633994      (3472919 /sec)
conflict literals     : 162519688      (22.28 % deleted)
Memory used           : 7.00 MB
CPU time              : 152.504 s

UNSATISFIABLE
