WARNING: for repeatability, setting FPU to use double precision
============================[ Problem Statistics ]=============================
|                                                                             |
|  Number of variables:           300                                         |
|  Number of clauses:            1278                                         |
|  Parse time:                   0.00 s                                       |
|                                                                             |
============================[ Search Statistics ]==============================
| Conflicts |          ORIGINAL         |          LEARNT          | Progress |
|           |    Vars  Clauses Literals |    Limit  Clauses Lit/Cl |          |
===============================================================================
|       100 |     300     1278     3834 |      468      100     18 |  0.001 % |
|       250 |     300     1278     3834 |      515      250     17 |  0.001 % |
|       475 |     300     1278     3834 |      567      475     16 |  0.001 % |
|       812 |     300     1278     3834 |      623      516     15 |  0.001 % |
|      1318 |     300     1278     3834 |      686      374     13 |  0.001 % |
|      2077 |     300     1278     3834 |      754      420     13 |  0.001 % |
|      3216 |     300     1278     3834 |      830      786     14 |  0.001 % |
|      4924 |     300     1278     3834 |      913      774     13 |  0.001 % |
|      7486 |     300     1278     3834 |     1004      497     11 |  0.001 % |
|     11330 |     300     1278     3834 |     1104      720     13 |  0.001 % |
|     17096 |     300     1278     3834 |     1215      859     13 |  0.001 % |
|     25745 |     300     1278     3834 |     1336      844     14 |  0.001 % |
|     38719 |     300     1278     3834 |     1470      865     12 |  0.001 % |
|     58180 |     300     1278     3834 |     1617      842     13 |  0.001 % |
|     87372 |     300     1278     3834 |     1779     1250     13 |  0.001 % |
|    131161 |     300     1278     3834 |     1957     1773     14 |  0.001 % |
|    196845 |     300     1278     3834 |     2153     1050     11 |  0.001 % |
|    295371 |     300     1278     3834 |     2368     1460     13 |  0.001 % |
|    443160 |     300     1278     3834 |     2605     1662     13 |  0.001 % |
|    664843 |     300     1278     3834 |     2865     2052     14 |  0.001 % |
|    997368 |     300     1278     3834 |     3152     1526     12 |  0.001 % |
|   1496156 |     300     1278     3834 |     3467     2066     14 |  0.001 % |
|   2244338 |     300     1278     3834 |     3814     1771     12 |  0.001 % |
|   3366612 |     300     1278     3834 |     4195     3019     15 |  0.001 % |
|   5050023 |     300     1278     3834 |     4615     2173     13 |  0.001 % |
|   7575139 |     300     1278     3834 |     5077     4287     15 |  0.001 % |
===============================================================================
restarts              : 13819
conflicts             : 8501872        (69442 /sec)
decisions             : 10291796       (0.00 % random) (84061 /sec)
propagations          : 424050972      (3463563 /sec)
conflict literals     : 130506968      (22.98 % deleted)
Memory used           : 7.00 MB
CPU time              : 122.432 s

UNSATISFIABLE
