WARNING: for repeatability, setting FPU to use double precision
============================[ Problem Statistics ]=============================
|                                                                             |
|  Number of variables:           300                                         |
|  Number of clauses:            1278                                         |
|  Parse time:                   0.00 s                                       |
|                                                                             |
============================[ Search Statistics ]==============================
| Conflicts |          ORIGINAL         |          LEARNT          | Progress |
|           |    Vars  Clauses Literals |    Limit  Clauses Lit/Cl |          |
===============================================================================
|       100 |     300     1278     3834 |      468      100     19 |  0.001 % |
|       250 |     300     1278     3834 |      515      250     17 |  0.001 % |
|       475 |     300     1278     3834 |      567      475     16 |  0.001 % |
|       812 |     300     1278     3834 |      623      513     14 |  0.001 % |
|      1318 |     300     1278     3834 |      686      363     13 |  0.001 % |
|      2077 |     300     1278     3834 |      754      412     12 |  0.001 % |
|      3216 |     300     1278     3834 |      830      781     12 |  0.001 % |
|      4924 |     300     1278     3834 |      913      770     13 |  0.001 % |
|      7486 |     300     1278     3834 |     1004      509     12 |  0.001 % |
|     11330 |     300     1278     3834 |     1104      756     12 |  0.001 % |
|     17096 |     300     1278     3834 |     1215      880     12 |  0.001 % |
|     25745 |     300     1278     3834 |     1336      867     13 |  0.001 % |
|     38719 |     300     1278     3834 |     1470      915     14 |  0.001 % |
|     58180 |     300     1278     3834 |     1617      910     13 |  0.001 % |
|     87372 |     300     1278     3834 |     1779     1398     13 |  0.001 % |
|    131161 |     300     1278     3834 |     1957     1051     13 |  0.001 % |
|    196845 |     300     1278     3834 |     2153     1280     13 |  0.001 % |
|    295371 |     300     1278     3834 |     2368     1701     13 |  0.001 % |
|    443160 |     300     1278     3834 |     2605     2081     14 |  0.001 % |
|    664843 |     300     1278     3834 |     2865     2394     14 |  0.001 % |
|    997368 |     300     1278     3834 |     3152     1920     12 |  0.001 % |
|   1496156 |     300     1278     3834 |     3467     2738     14 |  0.001 % |
|   2244338 |     300     1278     3834 |     3814     2459     14 |  0.001 % |
|   3366612 |     300     1278     3834 |     4195     2259     14 |  0.001 % |
|   5050023 |     298     1255     3765 |     4615     3447     12 |  0.670 % |
===============================================================================
restarts              : 8191
conflicts             : 5170274        (71861 /sec)
decisions             : 6255591        (0.00 % random) (86946 /sec)
propagations          : 253912659      (3529114 /sec)
conflict literals     : 77492747       (21.99 % deleted)
Memory used           : 7.00 MB
CPU time              : 71.948 s

UNSATISFIABLE
