WARNING: for repeatability, setting FPU to use double precision
============================[ Problem Statistics ]=============================
|                                                                             |
|  Number of variables:           300                                         |
|  Number of clauses:            1278                                         |
|  Parse time:                   0.00 s                                       |
|                                                                             |
============================[ Search Statistics ]==============================
| Conflicts |          ORIGINAL         |          LEARNT          | Progress |
|           |    Vars  Clauses Literals |    Limit  Clauses Lit/Cl |          |
===============================================================================
|       100 |     300     1278     3834 |      468      100     16 |  0.001 % |
|       250 |     300     1278     3834 |      515      250     16 |  0.001 % |
|       475 |     300     1278     3834 |      567      475     15 |  0.001 % |
|       812 |     300     1278     3834 |      623      511     15 |  0.001 % |
|      1318 |     300     1278     3834 |      686      363     13 |  0.001 % |
|      2077 |     300     1278     3834 |      754      414     12 |  0.001 % |
|      3216 |     300     1278     3834 |      830      759     13 |  0.001 % |
|      4924 |     300     1278     3834 |      913      750     13 |  0.001 % |
|      7486 |     300     1278     3834 |     1004      961     14 |  0.001 % |
|     11330 |     300     1278     3834 |     1104      677     12 |  0.001 % |
|     17096 |     300     1278     3834 |     1215      771     13 |  0.001 % |
|     25745 |     300     1278     3834 |     1336      767     13 |  0.001 % |
|     38719 |     300     1278     3834 |     1470      822     13 |  0.001 % |
|     58180 |     300     1278     3834 |     1617      854     13 |  0.001 % |
|     87372 |     300     1278     3834 |     1779     1331     14 |  0.001 % |
|    131161 |     300     1278     3834 |     1957      913     12 |  0.001 % |
|    196845 |     300     1278     3834 |     2153     1109     12 |  0.001 % |
|    295371 |     300     1278     3834 |     2368     1570     14 |  0.001 % |
|    443160 |     300     1278     3834 |     2605     1791     13 |  0.001 % |
|    664843 |     300     1278     3834 |     2865     2241     14 |  0.001 % |
|    997368 |     300     1278     3834 |     3152     1794     13 |  0.001 % |
|   1496156 |     300     1278     3834 |     3467     2376     15 |  0.001 % |
|   2244338 |     300     1278     3834 |     3814     1989     13 |  0.001 % |
|   3366612 |     300     1278     3834 |     4195     3419     15 |  0.001 % |
|   5050023 |     300     1278     3834 |     4615     3180     16 |  0.001 % |
===============================================================================
restarts              : 9214
conflicts             : 5820530        (72822 /sec)
decisions             : 7052968        (0.00 % random) (88242 /sec)
propagations          : 282912873      (3539597 /sec)
conflict literals     : 88345351       (22.13 % deleted)
Memory used           : 7.00 MB
CPU time              : 79.928 s

UNSATISFIABLE
