WARNING: for repeatability, setting FPU to use double precision
============================[ Problem Statistics ]=============================
|                                                                             |
|  Number of variables:           300                                         |
|  Number of clauses:            1278                                         |
|  Parse time:                   0.00 s                                       |
|                                                                             |
============================[ Search Statistics ]==============================
| Conflicts |          ORIGINAL         |          LEARNT          | Progress |
|           |    Vars  Clauses Literals |    Limit  Clauses Lit/Cl |          |
===============================================================================
|       100 |     300     1278     3834 |      468      100     14 |  0.001 % |
|       250 |     300     1278     3834 |      515      250     15 |  0.001 % |
|       475 |     300     1278     3834 |      567      475     16 |  0.001 % |
|       812 |     300     1278     3834 |      623      510     14 |  0.001 % |
|      1318 |     300     1278     3834 |      686      359     13 |  0.001 % |
|      2077 |     300     1278     3834 |      754      410     12 |  0.001 % |
|      3216 |     300     1278     3834 |      830      772     13 |  0.001 % |
|      4924 |     300     1278     3834 |      913      767     12 |  0.001 % |
|      7486 |     300     1278     3834 |     1004      507     11 |  0.001 % |
|     11330 |     300     1278     3834 |     1104      752     12 |  0.001 % |
|     17096 |     300     1278     3834 |     1215      864     13 |  0.001 % |
|     25745 |     300     1278     3834 |     1336      832     14 |  0.001 % |
|     38719 |     300     1278     3834 |     1470      838     13 |  0.001 % |
|     58180 |     300     1278     3834 |     1617      822     13 |  0.001 % |
|     87372 |     300     1278     3834 |     1779     1284     13 |  0.001 % |
|    131161 |     300     1278     3834 |     1957     1801     15 |  0.001 % |
|    196845 |     300     1278     3834 |     2153     1989     13 |  0.001 % |
|    295371 |     300     1278     3834 |     2368     1301     12 |  0.001 % |
|    443160 |     300     1278     3834 |     2605     1754     13 |  0.001 % |
|    664843 |     300     1278     3834 |     2865     2167     15 |  0.001 % |
|    997368 |     300     1278     3834 |     3152     1590     13 |  0.001 % |
|   1496156 |     300     1278     3834 |     3467     2248     13 |  0.001 % |
|   2244338 |     300     1278     3834 |     3814     1902     13 |  0.001 % |
|   3366612 |     300     1278     3834 |     4195     3467     14 |  0.001 % |
|   5050023 |     298     1255     3765 |     4615     3786     12 |  0.668 % |
===============================================================================
restarts              : 8191
conflicts             : 5147728        (72716 /sec)
decisions             : 6200069        (0.00 % random) (87581 /sec)
propagations          : 256956433      (3629738 /sec)
conflict literals     : 77044435       (23.35 % deleted)
Memory used           : 6.00 MB
CPU time              : 70.792 s

UNSATISFIABLE
