WARNING: for repeatability, setting FPU to use double precision
============================[ Problem Statistics ]=============================
|                                                                             |
|  Number of variables:           300                                         |
|  Number of clauses:            1278                                         |
|  Parse time:                   0.00 s                                       |
|                                                                             |
============================[ Search Statistics ]==============================
| Conflicts |          ORIGINAL         |          LEARNT          | Progress |
|           |    Vars  Clauses Literals |    Limit  Clauses Lit/Cl |          |
===============================================================================
|       100 |     300     1278     3834 |      468      100     16 |  0.001 % |
|       250 |     300     1278     3834 |      515      250     17 |  0.001 % |
|       475 |     300     1278     3834 |      567      475     16 |  0.001 % |
|       812 |     300     1278     3834 |      623      511     15 |  0.001 % |
|      1318 |     300     1278     3834 |      686      361     12 |  0.001 % |
|      2077 |     300     1278     3834 |      754      414     13 |  0.001 % |
|      3216 |     300     1278     3834 |      830      391     11 |  0.001 % |
|      4924 |     300     1278     3834 |      913      802     15 |  0.001 % |
|      7486 |     300     1278     3834 |     1004      539     12 |  0.001 % |
|     11330 |     300     1278     3834 |     1104      790     12 |  0.001 % |
|     17096 |     300     1278     3834 |     1215      895     13 |  0.001 % |
|     25745 |     300     1278     3834 |     1336      862     13 |  0.001 % |
|     38719 |     300     1278     3834 |     1470      875     13 |  0.001 % |
|     58180 |     300     1278     3834 |     1617      904     13 |  0.001 % |
|     87372 |     300     1278     3834 |     1779     1373     13 |  0.001 % |
|    131161 |     300     1278     3834 |     1957     1810     14 |  0.001 % |
|    196845 |     300     1278     3834 |     2153     2002     15 |  0.001 % |
|    295371 |     300     1278     3834 |     2368     1306     15 |  0.001 % |
|    443160 |     300     1278     3834 |     2605     1430     14 |  0.001 % |
|    664843 |     300     1278     3834 |     2865     1908     14 |  0.001 % |
|    997368 |     300     1278     3834 |     3152     2721     13 |  0.001 % |
|   1496156 |     300     1278     3834 |     3467     1675     16 |  0.001 % |
|   2244338 |     300     1278     3834 |     3814     2961     14 |  0.001 % |
|   3366612 |     300     1278     3834 |     4195     2186     14 |  0.001 % |
|   5050023 |     300     1278     3834 |     4615     3442     12 |  0.002 % |
|   7575139 |     300     1278     3834 |     5077     2714     14 |  0.001 % |
===============================================================================
restarts              : 16379
conflicts             : 9945284        (68839 /sec)
decisions             : 12080052       (0.00 % random) (83615 /sec)
propagations          : 506510305      (3505941 /sec)
conflict literals     : 152074414      (23.70 % deleted)
Memory used           : 8.00 MB
CPU time              : 144.472 s

UNSATISFIABLE
