WARNING: for repeatability, setting FPU to use double precision
============================[ Problem Statistics ]=============================
|                                                                             |
|  Number of variables:           300                                         |
|  Number of clauses:            1278                                         |
|  Parse time:                   0.00 s                                       |
|                                                                             |
============================[ Search Statistics ]==============================
| Conflicts |          ORIGINAL         |          LEARNT          | Progress |
|           |    Vars  Clauses Literals |    Limit  Clauses Lit/Cl |          |
===============================================================================
|       100 |     300     1278     3834 |      468      100     16 |  0.001 % |
|       250 |     300     1278     3834 |      515      250     15 |  0.001 % |
|       475 |     300     1278     3834 |      567      475     15 |  0.001 % |
|       812 |     300     1278     3834 |      623      515     14 |  0.001 % |
|      1318 |     300     1278     3834 |      686      367     13 |  0.001 % |
|      2077 |     300     1278     3834 |      754      414     14 |  0.001 % |
|      3216 |     300     1278     3834 |      830      386     10 |  0.001 % |
|      4924 |     300     1278     3834 |      913      821     13 |  0.001 % |
|      7486 |     300     1278     3834 |     1004      588     11 |  0.001 % |
|     11330 |     300     1278     3834 |     1104      827     12 |  0.001 % |
|     17096 |     300     1278     3834 |     1215      955     13 |  0.001 % |
|     25745 |     300     1278     3834 |     1336      930     13 |  0.001 % |
|     38719 |     300     1278     3834 |     1470      983     13 |  0.001 % |
|     58180 |     300     1278     3834 |     1617     1004     13 |  0.001 % |
|     87372 |     300     1278     3834 |     1779     1479     13 |  0.001 % |
|    131161 |     300     1278     3834 |     1957     1027     13 |  0.001 % |
|    196845 |     300     1278     3834 |     2153     1309     13 |  0.001 % |
|    295371 |     300     1278     3834 |     2368     1681     13 |  0.001 % |
|    443160 |     300     1278     3834 |     2605     1925     14 |  0.001 % |
|    664843 |     300     1278     3834 |     2865     2169     14 |  0.001 % |
|    997368 |     300     1278     3834 |     3152     1744     12 |  0.001 % |
|   1496156 |     300     1278     3834 |     3467     2482     14 |  0.001 % |
|   2244338 |     300     1278     3834 |     3814     2344     14 |  0.001 % |
|   3366612 |     300     1278     3834 |     4195     2227     13 |  0.001 % |
|   5050023 |     299     1268     3804 |     4615     3636     12 |  0.334 % |
===============================================================================
restarts              : 8191
conflicts             : 5212942        (73257 /sec)
decisions             : 6308903        (0.00 % random) (88658 /sec)
propagations          : 258167734      (3627990 /sec)
conflict literals     : 78027401       (22.87 % deleted)
Memory used           : 6.00 MB
CPU time              : 71.16 s

UNSATISFIABLE
