WARNING: for repeatability, setting FPU to use double precision
============================[ Problem Statistics ]=============================
|                                                                             |
|  Number of variables:           300                                         |
|  Number of clauses:            1278                                         |
|  Parse time:                   0.00 s                                       |
|                                                                             |
============================[ Search Statistics ]==============================
| Conflicts |          ORIGINAL         |          LEARNT          | Progress |
|           |    Vars  Clauses Literals |    Limit  Clauses Lit/Cl |          |
===============================================================================
|       100 |     300     1278     3834 |      468      100     15 |  0.001 % |
|       250 |     300     1278     3834 |      515      250     15 |  0.001 % |
|       475 |     300     1278     3834 |      567      475     16 |  0.001 % |
|       812 |     300     1278     3834 |      623      519     14 |  0.001 % |
|      1318 |     300     1278     3834 |      686      366     13 |  0.001 % |
|      2077 |     300     1278     3834 |      754      419     12 |  0.001 % |
|      3216 |     300     1278     3834 |      830      389     11 |  0.001 % |
|      4924 |     300     1278     3834 |      913      791     13 |  0.001 % |
|      7486 |     300     1278     3834 |     1004      533     12 |  0.001 % |
|     11330 |     300     1278     3834 |     1104      776     12 |  0.001 % |
|     17096 |     300     1278     3834 |     1215      856     12 |  0.001 % |
|     25745 |     300     1278     3834 |     1336      811     12 |  0.001 % |
|     38719 |     300     1278     3834 |     1470      853     12 |  0.001 % |
|     58180 |     300     1278     3834 |     1617      895     13 |  0.001 % |
|     87372 |     300     1278     3834 |     1779     1390     13 |  0.001 % |
|    131161 |     300     1278     3834 |     1957     1008     12 |  0.001 % |
|    196845 |     300     1278     3834 |     2153     1319     12 |  0.001 % |
|    295371 |     300     1278     3834 |     2368     1800     13 |  0.001 % |
|    443160 |     300     1278     3834 |     2605     2117     13 |  0.001 % |
|    664843 |     300     1278     3834 |     2865     2532     15 |  0.001 % |
|    997368 |     300     1278     3834 |     3152     2019     13 |  0.001 % |
|   1496156 |     300     1278     3834 |     3467     2831     14 |  0.001 % |
|   2244338 |     300     1278     3834 |     3814     2598     13 |  0.002 % |
|   3366612 |     300     1278     3834 |     4195     2368     14 |  0.001 % |
|   5050023 |     292     1195     3585 |     4615     3689     11 |  2.669 % |
===============================================================================
restarts              : 8191
conflicts             : 5057378        (73697 /sec)
decisions             : 6090891        (0.00 % random) (88757 /sec)
propagations          : 250833652      (3655188 /sec)
conflict literals     : 74535550       (23.33 % deleted)
Memory used           : 6.00 MB
CPU time              : 68.624 s

UNSATISFIABLE
