WARNING: for repeatability, setting FPU to use double precision
============================[ Problem Statistics ]=============================
|                                                                             |
|  Number of variables:           300                                         |
|  Number of clauses:            1278                                         |
|  Parse time:                   0.00 s                                       |
|                                                                             |
============================[ Search Statistics ]==============================
| Conflicts |          ORIGINAL         |          LEARNT          | Progress |
|           |    Vars  Clauses Literals |    Limit  Clauses Lit/Cl |          |
===============================================================================
|       100 |     300     1278     3834 |      468      100     16 |  0.001 % |
|       250 |     300     1278     3834 |      515      250     17 |  0.001 % |
|       475 |     300     1278     3834 |      567      475     16 |  0.001 % |
|       812 |     300     1278     3834 |      623      516     14 |  0.001 % |
|      1318 |     300     1278     3834 |      686      369     13 |  0.001 % |
|      2077 |     300     1278     3834 |      754      416     13 |  0.001 % |
|      3216 |     300     1278     3834 |      830      388     11 |  0.001 % |
|      4924 |     300     1278     3834 |      913      832     12 |  0.001 % |
|      7486 |     300     1278     3834 |     1004      588     13 |  0.001 % |
|     11330 |     300     1278     3834 |     1104      844     12 |  0.001 % |
|     17096 |     300     1278     3834 |     1215      975     13 |  0.001 % |
|     25745 |     300     1278     3834 |     1336      974     13 |  0.001 % |
|     38719 |     300     1278     3834 |     1470      998     13 |  0.001 % |
|     58180 |     300     1278     3834 |     1617     1003     13 |  0.001 % |
|     87372 |     300     1278     3834 |     1779     1387     14 |  0.001 % |
|    131161 |     300     1278     3834 |     1957      912     12 |  0.001 % |
|    196845 |     300     1278     3834 |     2153     1185     13 |  0.001 % |
|    295371 |     300     1278     3834 |     2368     1630     13 |  0.001 % |
|    443160 |     300     1278     3834 |     2605     2018     13 |  0.001 % |
|    664843 |     300     1278     3834 |     2865     2458     14 |  0.001 % |
|    997368 |     300     1278     3834 |     3152     2052     13 |  0.001 % |
|   1496156 |     300     1278     3834 |     3467     2701     15 |  0.001 % |
|   2244338 |     300     1278     3834 |     3814     2369     12 |  0.001 % |
|   3366612 |     300     1278     3834 |     4195     1946     15 |  0.001 % |
|   5050023 |     300     1278     3834 |     4615     3594     14 |  0.002 % |
===============================================================================
restarts              : 8191
conflicts             : 5229514        (70911 /sec)
decisions             : 6322681        (0.00 % random) (85734 /sec)
propagations          : 262084276      (3553781 /sec)
conflict literals     : 79536027       (22.79 % deleted)
Memory used           : 6.00 MB
CPU time              : 73.748 s

UNSATISFIABLE
