WARNING: for repeatability, setting FPU to use double precision
============================[ Problem Statistics ]=============================
|                                                                             |
|  Number of variables:           300                                         |
|  Number of clauses:            1278                                         |
|  Parse time:                   0.00 s                                       |
|                                                                             |
============================[ Search Statistics ]==============================
| Conflicts |          ORIGINAL         |          LEARNT          | Progress |
|           |    Vars  Clauses Literals |    Limit  Clauses Lit/Cl |          |
===============================================================================
|       100 |     300     1278     3834 |      468      100     19 |  0.001 % |
|       250 |     300     1278     3834 |      515      250     18 |  0.001 % |
|       475 |     300     1278     3834 |      567      475     17 |  0.001 % |
|       812 |     300     1278     3834 |      623      509     16 |  0.001 % |
|      1318 |     300     1278     3834 |      686      353     13 |  0.001 % |
|      2077 |     300     1278     3834 |      754      386     11 |  0.001 % |
|      3216 |     300     1278     3834 |      830      739     14 |  0.001 % |
|      4924 |     300     1278     3834 |      913      735     14 |  0.001 % |
|      7486 |     300     1278     3834 |     1004      486     11 |  0.001 % |
|     11330 |     300     1278     3834 |     1104      721     14 |  0.001 % |
|     17096 |     300     1278     3834 |     1215      801     13 |  0.001 % |
|     25745 |     300     1278     3834 |     1336      728     13 |  0.001 % |
|     38719 |     300     1278     3834 |     1470      755     13 |  0.001 % |
|     58180 |     300     1278     3834 |     1617     1485     14 |  0.001 % |
|     87372 |     300     1278     3834 |     1779     1074     14 |  0.001 % |
|    131161 |     300     1278     3834 |     1957     1498     14 |  0.001 % |
|    196845 |     300     1278     3834 |     2153     1576     15 |  0.001 % |
|    295371 |     300     1278     3834 |     2368     1945     14 |  0.001 % |
|    443160 |     300     1278     3834 |     2605     2055     16 |  0.001 % |
|    664843 |     300     1278     3834 |     2865     2310     15 |  0.001 % |
|    997368 |     300     1278     3834 |     3152     2849     15 |  0.001 % |
|   1496156 |     300     1278     3834 |     3467     3132     15 |  0.001 % |
|   2244338 |     300     1278     3834 |     3814     2358     15 |  0.001 % |
|   3366612 |     300     1278     3834 |     4195     3455     15 |  0.001 % |
|   5050023 |     300     1278     3834 |     4615     2142     13 |  0.001 % |
===============================================================================
restarts              : 8702
conflicts             : 5542998        (71309 /sec)
decisions             : 6745999        (0.00 % random) (86785 /sec)
propagations          : 283820846      (3651274 /sec)
conflict literals     : 90120002       (21.95 % deleted)
Memory used           : 6.00 MB
CPU time              : 77.732 s

SATISFIABLE
