WARNING: for repeatability, setting FPU to use double precision
============================[ Problem Statistics ]=============================
|                                                                             |
|  Number of variables:           300                                         |
|  Number of clauses:            1278                                         |
|  Parse time:                   0.00 s                                       |
|                                                                             |
============================[ Search Statistics ]==============================
| Conflicts |          ORIGINAL         |          LEARNT          | Progress |
|           |    Vars  Clauses Literals |    Limit  Clauses Lit/Cl |          |
===============================================================================
|       100 |     300     1278     3834 |      468      100     17 |  0.001 % |
|       250 |     300     1278     3834 |      515      250     16 |  0.001 % |
|       475 |     300     1278     3834 |      567      475     16 |  0.001 % |
|       812 |     300     1278     3834 |      623      513     14 |  0.001 % |
|      1318 |     300     1278     3834 |      686      366     14 |  0.001 % |
|      2077 |     300     1278     3834 |      754      414     12 |  0.001 % |
|      3216 |     300     1278     3834 |      830      788     13 |  0.001 % |
|      4924 |     300     1278     3834 |      913      784     13 |  0.001 % |
|      7486 |     300     1278     3834 |     1004      535     11 |  0.001 % |
|     11330 |     300     1278     3834 |     1104      771     13 |  0.001 % |
|     17096 |     300     1278     3834 |     1215      884     13 |  0.001 % |
|     25745 |     300     1278     3834 |     1336      844     14 |  0.001 % |
|     38719 |     300     1278     3834 |     1470      854     14 |  0.001 % |
|     58180 |     300     1278     3834 |     1617      851     12 |  0.001 % |
|     87372 |     300     1278     3834 |     1779     1263     15 |  0.001 % |
|    131161 |     300     1278     3834 |     1957     1695     15 |  0.001 % |
|    196845 |     300     1278     3834 |     2153     1866     15 |  0.001 % |
|    295371 |     300     1278     3834 |     2368     2096     15 |  0.001 % |
|    443160 |     300     1278     3834 |     2605     1205     12 |  0.001 % |
|    664843 |     300     1278     3834 |     2865     1538     14 |  0.001 % |
|    997368 |     300     1278     3834 |     3152     2400     13 |  0.001 % |
|   1496156 |     300     1278     3834 |     3467     3133     15 |  0.001 % |
|   2244338 |     300     1278     3834 |     3814     2396     15 |  0.001 % |
|   3366612 |     300     1278     3834 |     4195     3502     14 |  0.001 % |
|   5050023 |     299     1262     3786 |     4615     2981     13 |  0.334 % |
===============================================================================
restarts              : 11594
conflicts             : 7096898        (70969 /sec)
decisions             : 8567131        (0.00 % random) (85671 /sec)
propagations          : 363547056      (3635471 /sec)
conflict literals     : 108285168      (23.49 % deleted)
Memory used           : 7.00 MB
CPU time              : 100 s

UNSATISFIABLE
