WARNING: for repeatability, setting FPU to use double precision
============================[ Problem Statistics ]=============================
|                                                                             |
|  Number of variables:           300                                         |
|  Number of clauses:            1278                                         |
|  Parse time:                   0.00 s                                       |
|                                                                             |
============================[ Search Statistics ]==============================
| Conflicts |          ORIGINAL         |          LEARNT          | Progress |
|           |    Vars  Clauses Literals |    Limit  Clauses Lit/Cl |          |
===============================================================================
|       100 |     300     1278     3834 |      468      100     16 |  0.001 % |
|       250 |     300     1278     3834 |      515      250     17 |  0.001 % |
|       475 |     300     1278     3834 |      567      475     17 |  0.001 % |
|       812 |     300     1278     3834 |      623      511     15 |  0.001 % |
|      1318 |     300     1278     3834 |      686      364     12 |  0.001 % |
|      2077 |     300     1278     3834 |      754      422     12 |  0.001 % |
|      3216 |     300     1278     3834 |      830      399     12 |  0.001 % |
|      4924 |     300     1278     3834 |      913      824     14 |  0.001 % |
|      7486 |     300     1278     3834 |     1004      581     12 |  0.001 % |
|     11330 |     300     1278     3834 |     1104      805     12 |  0.001 % |
|     17096 |     300     1278     3834 |     1215      916     13 |  0.001 % |
|     25745 |     300     1278     3834 |     1336      869     13 |  0.001 % |
|     38719 |     300     1278     3834 |     1470      931     13 |  0.001 % |
|     58180 |     300     1278     3834 |     1617      978     13 |  0.001 % |
|     87372 |     300     1278     3834 |     1779     1420     14 |  0.001 % |
|    131161 |     300     1278     3834 |     1957     1027     13 |  0.001 % |
|    196845 |     300     1278     3834 |     2153     1295     12 |  0.001 % |
|    295371 |     300     1278     3834 |     2368     1671     14 |  0.001 % |
|    443160 |     300     1278     3834 |     2605     1986     14 |  0.001 % |
|    664843 |     300     1278     3834 |     2865     2284     14 |  0.001 % |
|    997368 |     300     1278     3834 |     3152     1928     13 |  0.001 % |
|   1496156 |     300     1278     3834 |     3467     2707     15 |  0.001 % |
|   2244338 |     300     1278     3834 |     3814     2493     14 |  0.002 % |
|   3366612 |     300     1278     3834 |     4195     1965     11 |  0.001 % |
|   5050023 |     299     1264     3792 |     4615     3812     14 |  0.336 % |
===============================================================================
restarts              : 8191
conflicts             : 5245799        (73442 /sec)
decisions             : 6344873        (0.00 % random) (88829 /sec)
propagations          : 261632158      (3662880 /sec)
conflict literals     : 78184664       (23.55 % deleted)
Memory used           : 6.00 MB
CPU time              : 71.428 s

UNSATISFIABLE
