WARNING: for repeatability, setting FPU to use double precision
============================[ Problem Statistics ]=============================
|                                                                             |
|  Number of variables:           300                                         |
|  Number of clauses:            1278                                         |
|  Parse time:                   0.00 s                                       |
|                                                                             |
============================[ Search Statistics ]==============================
| Conflicts |          ORIGINAL         |          LEARNT          | Progress |
|           |    Vars  Clauses Literals |    Limit  Clauses Lit/Cl |          |
===============================================================================
|       100 |     300     1278     3834 |      468      100     16 |  0.001 % |
|       250 |     300     1278     3834 |      515      250     16 |  0.001 % |
|       475 |     300     1278     3834 |      567      475     16 |  0.001 % |
|       812 |     300     1278     3834 |      623      514     15 |  0.001 % |
|      1318 |     300     1278     3834 |      686      369     13 |  0.001 % |
|      2077 |     300     1278     3834 |      754      419     12 |  0.001 % |
|      3216 |     300     1278     3834 |      830      389     12 |  0.001 % |
|      4924 |     300     1278     3834 |      913      782     14 |  0.001 % |
|      7486 |     300     1278     3834 |     1004      515     11 |  0.001 % |
|     11330 |     300     1278     3834 |     1104      759     13 |  0.001 % |
|     17096 |     300     1278     3834 |     1215      868     12 |  0.001 % |
|     25745 |     300     1278     3834 |     1336      852     14 |  0.001 % |
|     38719 |     300     1278     3834 |     1470      874     12 |  0.001 % |
|     58180 |     300     1278     3834 |     1617      923     13 |  0.001 % |
|     87372 |     300     1278     3834 |     1779     1388     13 |  0.001 % |
|    131161 |     300     1278     3834 |     1957      991     13 |  0.001 % |
|    196845 |     300     1278     3834 |     2153     1186     14 |  0.001 % |
|    295371 |     300     1278     3834 |     2368     1540     13 |  0.001 % |
|    443160 |     300     1278     3834 |     2605     1830     14 |  0.001 % |
|    664843 |     300     1278     3834 |     2865     2153     14 |  0.001 % |
|    997368 |     300     1278     3834 |     3152     1639     13 |  0.001 % |
|   1496156 |     300     1278     3834 |     3467     2296     15 |  0.001 % |
|   2244338 |     300     1278     3834 |     3814     3397     13 |  0.001 % |
|   3366612 |     300     1278     3834 |     4195     2936     15 |  0.001 % |
|   5050023 |     300     1278     3834 |     4615     4029     15 |  0.001 % |
|   7575139 |     298     1260     3780 |     5077     4229     14 |  0.671 % |
===============================================================================
restarts              : 12286
conflicts             : 7735867        (70676 /sec)
decisions             : 9375282        (0.00 % random) (85653 /sec)
propagations          : 391949217      (3580884 /sec)
conflict literals     : 117796156      (23.24 % deleted)
Memory used           : 7.00 MB
CPU time              : 109.456 s

UNSATISFIABLE
