WARNING: for repeatability, setting FPU to use double precision
============================[ Problem Statistics ]=============================
|                                                                             |
|  Number of variables:           300                                         |
|  Number of clauses:            1278                                         |
|  Parse time:                   0.00 s                                       |
|                                                                             |
============================[ Search Statistics ]==============================
| Conflicts |          ORIGINAL         |          LEARNT          | Progress |
|           |    Vars  Clauses Literals |    Limit  Clauses Lit/Cl |          |
===============================================================================
|       100 |     300     1278     3834 |      468      100     17 |  0.001 % |
|       250 |     300     1278     3834 |      515      250     17 |  0.001 % |
|       475 |     300     1278     3834 |      567      475     17 |  0.001 % |
|       812 |     300     1278     3834 |      623      512     14 |  0.001 % |
|      1318 |     300     1278     3834 |      686      363     13 |  0.001 % |
|      2077 |     300     1278     3834 |      754      417     14 |  0.001 % |
|      3216 |     300     1278     3834 |      830      393     13 |  0.001 % |
|      4924 |     300     1278     3834 |      913      806     14 |  0.001 % |
|      7486 |     300     1278     3834 |     1004      563     12 |  0.001 % |
|     11330 |     300     1278     3834 |     1104      788     13 |  0.001 % |
|     17096 |     300     1278     3834 |     1215      894     13 |  0.001 % |
|     25745 |     300     1278     3834 |     1336      858     14 |  0.001 % |
|     38719 |     300     1278     3834 |     1470      901     13 |  0.001 % |
|     58180 |     300     1278     3834 |     1617      851     13 |  0.001 % |
|     87372 |     300     1278     3834 |     1779     1291     13 |  0.001 % |
|    131161 |     300     1278     3834 |     1957     1776     15 |  0.001 % |
|    196845 |     300     1278     3834 |     2153     1953     16 |  0.001 % |
|    295371 |     300     1278     3834 |     2368     1173     13 |  0.001 % |
|    443160 |     300     1278     3834 |     2605     1417     13 |  0.001 % |
|    664843 |     300     1278     3834 |     2865     1741     14 |  0.001 % |
|    997368 |     300     1278     3834 |     3152     2620     14 |  0.001 % |
|   1496156 |     300     1278     3834 |     3467     3011     14 |  0.001 % |
|   2244338 |     300     1278     3834 |     3814     2326     15 |  0.001 % |
|   3366612 |     300     1278     3834 |     4195     3376     15 |  0.001 % |
|   5050023 |     300     1278     3834 |     4615     4127     13 |  0.001 % |
|   7575139 |     300     1278     3834 |     5077     3611     14 |  0.001 % |
===============================================================================
restarts              : 16382
conflicts             : 10372934       (68557 /sec)
decisions             : 12593777       (0.00 % random) (83235 /sec)
propagations          : 530034386      (3503109 /sec)
conflict literals     : 161262149      (23.39 % deleted)
Memory used           : 8.00 MB
CPU time              : 151.304 s

UNSATISFIABLE
