WARNING: for repeatability, setting FPU to use double precision
============================[ Problem Statistics ]=============================
|                                                                             |
|  Number of variables:           300                                         |
|  Number of clauses:            1278                                         |
|  Parse time:                   0.00 s                                       |
|                                                                             |
============================[ Search Statistics ]==============================
| Conflicts |          ORIGINAL         |          LEARNT          | Progress |
|           |    Vars  Clauses Literals |    Limit  Clauses Lit/Cl |          |
===============================================================================
|       100 |     300     1278     3834 |      468      100     17 |  0.001 % |
|       250 |     300     1278     3834 |      515      250     16 |  0.001 % |
|       475 |     300     1278     3834 |      567      475     15 |  0.001 % |
|       812 |     300     1278     3834 |      623      511     15 |  0.001 % |
|      1318 |     300     1278     3834 |      686      360     14 |  0.001 % |
|      2077 |     300     1278     3834 |      754      417     13 |  0.001 % |
|      3216 |     300     1278     3834 |      830      387     12 |  0.001 % |
|      4924 |     300     1278     3834 |      913      794     14 |  0.001 % |
|      7486 |     300     1278     3834 |     1004      522     12 |  0.001 % |
|     11330 |     300     1278     3834 |     1104      752     13 |  0.001 % |
|     17096 |     300     1278     3834 |     1215      844     15 |  0.001 % |
|     25745 |     300     1278     3834 |     1336      823     14 |  0.001 % |
|     38719 |     300     1278     3834 |     1470      874     13 |  0.001 % |
|     58180 |     300     1278     3834 |     1617      888     13 |  0.001 % |
|     87372 |     300     1278     3834 |     1779     1311     14 |  0.001 % |
|    131161 |     300     1278     3834 |     1957     1796     14 |  0.001 % |
|    196845 |     300     1278     3834 |     2153     1038     13 |  0.001 % |
|    295371 |     300     1278     3834 |     2368     1379     13 |  0.001 % |
|    443160 |     300     1278     3834 |     2605     1611     14 |  0.001 % |
|    664843 |     300     1278     3834 |     2865     1939     14 |  0.001 % |
|    997368 |     300     1278     3834 |     3152     2744     14 |  0.001 % |
|   1496156 |     300     1278     3834 |     3467     1755     15 |  0.001 % |
|   2244338 |     300     1278     3834 |     3814     2916     13 |  0.002 % |
|   3366612 |     300     1278     3834 |     4195     2299     14 |  0.001 % |
|   5050023 |     299     1269     3807 |     4615     3543     13 |  0.338 % |
===============================================================================
restarts              : 8191
conflicts             : 5171971        (72882 /sec)
decisions             : 6266240        (0.00 % random) (88302 /sec)
propagations          : 262116286      (3693652 /sec)
conflict literals     : 79764839       (23.01 % deleted)
Memory used           : 6.00 MB
CPU time              : 70.964 s

UNSATISFIABLE
