WARNING: for repeatability, setting FPU to use double precision
============================[ Problem Statistics ]=============================
|                                                                             |
|  Number of variables:           300                                         |
|  Number of clauses:            1278                                         |
|  Parse time:                   0.00 s                                       |
|                                                                             |
============================[ Search Statistics ]==============================
| Conflicts |          ORIGINAL         |          LEARNT          | Progress |
|           |    Vars  Clauses Literals |    Limit  Clauses Lit/Cl |          |
===============================================================================
|       100 |     300     1278     3834 |      468      100     16 |  0.001 % |
|       250 |     300     1278     3834 |      515      250     17 |  0.001 % |
|       475 |     300     1278     3834 |      567      475     16 |  0.001 % |
|       812 |     300     1278     3834 |      623      510     14 |  0.001 % |
|      1318 |     300     1278     3834 |      686      365     13 |  0.001 % |
|      2077 |     300     1278     3834 |      754      415     13 |  0.001 % |
|      3216 |     300     1278     3834 |      830      388     11 |  0.001 % |
|      4924 |     300     1278     3834 |      913      809     13 |  0.001 % |
|      7486 |     300     1278     3834 |     1004      552     11 |  0.001 % |
|     11330 |     300     1278     3834 |     1104      778     14 |  0.001 % |
|     17096 |     300     1278     3834 |     1215      896     13 |  0.001 % |
|     25745 |     300     1278     3834 |     1336      860     13 |  0.001 % |
|     38719 |     300     1278     3834 |     1470      874     13 |  0.001 % |
|     58180 |     300     1278     3834 |     1617      871     13 |  0.001 % |
|     87372 |     300     1278     3834 |     1779     1273     15 |  0.001 % |
|    131161 |     300     1278     3834 |     1957     1739     14 |  0.001 % |
|    196845 |     300     1278     3834 |     2153     1981     14 |  0.001 % |
|    295371 |     300     1278     3834 |     2368     1162     12 |  0.001 % |
|    443160 |     300     1278     3834 |     2605     1438     14 |  0.001 % |
|    664843 |     300     1278     3834 |     2865     1811     15 |  0.001 % |
|    997368 |     300     1278     3834 |     3152     2765     14 |  0.001 % |
|   1496156 |     300     1278     3834 |     3467     1822     15 |  0.001 % |
|   2244338 |     300     1278     3834 |     3814     2983     13 |  0.002 % |
|   3366612 |     299     1266     3798 |     4195     2493     14 |  0.334 % |
|   5050023 |     299     1266     3798 |     4615     3399     13 |  0.334 % |
|   7575139 |     299     1266     3798 |     5077     2715     12 |  0.339 % |
===============================================================================
restarts              : 12286
conflicts             : 7624115        (70268 /sec)
decisions             : 9217219        (0.00 % random) (84951 /sec)
propagations          : 385464984      (3552673 /sec)
conflict literals     : 115604785      (23.16 % deleted)
Memory used           : 7.00 MB
CPU time              : 108.5 s

UNSATISFIABLE
