WARNING: for repeatability, setting FPU to use double precision
============================[ Problem Statistics ]=============================
|                                                                             |
|  Number of variables:           300                                         |
|  Number of clauses:            1278                                         |
|  Parse time:                   0.00 s                                       |
|                                                                             |
============================[ Search Statistics ]==============================
| Conflicts |          ORIGINAL         |          LEARNT          | Progress |
|           |    Vars  Clauses Literals |    Limit  Clauses Lit/Cl |          |
===============================================================================
|       100 |     300     1278     3834 |      468      100     18 |  0.001 % |
|       250 |     300     1278     3834 |      515      250     16 |  0.001 % |
|       475 |     300     1278     3834 |      567      475     15 |  0.001 % |
|       812 |     300     1278     3834 |      623      516     14 |  0.001 % |
|      1318 |     300     1278     3834 |      686      381     12 |  0.001 % |
|      2077 |     300     1278     3834 |      754      421     13 |  0.001 % |
|      3216 |     300     1278     3834 |      830      395     13 |  0.001 % |
|      4924 |     300     1278     3834 |      913      828     14 |  0.001 % |
|      7486 |     300     1278     3834 |     1004      597     12 |  0.001 % |
|     11330 |     300     1278     3834 |     1104      850     13 |  0.001 % |
|     17096 |     300     1278     3834 |     1215      969     13 |  0.001 % |
|     25745 |     300     1278     3834 |     1336      937     16 |  0.001 % |
|     38719 |     300     1278     3834 |     1470      938     14 |  0.001 % |
|     58180 |     300     1278     3834 |     1617      940     13 |  0.001 % |
|     87372 |     300     1278     3834 |     1779     1352     15 |  0.001 % |
|    131161 |     300     1278     3834 |     1957     1696     15 |  0.001 % |
|    196845 |     300     1278     3834 |     2153     1891     15 |  0.001 % |
|    295371 |     300     1278     3834 |     2368     1134     13 |  0.001 % |
|    443160 |     300     1278     3834 |     2605     1210     12 |  0.001 % |
|    664843 |     300     1278     3834 |     2865     1553     15 |  0.001 % |
|    997368 |     300     1278     3834 |     3152     2361     14 |  0.001 % |
|   1496156 |     300     1278     3834 |     3467     2772     15 |  0.001 % |
|   2244338 |     300     1278     3834 |     3814     2433     14 |  0.001 % |
|   3366612 |     300     1278     3834 |     4195     3764     15 |  0.001 % |
|   5050023 |     300     1278     3834 |     4615     3134     15 |  0.001 % |
|   7575139 |     300     1278     3834 |     5077     2645     13 |  0.001 % |
===============================================================================
restarts              : 14400
conflicts             : 8939605        (69353 /sec)
decisions             : 10831598       (0.00 % random) (84031 /sec)
propagations          : 455079807      (3530487 /sec)
conflict literals     : 137997127      (22.88 % deleted)
Memory used           : 7.00 MB
CPU time              : 128.9 s

UNSATISFIABLE
