WARNING: for repeatability, setting FPU to use double precision
============================[ Problem Statistics ]=============================
|                                                                             |
|  Number of variables:           300                                         |
|  Number of clauses:            1278                                         |
|  Parse time:                   0.00 s                                       |
|                                                                             |
============================[ Search Statistics ]==============================
| Conflicts |          ORIGINAL         |          LEARNT          | Progress |
|           |    Vars  Clauses Literals |    Limit  Clauses Lit/Cl |          |
===============================================================================
|       100 |     300     1278     3834 |      468      100     17 |  0.001 % |
|       250 |     300     1278     3834 |      515      250     16 |  0.001 % |
|       475 |     300     1278     3834 |      567      475     17 |  0.001 % |
|       812 |     300     1278     3834 |      623      511     16 |  0.001 % |
|      1318 |     300     1278     3834 |      686      363     12 |  0.001 % |
|      2077 |     300     1278     3834 |      754      417     12 |  0.001 % |
|      3216 |     300     1278     3834 |      830      387     12 |  0.001 % |
|      4924 |     300     1278     3834 |      913      822     14 |  0.001 % |
|      7486 |     300     1278     3834 |     1004      574     12 |  0.001 % |
|     11330 |     300     1278     3834 |     1104      780     14 |  0.001 % |
|     17096 |     300     1278     3834 |     1215      873     13 |  0.001 % |
|     25745 |     300     1278     3834 |     1336      876     13 |  0.001 % |
|     38719 |     300     1278     3834 |     1470      928     13 |  0.001 % |
|     58180 |     300     1278     3834 |     1617      864     13 |  0.001 % |
|     87372 |     300     1278     3834 |     1779     1289     13 |  0.001 % |
|    131161 |     300     1278     3834 |     1957     1717     15 |  0.001 % |
|    196845 |     300     1278     3834 |     2153     1895     14 |  0.001 % |
|    295371 |     300     1278     3834 |     2368     1206     13 |  0.001 % |
|    443160 |     300     1278     3834 |     2605     1449     14 |  0.001 % |
|    664843 |     300     1278     3834 |     2865     1844     15 |  0.001 % |
|    997368 |     300     1278     3834 |     3152     2718     13 |  0.001 % |
|   1496156 |     300     1278     3834 |     3467     3001     15 |  0.001 % |
|   2244338 |     300     1278     3834 |     3814     2480     13 |  0.001 % |
|   3366612 |     300     1278     3834 |     4195     1967     15 |  0.001 % |
|   5050023 |     300     1278     3834 |     4615     3318     12 |  0.001 % |
|   7575139 |     300     1278     3834 |     5077     2772     12 |  0.001 % |
===============================================================================
restarts              : 16383
conflicts             : 10749904       (68528 /sec)
decisions             : 13015118       (0.00 % random) (82969 /sec)
propagations          : 538982738      (3435900 /sec)
conflict literals     : 166874049      (22.63 % deleted)
Memory used           : 8.00 MB
CPU time              : 156.868 s

UNSATISFIABLE
