WARNING: for repeatability, setting FPU to use double precision
============================[ Problem Statistics ]=============================
|                                                                             |
|  Number of variables:           300                                         |
|  Number of clauses:            1278                                         |
|  Parse time:                   0.00 s                                       |
|                                                                             |
============================[ Search Statistics ]==============================
| Conflicts |          ORIGINAL         |          LEARNT          | Progress |
|           |    Vars  Clauses Literals |    Limit  Clauses Lit/Cl |          |
===============================================================================
|       100 |     300     1278     3834 |      468      100     15 |  0.001 % |
|       250 |     300     1278     3834 |      515      250     15 |  0.001 % |
|       475 |     300     1278     3834 |      567      475     16 |  0.001 % |
|       812 |     300     1278     3834 |      623      510     16 |  0.001 % |
|      1318 |     300     1278     3834 |      686      365     13 |  0.001 % |
|      2077 |     300     1278     3834 |      754      417     14 |  0.001 % |
|      3216 |     300     1278     3834 |      830      386     12 |  0.001 % |
|      4924 |     300     1278     3834 |      913      823     14 |  0.001 % |
|      7486 |     300     1278     3834 |     1004      578     13 |  0.001 % |
|     11330 |     300     1278     3834 |     1104      805     12 |  0.001 % |
|     17096 |     300     1278     3834 |     1215      946     13 |  0.001 % |
|     25745 |     300     1278     3834 |     1336      951     12 |  0.001 % |
|     38719 |     300     1278     3834 |     1470      973     12 |  0.001 % |
|     58180 |     300     1278     3834 |     1617     1000     13 |  0.001 % |
|     87372 |     300     1278     3834 |     1779     1453     14 |  0.001 % |
|    131161 |     300     1278     3834 |     1957     1006     13 |  0.001 % |
|    196845 |     300     1278     3834 |     2153     1219     13 |  0.001 % |
|    295371 |     300     1278     3834 |     2368     1540     13 |  0.001 % |
|    443160 |     300     1278     3834 |     2605     1896     14 |  0.001 % |
|    664843 |     300     1278     3834 |     2865     2340     15 |  0.001 % |
|    997368 |     300     1278     3834 |     3152     1712     13 |  0.001 % |
|   1496156 |     300     1278     3834 |     3467     2512     15 |  0.001 % |
|   2244338 |     300     1278     3834 |     3814     2191     15 |  0.001 % |
|   3366612 |     300     1278     3834 |     4195     1951     14 |  0.001 % |
|   5050023 |     295     1218     3654 |     4615     2762     11 |  1.668 % |
===============================================================================
restarts              : 8191
conflicts             : 5061519        (71221 /sec)
decisions             : 6126557        (0.00 % random) (86207 /sec)
propagations          : 258642921      (3639372 /sec)
conflict literals     : 76419168       (22.60 % deleted)
Memory used           : 6.00 MB
CPU time              : 71.068 s

UNSATISFIABLE
