WARNING: for repeatability, setting FPU to use double precision
============================[ Problem Statistics ]=============================
|                                                                             |
|  Number of variables:           300                                         |
|  Number of clauses:            1278                                         |
|  Parse time:                   0.00 s                                       |
|                                                                             |
============================[ Search Statistics ]==============================
| Conflicts |          ORIGINAL         |          LEARNT          | Progress |
|           |    Vars  Clauses Literals |    Limit  Clauses Lit/Cl |          |
===============================================================================
|       100 |     300     1278     3834 |      468      100     17 |  0.001 % |
|       250 |     300     1278     3834 |      515      250     15 |  0.001 % |
|       475 |     300     1278     3834 |      567      475     15 |  0.001 % |
|       812 |     300     1278     3834 |      623      520     14 |  0.001 % |
|      1318 |     300     1278     3834 |      686      371     13 |  0.001 % |
|      2077 |     300     1278     3834 |      754      422     12 |  0.001 % |
|      3216 |     300     1278     3834 |      830      395     11 |  0.001 % |
|      4924 |     300     1278     3834 |      913      823     13 |  0.001 % |
|      7486 |     300     1278     3834 |     1004      592     11 |  0.001 % |
|     11330 |     300     1278     3834 |     1104      817     12 |  0.001 % |
|     17096 |     300     1278     3834 |     1215      934     13 |  0.001 % |
|     25745 |     300     1278     3834 |     1336      900     12 |  0.001 % |
|     38719 |     300     1278     3834 |     1470      969     14 |  0.001 % |
|     58180 |     300     1278     3834 |     1617      990     13 |  0.001 % |
|     87372 |     300     1278     3834 |     1779     1433     14 |  0.001 % |
|    131161 |     300     1278     3834 |     1957      993     14 |  0.001 % |
|    196845 |     300     1278     3834 |     2153     1250     12 |  0.001 % |
|    295371 |     300     1278     3834 |     2368     1638     13 |  0.001 % |
|    443160 |     300     1278     3834 |     2605     1903     13 |  0.001 % |
|    664843 |     300     1278     3834 |     2865     2328     14 |  0.001 % |
|    997368 |     300     1278     3834 |     3152     1785     13 |  0.001 % |
|   1496156 |     300     1278     3834 |     3467     2541     13 |  0.001 % |
|   2244338 |     300     1278     3834 |     3814     2245     12 |  0.004 % |
|   3366612 |     299     1264     3792 |     4195     2137     12 |  0.336 % |
|   5050023 |     295     1228     3684 |     4615     2394     12 |  1.668 % |
===============================================================================
restarts              : 8191
conflicts             : 5078369        (73083 /sec)
decisions             : 6111192        (0.00 % random) (87946 /sec)
propagations          : 252337784      (3631386 /sec)
conflict literals     : 74628178       (23.35 % deleted)
Memory used           : 6.00 MB
CPU time              : 69.488 s

UNSATISFIABLE
