WARNING: for repeatability, setting FPU to use double precision
============================[ Problem Statistics ]=============================
|                                                                             |
|  Number of variables:           300                                         |
|  Number of clauses:            1278                                         |
|  Parse time:                   0.00 s                                       |
|                                                                             |
============================[ Search Statistics ]==============================
| Conflicts |          ORIGINAL         |          LEARNT          | Progress |
|           |    Vars  Clauses Literals |    Limit  Clauses Lit/Cl |          |
===============================================================================
|       100 |     300     1278     3834 |      468      100     16 |  0.001 % |
|       250 |     300     1278     3834 |      515      250     16 |  0.001 % |
|       475 |     300     1278     3834 |      567      475     16 |  0.001 % |
|       812 |     300     1278     3834 |      623      511     14 |  0.001 % |
|      1318 |     300     1278     3834 |      686      359     14 |  0.001 % |
|      2077 |     300     1278     3834 |      754      415     13 |  0.001 % |
|      3216 |     300     1278     3834 |      830      383     12 |  0.001 % |
|      4924 |     300     1278     3834 |      913      792     14 |  0.001 % |
|      7486 |     300     1278     3834 |     1004      514     12 |  0.001 % |
|     11330 |     300     1278     3834 |     1104      755     12 |  0.001 % |
|     17096 |     300     1278     3834 |     1215      871     13 |  0.001 % |
|     25745 |     300     1278     3834 |     1336      866     13 |  0.001 % |
|     38719 |     300     1278     3834 |     1470      899     13 |  0.001 % |
|     58180 |     300     1278     3834 |     1617      914     14 |  0.001 % |
|     87372 |     300     1278     3834 |     1779     1351     14 |  0.001 % |
|    131161 |     300     1278     3834 |     1957      916     13 |  0.001 % |
|    196845 |     300     1278     3834 |     2153     1086     14 |  0.001 % |
|    295371 |     300     1278     3834 |     2368     1363     13 |  0.001 % |
|    443160 |     300     1278     3834 |     2605     1587     13 |  0.001 % |
|    664843 |     300     1278     3834 |     2865     1796     14 |  0.001 % |
|    997368 |     300     1278     3834 |     3152     2607     14 |  0.001 % |
|   1496156 |     300     1278     3834 |     3467     3134     15 |  0.001 % |
|   2244338 |     300     1278     3834 |     3814     2481     13 |  0.001 % |
|   3366612 |     300     1278     3834 |     4195     3521     15 |  0.001 % |
|   5050023 |     300     1278     3834 |     4615     2385     13 |  0.001 % |
|   7575139 |     299     1271     3813 |     5077     3062     12 |  0.336 % |
===============================================================================
restarts              : 12286
conflicts             : 7682194        (70572 /sec)
decisions             : 9294117        (0.00 % random) (85380 /sec)
propagations          : 388094549      (3565210 /sec)
conflict literals     : 116681548      (23.27 % deleted)
Memory used           : 7.00 MB
CPU time              : 108.856 s

UNSATISFIABLE
