WARNING: for repeatability, setting FPU to use double precision
============================[ Problem Statistics ]=============================
|                                                                             |
|  Number of variables:           300                                         |
|  Number of clauses:            1278                                         |
|  Parse time:                   0.00 s                                       |
|                                                                             |
============================[ Search Statistics ]==============================
| Conflicts |          ORIGINAL         |          LEARNT          | Progress |
|           |    Vars  Clauses Literals |    Limit  Clauses Lit/Cl |          |
===============================================================================
|       100 |     300     1278     3834 |      468      100     17 |  0.001 % |
|       250 |     300     1278     3834 |      515      250     16 |  0.001 % |
|       475 |     300     1278     3834 |      567      475     16 |  0.001 % |
|       812 |     300     1278     3834 |      623      515     15 |  0.001 % |
|      1318 |     300     1278     3834 |      686      369     13 |  0.001 % |
|      2077 |     300     1278     3834 |      754      418     13 |  0.001 % |
|      3216 |     300     1278     3834 |      830      387     12 |  0.001 % |
|      4924 |     300     1278     3834 |      913      799     14 |  0.001 % |
|      7486 |     300     1278     3834 |     1004      533     12 |  0.001 % |
|     11330 |     300     1278     3834 |     1104      782     13 |  0.001 % |
|     17096 |     300     1278     3834 |     1215      894     13 |  0.001 % |
|     25745 |     300     1278     3834 |     1336      860     14 |  0.001 % |
|     38719 |     300     1278     3834 |     1470      916     12 |  0.001 % |
|     58180 |     300     1278     3834 |     1617      902     14 |  0.001 % |
|     87372 |     300     1278     3834 |     1779     1316     16 |  0.001 % |
|    131161 |     300     1278     3834 |     1957     1776     14 |  0.001 % |
|    196845 |     300     1278     3834 |     2153     1948     14 |  0.001 % |
|    295371 |     300     1278     3834 |     2368     1161     13 |  0.001 % |
|    443160 |     300     1278     3834 |     2605     1295     14 |  0.001 % |
|    664843 |     300     1278     3834 |     2865     1452     14 |  0.001 % |
|    997368 |     300     1278     3834 |     3152     2479     14 |  0.001 % |
|   1496156 |     300     1278     3834 |     3467     3064     15 |  0.001 % |
|   2244338 |     300     1278     3834 |     3814     2537     13 |  0.001 % |
|   3366612 |     300     1278     3834 |     4195     3466     15 |  0.001 % |
|   5050023 |     300     1278     3834 |     4615     2335     14 |  0.001 % |
|   7575139 |     300     1278     3834 |     5077     4167     14 |  0.001 % |
===============================================================================
restarts              : 16383
conflicts             : 11110800       (69135 /sec)
decisions             : 13453985       (0.00 % random) (83715 /sec)
propagations          : 559921921      (3484008 /sec)
conflict literals     : 174269121      (22.16 % deleted)
Memory used           : 8.00 MB
CPU time              : 160.712 s

UNSATISFIABLE
