WARNING: for repeatability, setting FPU to use double precision
============================[ Problem Statistics ]=============================
|                                                                             |
|  Number of variables:           300                                         |
|  Number of clauses:            1278                                         |
|  Parse time:                   0.00 s                                       |
|                                                                             |
============================[ Search Statistics ]==============================
| Conflicts |          ORIGINAL         |          LEARNT          | Progress |
|           |    Vars  Clauses Literals |    Limit  Clauses Lit/Cl |          |
===============================================================================
|       100 |     300     1278     3834 |      468      100     18 |  0.001 % |
|       250 |     300     1278     3834 |      515      250     16 |  0.001 % |
|       475 |     300     1278     3834 |      567      475     16 |  0.001 % |
|       812 |     300     1278     3834 |      623      512     15 |  0.001 % |
|      1318 |     300     1278     3834 |      686      361     14 |  0.001 % |
|      2077 |     300     1278     3834 |      754      416     13 |  0.001 % |
|      3216 |     300     1278     3834 |      830      388     11 |  0.001 % |
|      4924 |     300     1278     3834 |      913      831     13 |  0.001 % |
|      7486 |     300     1278     3834 |     1004      598     12 |  0.001 % |
|     11330 |     300     1278     3834 |     1104      844     14 |  0.001 % |
|     17096 |     300     1278     3834 |     1215      942     13 |  0.001 % |
|     25745 |     300     1278     3834 |     1336      915     13 |  0.001 % |
|     38719 |     300     1278     3834 |     1470      899     13 |  0.001 % |
|     58180 |     300     1278     3834 |     1617      891     12 |  0.001 % |
|     87372 |     300     1278     3834 |     1779     1325     14 |  0.001 % |
|    131161 |     300     1278     3834 |     1957     1729     14 |  0.001 % |
|    196845 |     300     1278     3834 |     2153     1962     14 |  0.001 % |
|    295371 |     300     1278     3834 |     2368     1201     14 |  0.001 % |
|    443160 |     300     1278     3834 |     2605     1393     14 |  0.001 % |
|    664843 |     300     1278     3834 |     2865     1759     14 |  0.001 % |
|    997368 |     300     1278     3834 |     3152     2659     13 |  0.001 % |
|   1496156 |     300     1278     3834 |     3467     1761     14 |  0.001 % |
|   2244338 |     300     1278     3834 |     3814     2911     15 |  0.001 % |
|   3366612 |     300     1278     3834 |     4195     2194     14 |  0.001 % |
|   5050023 |     300     1278     3834 |     4615     3559     13 |  0.001 % |
|   7575139 |     299     1266     3798 |     5077     3400     11 |  0.341 % |
===============================================================================
restarts              : 12286
conflicts             : 7694306        (70342 /sec)
decisions             : 9294734        (0.00 % random) (84973 /sec)
propagations          : 381900914      (3491378 /sec)
conflict literals     : 116772493      (22.86 % deleted)
Memory used           : 7.00 MB
CPU time              : 109.384 s

UNSATISFIABLE
