WARNING: for repeatability, setting FPU to use double precision
============================[ Problem Statistics ]=============================
|                                                                             |
|  Number of variables:           300                                         |
|  Number of clauses:            1278                                         |
|  Parse time:                   0.00 s                                       |
|                                                                             |
============================[ Search Statistics ]==============================
| Conflicts |          ORIGINAL         |          LEARNT          | Progress |
|           |    Vars  Clauses Literals |    Limit  Clauses Lit/Cl |          |
===============================================================================
|       100 |     300     1278     3834 |      468      100     18 |  0.001 % |
|       250 |     300     1278     3834 |      515      250     16 |  0.001 % |
|       475 |     300     1278     3834 |      567      475     16 |  0.001 % |
|       812 |     300     1278     3834 |      623      511     15 |  0.001 % |
|      1318 |     300     1278     3834 |      686      365     13 |  0.001 % |
|      2077 |     300     1278     3834 |      754      417     12 |  0.001 % |
|      3216 |     300     1278     3834 |      830      389     12 |  0.001 % |
|      4924 |     300     1278     3834 |      913      825     13 |  0.001 % |
|      7486 |     300     1278     3834 |     1004      585     12 |  0.001 % |
|     11330 |     300     1278     3834 |     1104      803     12 |  0.001 % |
|     17096 |     300     1278     3834 |     1215      920     13 |  0.001 % |
|     25745 |     300     1278     3834 |     1336      859     13 |  0.001 % |
|     38719 |     300     1278     3834 |     1470      883     13 |  0.001 % |
|     58180 |     300     1278     3834 |     1617      891     13 |  0.001 % |
|     87372 |     300     1278     3834 |     1779     1352     13 |  0.001 % |
|    131161 |     300     1278     3834 |     1957     1769     15 |  0.001 % |
|    196845 |     300     1278     3834 |     2153     1004     11 |  0.001 % |
|    295371 |     300     1278     3834 |     2368     1334     14 |  0.001 % |
|    443160 |     300     1278     3834 |     2605     1549     14 |  0.001 % |
|    664843 |     300     1278     3834 |     2865     1892     14 |  0.001 % |
|    997368 |     300     1278     3834 |     3152     2782     15 |  0.001 % |
|   1496156 |     300     1278     3834 |     3467     1807     14 |  0.001 % |
|   2244338 |     300     1278     3834 |     3814     2800     15 |  0.001 % |
|   3366612 |     300     1278     3834 |     4195     2256     14 |  0.001 % |
|   5050023 |     300     1278     3834 |     4615     3257     13 |  0.001 % |
|   7575139 |     300     1278     3834 |     5077     2916     15 |  0.001 % |
===============================================================================
restarts              : 16039
conflicts             : 9718514        (69118 /sec)
decisions             : 11776858       (0.00 % random) (83757 /sec)
propagations          : 487104188      (3464271 /sec)
conflict literals     : 148344947      (23.17 % deleted)
Memory used           : 7.00 MB
CPU time              : 140.608 s

UNSATISFIABLE
