WARNING: for repeatability, setting FPU to use double precision
============================[ Problem Statistics ]=============================
|                                                                             |
|  Number of variables:           300                                         |
|  Number of clauses:            1278                                         |
|  Parse time:                   0.00 s                                       |
|                                                                             |
============================[ Search Statistics ]==============================
| Conflicts |          ORIGINAL         |          LEARNT          | Progress |
|           |    Vars  Clauses Literals |    Limit  Clauses Lit/Cl |          |
===============================================================================
|       100 |     300     1278     3834 |      468      100     15 |  0.001 % |
|       250 |     300     1278     3834 |      515      250     15 |  0.001 % |
|       475 |     300     1278     3834 |      567      475     15 |  0.001 % |
|       812 |     300     1278     3834 |      623      510     16 |  0.001 % |
|      1318 |     300     1278     3834 |      686      361     13 |  0.001 % |
|      2077 |     300     1278     3834 |      754      413     13 |  0.001 % |
|      3216 |     300     1278     3834 |      830      387     12 |  0.001 % |
|      4924 |     300     1278     3834 |      913      822     13 |  0.001 % |
|      7486 |     300     1278     3834 |     1004      549     14 |  0.001 % |
|     11330 |     300     1278     3834 |     1104      777     13 |  0.001 % |
|     17096 |     300     1278     3834 |     1215      882     14 |  0.001 % |
|     25745 |     300     1278     3834 |     1336      848     13 |  0.001 % |
|     38719 |     300     1278     3834 |     1470      874     13 |  0.001 % |
|     58180 |     300     1278     3834 |     1617      882     13 |  0.001 % |
|     87372 |     300     1278     3834 |     1779     1321     14 |  0.001 % |
|    131161 |     300     1278     3834 |     1957     1734     15 |  0.001 % |
|    196845 |     300     1278     3834 |     2153     1917     16 |  0.001 % |
|    295371 |     300     1278     3834 |     2368     1148     13 |  0.001 % |
|    443160 |     300     1278     3834 |     2605     1372     14 |  0.001 % |
|    664843 |     300     1278     3834 |     2865     1596     14 |  0.001 % |
|    997368 |     300     1278     3834 |     3152     2579     14 |  0.001 % |
|   1496156 |     300     1278     3834 |     3467     1642     14 |  0.001 % |
|   2244338 |     300     1278     3834 |     3814     2697     14 |  0.001 % |
|   3366612 |     300     1278     3834 |     4195     2306     14 |  0.001 % |
|   5050023 |     300     1278     3834 |     4615     3505     13 |  0.001 % |
===============================================================================
restarts              : 9627
conflicts             : 5999014        (71820 /sec)
decisions             : 7278195        (0.00 % random) (87135 /sec)
propagations          : 300473261      (3597276 /sec)
conflict literals     : 91889979       (23.13 % deleted)
Memory used           : 7.00 MB
CPU time              : 83.528 s

UNSATISFIABLE
