WARNING: for repeatability, setting FPU to use double precision
============================[ Problem Statistics ]=============================
|                                                                             |
|  Number of variables:           300                                         |
|  Number of clauses:            1278                                         |
|  Parse time:                   0.00 s                                       |
|                                                                             |
============================[ Search Statistics ]==============================
| Conflicts |          ORIGINAL         |          LEARNT          | Progress |
|           |    Vars  Clauses Literals |    Limit  Clauses Lit/Cl |          |
===============================================================================
|       100 |     300     1278     3834 |      468      100     16 |  0.001 % |
|       250 |     300     1278     3834 |      515      250     15 |  0.001 % |
|       475 |     300     1278     3834 |      567      475     14 |  0.001 % |
|       812 |     300     1278     3834 |      623      511     15 |  0.001 % |
|      1318 |     300     1278     3834 |      686      362     12 |  0.001 % |
|      2077 |     300     1278     3834 |      754      404     11 |  0.001 % |
|      3216 |     300     1278     3834 |      830      763     13 |  0.001 % |
|      4924 |     300     1278     3834 |      913      747     13 |  0.001 % |
|      7486 |     300     1278     3834 |     1004      488     11 |  0.001 % |
|     11330 |     300     1278     3834 |     1104      741     12 |  0.001 % |
|     17096 |     300     1278     3834 |     1215      878     14 |  0.001 % |
|     25745 |     300     1278     3834 |     1336      822     13 |  0.001 % |
|     38719 |     300     1278     3834 |     1470      891     12 |  0.001 % |
|     58180 |     300     1278     3834 |     1617      903     14 |  0.001 % |
|     87372 |     300     1278     3834 |     1779     1335     15 |  0.001 % |
|    131161 |     300     1278     3834 |     1957      933     13 |  0.001 % |
|    196845 |     300     1278     3834 |     2153     1134     12 |  0.001 % |
|    295371 |     300     1278     3834 |     2368     1546     12 |  0.001 % |
|    443160 |     300     1278     3834 |     2605     1880     14 |  0.001 % |
|    664843 |     300     1278     3834 |     2865     2219     15 |  0.001 % |
|    997368 |     300     1278     3834 |     3152     1794     14 |  0.001 % |
|   1496156 |     300     1278     3834 |     3467     2529     14 |  0.001 % |
|   2244338 |     300     1278     3834 |     3814     2174     12 |  0.001 % |
|   3366612 |     300     1278     3834 |     4195     3643     14 |  0.001 % |
|   5050023 |     300     1278     3834 |     4615     3388     15 |  0.002 % |
===============================================================================
restarts              : 9213
conflicts             : 5782466        (72670 /sec)
decisions             : 6981632        (0.00 % random) (87740 /sec)
propagations          : 285561401      (3588717 /sec)
conflict literals     : 86763451       (22.46 % deleted)
Memory used           : 6.00 MB
CPU time              : 79.572 s

UNSATISFIABLE
