WARNING: for repeatability, setting FPU to use double precision
============================[ Problem Statistics ]=============================
|                                                                             |
|  Number of variables:           300                                         |
|  Number of clauses:            1278                                         |
|  Parse time:                   0.00 s                                       |
|                                                                             |
============================[ Search Statistics ]==============================
| Conflicts |          ORIGINAL         |          LEARNT          | Progress |
|           |    Vars  Clauses Literals |    Limit  Clauses Lit/Cl |          |
===============================================================================
|       100 |     300     1278     3834 |      468      100     17 |  0.001 % |
|       250 |     300     1278     3834 |      515      250     17 |  0.001 % |
|       475 |     300     1278     3834 |      567      475     17 |  0.001 % |
|       812 |     300     1278     3834 |      623      515     15 |  0.001 % |
|      1318 |     300     1278     3834 |      686      368     13 |  0.001 % |
|      2077 |     300     1278     3834 |      754      420     13 |  0.001 % |
|      3216 |     300     1278     3834 |      830      391     12 |  0.001 % |
|      4924 |     300     1278     3834 |      913      823     14 |  0.001 % |
|      7486 |     300     1278     3834 |     1004      589     12 |  0.001 % |
|     11330 |     300     1278     3834 |     1104      831     15 |  0.001 % |
|     17096 |     300     1278     3834 |     1215      934     13 |  0.001 % |
|     25745 |     300     1278     3834 |     1336      863     13 |  0.001 % |
|     38719 |     300     1278     3834 |     1470      898     14 |  0.001 % |
|     58180 |     300     1278     3834 |     1617      886     12 |  0.001 % |
|     87372 |     300     1278     3834 |     1779     1336     13 |  0.001 % |
|    131161 |     300     1278     3834 |     1957     1798     14 |  0.001 % |
|    196845 |     300     1278     3834 |     2153     1048     14 |  0.001 % |
|    295371 |     300     1278     3834 |     2368     1421     14 |  0.001 % |
|    443160 |     300     1278     3834 |     2605     1600     14 |  0.001 % |
|    664843 |     300     1278     3834 |     2865     1906     14 |  0.001 % |
|    997368 |     300     1278     3834 |     3152     2656     15 |  0.001 % |
|   1496156 |     300     1278     3834 |     3467     1610     15 |  0.001 % |
|   2244338 |     300     1278     3834 |     3814     2848     15 |  0.001 % |
|   3366612 |     300     1278     3834 |     4195     2122     15 |  0.001 % |
|   5050023 |     300     1278     3834 |     4615     3628     15 |  0.001 % |
|   7575139 |     300     1278     3834 |     5077     3131     14 |  0.001 % |
===============================================================================
restarts              : 16382
conflicts             : 10478406       (68388 /sec)
decisions             : 12697689       (0.00 % random) (82872 /sec)
propagations          : 526218687      (3434399 /sec)
conflict literals     : 162769997      (22.72 % deleted)
Memory used           : 8.00 MB
CPU time              : 153.22 s

UNSATISFIABLE
