WARNING: for repeatability, setting FPU to use double precision
============================[ Problem Statistics ]=============================
|                                                                             |
|  Number of variables:           300                                         |
|  Number of clauses:            1278                                         |
|  Parse time:                   0.00 s                                       |
|                                                                             |
============================[ Search Statistics ]==============================
| Conflicts |          ORIGINAL         |          LEARNT          | Progress |
|           |    Vars  Clauses Literals |    Limit  Clauses Lit/Cl |          |
===============================================================================
|       100 |     300     1278     3834 |      468      100     17 |  0.001 % |
|       250 |     300     1278     3834 |      515      250     17 |  0.001 % |
|       475 |     300     1278     3834 |      567      475     16 |  0.001 % |
|       812 |     300     1278     3834 |      623      511     15 |  0.001 % |
|      1318 |     300     1278     3834 |      686      364     13 |  0.001 % |
|      2077 |     300     1278     3834 |      754      412     12 |  0.001 % |
|      3216 |     300     1278     3834 |      830      387     12 |  0.001 % |
|      4924 |     300     1278     3834 |      913      801     13 |  0.001 % |
|      7486 |     300     1278     3834 |     1004      539     12 |  0.001 % |
|     11330 |     300     1278     3834 |     1104      782     13 |  0.001 % |
|     17096 |     300     1278     3834 |     1215      905     14 |  0.001 % |
|     25745 |     300     1278     3834 |     1336      882     13 |  0.001 % |
|     38719 |     300     1278     3834 |     1470      956     13 |  0.001 % |
|     58180 |     300     1278     3834 |     1617      954     12 |  0.001 % |
|     87372 |     300     1278     3834 |     1779     1392     14 |  0.001 % |
|    131161 |     300     1278     3834 |     1957      992     14 |  0.001 % |
|    196845 |     300     1278     3834 |     2153     1231     14 |  0.001 % |
|    295371 |     300     1278     3834 |     2368     1623     13 |  0.001 % |
|    443160 |     300     1278     3834 |     2605     1939     13 |  0.001 % |
|    664843 |     300     1278     3834 |     2865     2408     15 |  0.001 % |
|    997368 |     300     1278     3834 |     3152     1846     12 |  0.001 % |
|   1496156 |     300     1278     3834 |     3467     2656     14 |  0.001 % |
|   2244338 |     300     1278     3834 |     3814     2276     12 |  0.002 % |
|   3366612 |     299     1269     3807 |     4195     3470     15 |  0.334 % |
|   5050023 |     298     1257     3771 |     4615     3529     11 |  0.669 % |
===============================================================================
restarts              : 8191
conflicts             : 5146240        (73275 /sec)
decisions             : 6237841        (0.00 % random) (88818 /sec)
propagations          : 255721078      (3641091 /sec)
conflict literals     : 76941020       (23.11 % deleted)
Memory used           : 6.00 MB
CPU time              : 70.232 s

UNSATISFIABLE
