WARNING: for repeatability, setting FPU to use double precision
============================[ Problem Statistics ]=============================
|                                                                             |
|  Number of variables:           300                                         |
|  Number of clauses:            1278                                         |
|  Parse time:                   0.00 s                                       |
|                                                                             |
============================[ Search Statistics ]==============================
| Conflicts |          ORIGINAL         |          LEARNT          | Progress |
|           |    Vars  Clauses Literals |    Limit  Clauses Lit/Cl |          |
===============================================================================
|       100 |     300     1278     3834 |      468      100     17 |  0.001 % |
|       250 |     300     1278     3834 |      515      250     16 |  0.001 % |
|       475 |     300     1278     3834 |      567      475     17 |  0.001 % |
|       812 |     300     1278     3834 |      623      511     16 |  0.001 % |
|      1318 |     300     1278     3834 |      686      361     14 |  0.001 % |
|      2077 |     300     1278     3834 |      754      417     13 |  0.001 % |
|      3216 |     300     1278     3834 |      830      392     12 |  0.001 % |
|      4924 |     300     1278     3834 |      913      808     14 |  0.001 % |
|      7486 |     300     1278     3834 |     1004      549     13 |  0.001 % |
|     11330 |     300     1278     3834 |     1104      787     13 |  0.001 % |
|     17096 |     300     1278     3834 |     1215      882     14 |  0.001 % |
|     25745 |     300     1278     3834 |     1336      862     13 |  0.001 % |
|     38719 |     300     1278     3834 |     1470      901     14 |  0.001 % |
|     58180 |     300     1278     3834 |     1617      863     14 |  0.001 % |
|     87372 |     300     1278     3834 |     1779     1317     14 |  0.001 % |
|    131161 |     300     1278     3834 |     1957     1744     14 |  0.001 % |
|    196845 |     300     1278     3834 |     2153     1948     16 |  0.001 % |
|    295371 |     300     1278     3834 |     2368     1185     14 |  0.001 % |
|    443160 |     300     1278     3834 |     2605     1470     12 |  0.001 % |
|    664843 |     300     1278     3834 |     2865     1942     15 |  0.001 % |
|    997368 |     300     1278     3834 |     3152     2847     14 |  0.001 % |
|   1496156 |     300     1278     3834 |     3467     1901     13 |  0.001 % |
|   2244338 |     300     1278     3834 |     3814     3245     13 |  0.001 % |
|   3366612 |     300     1278     3834 |     4195     2600     15 |  0.001 % |
|   5050023 |     300     1278     3834 |     4615     3552     15 |  0.001 % |
===============================================================================
restarts              : 10939
conflicts             : 6751057        (70819 /sec)
decisions             : 8162878        (0.00 % random) (85629 /sec)
propagations          : 341978297      (3587386 /sec)
conflict literals     : 102860421      (23.27 % deleted)
Memory used           : 7.00 MB
CPU time              : 95.328 s

UNSATISFIABLE
