WARNING: for repeatability, setting FPU to use double precision
============================[ Problem Statistics ]=============================
|                                                                             |
|  Number of variables:           300                                         |
|  Number of clauses:            1278                                         |
|  Parse time:                   0.00 s                                       |
|                                                                             |
============================[ Search Statistics ]==============================
| Conflicts |          ORIGINAL         |          LEARNT          | Progress |
|           |    Vars  Clauses Literals |    Limit  Clauses Lit/Cl |          |
===============================================================================
|       100 |     300     1278     3834 |      468      100     16 |  0.001 % |
|       250 |     300     1278     3834 |      515      250     15 |  0.001 % |
|       475 |     300     1278     3834 |      567      475     15 |  0.001 % |
|       812 |     300     1278     3834 |      623      517     15 |  0.001 % |
|      1318 |     300     1278     3834 |      686      366     14 |  0.001 % |
|      2077 |     300     1278     3834 |      754      420     12 |  0.001 % |
|      3216 |     300     1278     3834 |      830      392     11 |  0.001 % |
|      4924 |     300     1278     3834 |      913      823     14 |  0.001 % |
|      7486 |     300     1278     3834 |     1004      592     12 |  0.001 % |
|     11330 |     300     1278     3834 |     1104      829     14 |  0.001 % |
|     17096 |     300     1278     3834 |     1215      959     13 |  0.001 % |
|     25745 |     300     1278     3834 |     1336      922     12 |  0.001 % |
|     38719 |     300     1278     3834 |     1470      977     12 |  0.001 % |
|     58180 |     300     1278     3834 |     1617      994     14 |  0.001 % |
|     87372 |     300     1278     3834 |     1779     1391     13 |  0.001 % |
|    131161 |     300     1278     3834 |     1957     1009     13 |  0.001 % |
|    196845 |     300     1278     3834 |     2153     1234     13 |  0.001 % |
|    295371 |     300     1278     3834 |     2368     1690     14 |  0.001 % |
|    443160 |     300     1278     3834 |     2605     1937     14 |  0.001 % |
|    664843 |     300     1278     3834 |     2865     2323     14 |  0.001 % |
|    997368 |     300     1278     3834 |     3152     1693     13 |  0.001 % |
|   1496156 |     300     1278     3834 |     3467     2370     14 |  0.001 % |
|   2244338 |     300     1278     3834 |     3814     2177     14 |  0.001 % |
|   3366612 |     300     1278     3834 |     4195     3692     15 |  0.001 % |
|   5050023 |     300     1278     3834 |     4615     3306     13 |  0.002 % |
===============================================================================
restarts              : 8702
conflicts             : 5540849        (70811 /sec)
decisions             : 6712707        (0.00 % random) (85788 /sec)
propagations          : 272983710      (3488699 /sec)
conflict literals     : 83687033       (22.69 % deleted)
Memory used           : 6.00 MB
CPU time              : 78.248 s

UNSATISFIABLE
