WARNING: for repeatability, setting FPU to use double precision
============================[ Problem Statistics ]=============================
|                                                                             |
|  Number of variables:           300                                         |
|  Number of clauses:            1278                                         |
|  Parse time:                   0.00 s                                       |
|                                                                             |
============================[ Search Statistics ]==============================
| Conflicts |          ORIGINAL         |          LEARNT          | Progress |
|           |    Vars  Clauses Literals |    Limit  Clauses Lit/Cl |          |
===============================================================================
|       100 |     300     1278     3834 |      468      100     16 |  0.001 % |
|       250 |     300     1278     3834 |      515      250     16 |  0.001 % |
|       475 |     300     1278     3834 |      567      475     16 |  0.001 % |
|       812 |     300     1278     3834 |      623      510     16 |  0.001 % |
|      1318 |     300     1278     3834 |      686      365     13 |  0.001 % |
|      2077 |     300     1278     3834 |      754      414     13 |  0.001 % |
|      3216 |     300     1278     3834 |      830      388     12 |  0.001 % |
|      4924 |     300     1278     3834 |      913      792     14 |  0.001 % |
|      7486 |     300     1278     3834 |     1004      537     11 |  0.001 % |
|     11330 |     300     1278     3834 |     1104      784     13 |  0.001 % |
|     17096 |     300     1278     3834 |     1215      848     14 |  0.001 % |
|     25745 |     300     1278     3834 |     1336      816     13 |  0.001 % |
|     38719 |     300     1278     3834 |     1470      884     13 |  0.001 % |
|     58180 |     300     1278     3834 |     1617      893     14 |  0.001 % |
|     87372 |     300     1278     3834 |     1779     1334     13 |  0.001 % |
|    131161 |     300     1278     3834 |     1957     1772     15 |  0.001 % |
|    196845 |     300     1278     3834 |     2153     1017     13 |  0.001 % |
|    295371 |     300     1278     3834 |     2368     1455     14 |  0.001 % |
|    443160 |     300     1278     3834 |     2605     1692     14 |  0.001 % |
|    664843 |     300     1278     3834 |     2865     2023     14 |  0.001 % |
|    997368 |     300     1278     3834 |     3152     1538     13 |  0.001 % |
|   1496156 |     300     1278     3834 |     3467     2244     14 |  0.001 % |
|   2244338 |     300     1278     3834 |     3814     1837     13 |  0.001 % |
|   3366612 |     300     1278     3834 |     4195     3018     15 |  0.001 % |
|   5050023 |     300     1278     3834 |     4615     2564     13 |  0.001 % |
===============================================================================
restarts              : 8902
conflicts             : 5627704        (72399 /sec)
decisions             : 6807286        (0.00 % random) (87574 /sec)
propagations          : 279533597      (3596120 /sec)
conflict literals     : 84804620       (22.65 % deleted)
Memory used           : 6.00 MB
CPU time              : 77.732 s

UNSATISFIABLE
