WARNING: for repeatability, setting FPU to use double precision
============================[ Problem Statistics ]=============================
|                                                                             |
|  Number of variables:           300                                         |
|  Number of clauses:            1278                                         |
|  Parse time:                   0.00 s                                       |
|                                                                             |
============================[ Search Statistics ]==============================
| Conflicts |          ORIGINAL         |          LEARNT          | Progress |
|           |    Vars  Clauses Literals |    Limit  Clauses Lit/Cl |          |
===============================================================================
|       100 |     300     1278     3834 |      468      100     17 |  0.001 % |
|       250 |     300     1278     3834 |      515      250     16 |  0.001 % |
|       475 |     300     1278     3834 |      567      475     16 |  0.001 % |
|       812 |     300     1278     3834 |      623      516     15 |  0.001 % |
|      1318 |     300     1278     3834 |      686      366     13 |  0.001 % |
|      2077 |     300     1278     3834 |      754      418     12 |  0.001 % |
|      3216 |     300     1278     3834 |      830      389     12 |  0.001 % |
|      4924 |     300     1278     3834 |      913      826     14 |  0.001 % |
|      7486 |     300     1278     3834 |     1004      570     12 |  0.001 % |
|     11330 |     300     1278     3834 |     1104      790     14 |  0.001 % |
|     17096 |     300     1278     3834 |     1215      913     13 |  0.001 % |
|     25745 |     300     1278     3834 |     1336      869     15 |  0.001 % |
|     38719 |     300     1278     3834 |     1470      903     13 |  0.001 % |
|     58180 |     300     1278     3834 |     1617      892     13 |  0.001 % |
|     87372 |     300     1278     3834 |     1779     1323     14 |  0.001 % |
|    131161 |     300     1278     3834 |     1957     1792     15 |  0.001 % |
|    196845 |     300     1278     3834 |     2153     1014     13 |  0.001 % |
|    295371 |     300     1278     3834 |     2368     1325     14 |  0.001 % |
|    443160 |     300     1278     3834 |     2605     1598     15 |  0.001 % |
|    664843 |     300     1278     3834 |     2865     1838     15 |  0.001 % |
|    997368 |     300     1278     3834 |     3152     2631     13 |  0.001 % |
|   1496156 |     300     1278     3834 |     3467     3111     15 |  0.001 % |
|   2244338 |     300     1278     3834 |     3814     2434     15 |  0.001 % |
|   3366612 |     300     1278     3834 |     4195     3530     15 |  0.001 % |
|   5050023 |     300     1278     3834 |     4615     2879     14 |  0.001 % |
|   7575139 |     299     1267     3801 |     5077     2512     14 |  0.334 % |
===============================================================================
restarts              : 16381
conflicts             : 10203934       (69594 /sec)
decisions             : 12383097       (0.00 % random) (84457 /sec)
propagations          : 506615174      (3455294 /sec)
conflict literals     : 154866315      (23.54 % deleted)
Memory used           : 7.00 MB
CPU time              : 146.62 s

UNSATISFIABLE
