WARNING: for repeatability, setting FPU to use double precision
============================[ Problem Statistics ]=============================
|                                                                             |
|  Number of variables:           300                                         |
|  Number of clauses:            1278                                         |
|  Parse time:                   0.00 s                                       |
|                                                                             |
============================[ Search Statistics ]==============================
| Conflicts |          ORIGINAL         |          LEARNT          | Progress |
|           |    Vars  Clauses Literals |    Limit  Clauses Lit/Cl |          |
===============================================================================
|       100 |     300     1278     3834 |      468      100     17 |  0.001 % |
|       250 |     300     1278     3834 |      515      250     16 |  0.001 % |
|       475 |     300     1278     3834 |      567      475     15 |  0.001 % |
|       812 |     300     1278     3834 |      623      519     13 |  0.001 % |
|      1318 |     300     1278     3834 |      686      368     12 |  0.001 % |
|      2077 |     300     1278     3834 |      754      421     12 |  0.001 % |
|      3216 |     300     1278     3834 |      830      390     11 |  0.001 % |
|      4924 |     300     1278     3834 |      913      828     13 |  0.001 % |
|      7486 |     300     1278     3834 |     1004      590     12 |  0.001 % |
|     11330 |     300     1278     3834 |     1104      825     11 |  0.001 % |
|     17096 |     300     1278     3834 |     1215      936     14 |  0.001 % |
|     25745 |     300     1278     3834 |     1336      879     13 |  0.001 % |
|     38719 |     300     1278     3834 |     1470      872     13 |  0.001 % |
|     58180 |     300     1278     3834 |     1617      862     13 |  0.001 % |
|     87372 |     300     1278     3834 |     1779     1292     14 |  0.001 % |
|    131161 |     300     1278     3834 |     1957     1711     14 |  0.001 % |
|    196845 |     300     1278     3834 |     2153     1913     15 |  0.001 % |
|    295371 |     300     1278     3834 |     2368     1160     14 |  0.001 % |
|    443160 |     300     1278     3834 |     2605     1384     14 |  0.001 % |
|    664843 |     300     1278     3834 |     2865     1630     14 |  0.001 % |
|    997368 |     300     1278     3834 |     3152     2474     14 |  0.001 % |
|   1496156 |     300     1278     3834 |     3467     3081     14 |  0.001 % |
|   2244338 |     300     1278     3834 |     3814     2594     14 |  0.001 % |
|   3366612 |     300     1278     3834 |     4195     3839     14 |  0.001 % |
|   5050023 |     300     1278     3834 |     4615     2983     14 |  0.002 % |
===============================================================================
restarts              : 10238
conflicts             : 6425637        (71843 /sec)
decisions             : 7793001        (0.00 % random) (87131 /sec)
propagations          : 322681958      (3607804 /sec)
conflict literals     : 98380881       (23.08 % deleted)
Memory used           : 6.00 MB
CPU time              : 89.44 s

UNSATISFIABLE
