WARNING: for repeatability, setting FPU to use double precision
============================[ Problem Statistics ]=============================
|                                                                             |
|  Number of variables:           300                                         |
|  Number of clauses:            1278                                         |
|  Parse time:                   0.00 s                                       |
|                                                                             |
============================[ Search Statistics ]==============================
| Conflicts |          ORIGINAL         |          LEARNT          | Progress |
|           |    Vars  Clauses Literals |    Limit  Clauses Lit/Cl |          |
===============================================================================
|       100 |     300     1278     3834 |      468      100     20 |  0.001 % |
|       250 |     300     1278     3834 |      515      250     17 |  0.001 % |
|       475 |     300     1278     3834 |      567      475     16 |  0.001 % |
|       812 |     300     1278     3834 |      623      511     15 |  0.001 % |
|      1318 |     300     1278     3834 |      686      365     13 |  0.001 % |
|      2077 |     300     1278     3834 |      754      419     12 |  0.001 % |
|      3216 |     300     1278     3834 |      830      391     12 |  0.001 % |
|      4924 |     300     1278     3834 |      913      829     13 |  0.001 % |
|      7486 |     300     1278     3834 |     1004      594     12 |  0.001 % |
|     11330 |     300     1278     3834 |     1104      849     13 |  0.001 % |
|     17096 |     300     1278     3834 |     1215      925     12 |  0.001 % |
|     25745 |     300     1278     3834 |     1336      907     12 |  0.001 % |
|     38719 |     300     1278     3834 |     1470      954     12 |  0.001 % |
|     58180 |     300     1278     3834 |     1617      990     13 |  0.001 % |
|     87372 |     300     1278     3834 |     1779     1460     14 |  0.001 % |
|    131161 |     300     1278     3834 |     1957     1016     13 |  0.001 % |
|    196845 |     300     1278     3834 |     2153     1202     12 |  0.001 % |
|    295371 |     300     1278     3834 |     2368     1622     13 |  0.001 % |
|    443160 |     300     1278     3834 |     2605     1939     15 |  0.001 % |
|    664843 |     300     1278     3834 |     2865     2382     16 |  0.001 % |
|    997368 |     300     1278     3834 |     3152     1895     15 |  0.001 % |
|   1496156 |     300     1278     3834 |     3467     2650     14 |  0.001 % |
|   2244338 |     300     1278     3834 |     3814     2589     14 |  0.001 % |
|   3366612 |     300     1278     3834 |     4195     2007     14 |  0.001 % |
|   5050023 |     300     1278     3834 |     4615     3835     13 |  0.001 % |
===============================================================================
restarts              : 11260
conflicts             : 6917043        (71525 /sec)
decisions             : 8378297        (0.00 % random) (86635 /sec)
propagations          : 343735088      (3554360 /sec)
conflict literals     : 103296136      (22.95 % deleted)
Memory used           : 7.00 MB
CPU time              : 96.708 s

UNSATISFIABLE
