WARNING: for repeatability, setting FPU to use double precision
============================[ Problem Statistics ]=============================
|                                                                             |
|  Number of variables:           300                                         |
|  Number of clauses:            1278                                         |
|  Parse time:                   0.00 s                                       |
|                                                                             |
============================[ Search Statistics ]==============================
| Conflicts |          ORIGINAL         |          LEARNT          | Progress |
|           |    Vars  Clauses Literals |    Limit  Clauses Lit/Cl |          |
===============================================================================
|       100 |     300     1278     3834 |      468      100     17 |  0.001 % |
|       250 |     300     1278     3834 |      515      250     16 |  0.001 % |
|       475 |     300     1278     3834 |      567      475     16 |  0.001 % |
|       812 |     300     1278     3834 |      623      511     14 |  0.001 % |
|      1318 |     300     1278     3834 |      686      366     12 |  0.001 % |
|      2077 |     300     1278     3834 |      754      418     12 |  0.001 % |
|      3216 |     300     1278     3834 |      830      391     12 |  0.001 % |
|      4924 |     300     1278     3834 |      913      815     13 |  0.001 % |
|      7486 |     300     1278     3834 |     1004      542     12 |  0.001 % |
|     11330 |     300     1278     3834 |     1104      787     13 |  0.001 % |
|     17096 |     300     1278     3834 |     1215      862     13 |  0.001 % |
|     25745 |     300     1278     3834 |     1336      845     12 |  0.001 % |
|     38719 |     300     1278     3834 |     1470      849     14 |  0.001 % |
|     58180 |     300     1278     3834 |     1617      856     13 |  0.001 % |
|     87372 |     300     1278     3834 |     1779     1296     14 |  0.001 % |
|    131161 |     300     1278     3834 |     1957     1739     15 |  0.001 % |
|    196845 |     300     1278     3834 |     2153     1936     13 |  0.001 % |
|    295371 |     300     1278     3834 |     2368     1254     13 |  0.001 % |
|    443160 |     300     1278     3834 |     2605     1584     14 |  0.001 % |
|    664843 |     300     1278     3834 |     2865     2011     15 |  0.001 % |
|    997368 |     300     1278     3834 |     3152     2869     15 |  0.001 % |
|   1496156 |     300     1278     3834 |     3467     2051     14 |  0.001 % |
|   2244338 |     300     1278     3834 |     3814     3455     13 |  0.001 % |
|   3366612 |     300     1278     3834 |     4195     3099     14 |  0.002 % |
|   5050023 |     295     1216     3648 |     4615     3170     11 |  1.669 % |
===============================================================================
restarts              : 8191
conflicts             : 5090167        (73689 /sec)
decisions             : 6167847        (0.00 % random) (89291 /sec)
propagations          : 255122236      (3693356 /sec)
conflict literals     : 77068327       (23.02 % deleted)
Memory used           : 6.00 MB
CPU time              : 69.076 s

UNSATISFIABLE
