WARNING: for repeatability, setting FPU to use double precision
============================[ Problem Statistics ]=============================
|                                                                             |
|  Number of variables:           300                                         |
|  Number of clauses:            1278                                         |
|  Parse time:                   0.00 s                                       |
|                                                                             |
============================[ Search Statistics ]==============================
| Conflicts |          ORIGINAL         |          LEARNT          | Progress |
|           |    Vars  Clauses Literals |    Limit  Clauses Lit/Cl |          |
===============================================================================
|       100 |     300     1278     3834 |      468      100     17 |  0.001 % |
|       250 |     300     1278     3834 |      515      250     17 |  0.001 % |
|       475 |     300     1278     3834 |      567      475     16 |  0.001 % |
|       812 |     300     1278     3834 |      623      515     15 |  0.001 % |
|      1318 |     300     1278     3834 |      686      361     13 |  0.001 % |
|      2077 |     300     1278     3834 |      754      420     12 |  0.001 % |
|      3216 |     300     1278     3834 |      830      387     11 |  0.001 % |
|      4924 |     300     1278     3834 |      913      809     13 |  0.001 % |
|      7486 |     300     1278     3834 |     1004      537     12 |  0.001 % |
|     11330 |     300     1278     3834 |     1104      743     15 |  0.001 % |
|     17096 |     300     1278     3834 |     1215      847     14 |  0.001 % |
|     25745 |     300     1278     3834 |     1336      780     13 |  0.001 % |
|     38719 |     300     1278     3834 |     1470      814     13 |  0.001 % |
|     58180 |     300     1278     3834 |     1617      800     14 |  0.001 % |
|     87372 |     300     1278     3834 |     1779     1188     14 |  0.001 % |
|    131161 |     300     1278     3834 |     1957     1693     15 |  0.001 % |
|    196845 |     300     1278     3834 |     2153     1855     14 |  0.001 % |
|    295371 |     300     1278     3834 |     2368     2166     16 |  0.001 % |
|    443160 |     300     1278     3834 |     2605     2290     14 |  0.001 % |
|    664843 |     300     1278     3834 |     2865     2562     15 |  0.001 % |
|    997368 |     300     1278     3834 |     3152     1850     14 |  0.001 % |
|   1496156 |     300     1278     3834 |     3467     2430     14 |  0.001 % |
|   2244338 |     300     1278     3834 |     3814     1950     13 |  0.001 % |
|   3366612 |     300     1278     3834 |     4195     3136     15 |  0.001 % |
|   5050023 |     300     1278     3834 |     4615     2125     15 |  0.001 % |
|   7575139 |     300     1278     3834 |     5077     4474     14 |  0.001 % |
===============================================================================
restarts              : 16382
conflicts             : 10295112       (68243 /sec)
decisions             : 12439229       (0.00 % random) (82455 /sec)
propagations          : 522955948      (3466498 /sec)
conflict literals     : 158929326      (23.23 % deleted)
Memory used           : 7.00 MB
CPU time              : 150.86 s

UNSATISFIABLE
