WARNING: for repeatability, setting FPU to use double precision
============================[ Problem Statistics ]=============================
|                                                                             |
|  Number of variables:           300                                         |
|  Number of clauses:            1278                                         |
|  Parse time:                   0.00 s                                       |
|                                                                             |
============================[ Search Statistics ]==============================
| Conflicts |          ORIGINAL         |          LEARNT          | Progress |
|           |    Vars  Clauses Literals |    Limit  Clauses Lit/Cl |          |
===============================================================================
|       100 |     300     1278     3834 |      468      100     13 |  0.001 % |
|       250 |     300     1278     3834 |      515      250     15 |  0.001 % |
|       475 |     300     1278     3834 |      567      475     14 |  0.001 % |
|       812 |     300     1278     3834 |      623      511     13 |  0.001 % |
|      1318 |     300     1278     3834 |      686      373     13 |  0.001 % |
|      2077 |     300     1278     3834 |      754      418     13 |  0.001 % |
|      3216 |     300     1278     3834 |      830      390     11 |  0.001 % |
|      4924 |     300     1278     3834 |      913      822     14 |  0.001 % |
|      7486 |     300     1278     3834 |     1004      581     13 |  0.001 % |
|     11330 |     300     1278     3834 |     1104      816     13 |  0.001 % |
|     17096 |     300     1278     3834 |     1215      932     14 |  0.001 % |
|     25745 |     300     1278     3834 |     1336      904     12 |  0.001 % |
|     38719 |     300     1278     3834 |     1470      914     13 |  0.001 % |
|     58180 |     300     1278     3834 |     1617      936     13 |  0.001 % |
|     87372 |     300     1278     3834 |     1779     1391     14 |  0.001 % |
|    131161 |     300     1278     3834 |     1957      920     12 |  0.001 % |
|    196845 |     300     1278     3834 |     2153     1119     13 |  0.001 % |
|    295371 |     300     1278     3834 |     2368     1544     13 |  0.001 % |
|    443160 |     300     1278     3834 |     2605     1871     13 |  0.001 % |
|    664843 |     300     1278     3834 |     2865     2250     15 |  0.001 % |
|    997368 |     300     1278     3834 |     3152     1796     13 |  0.001 % |
|   1496156 |     300     1278     3834 |     3467     2732     15 |  0.001 % |
|   2244338 |     300     1278     3834 |     3814     2362     12 |  0.002 % |
|   3366612 |     300     1278     3834 |     4195     1992     11 |  0.001 % |
|   5050023 |     298     1258     3774 |     4615     2208     11 |  0.674 % |
===============================================================================
restarts              : 8191
conflicts             : 5063849        (73156 /sec)
decisions             : 6140557        (0.00 % random) (88711 /sec)
propagations          : 249397335      (3602966 /sec)
conflict literals     : 75776862       (22.84 % deleted)
Memory used           : 6.00 MB
CPU time              : 69.22 s

UNSATISFIABLE
