WARNING: for repeatability, setting FPU to use double precision
============================[ Problem Statistics ]=============================
|                                                                             |
|  Number of variables:           300                                         |
|  Number of clauses:            1278                                         |
|  Parse time:                   0.00 s                                       |
|                                                                             |
============================[ Search Statistics ]==============================
| Conflicts |          ORIGINAL         |          LEARNT          | Progress |
|           |    Vars  Clauses Literals |    Limit  Clauses Lit/Cl |          |
===============================================================================
|       100 |     300     1278     3834 |      468      100     15 |  0.001 % |
|       250 |     300     1278     3834 |      515      250     15 |  0.001 % |
|       475 |     300     1278     3834 |      567      475     15 |  0.001 % |
|       812 |     300     1278     3834 |      623      509     15 |  0.001 % |
|      1318 |     300     1278     3834 |      686      366     13 |  0.001 % |
|      2077 |     300     1278     3834 |      754      416     12 |  0.001 % |
|      3216 |     300     1278     3834 |      830      401     11 |  0.001 % |
|      4924 |     300     1278     3834 |      913      822     14 |  0.001 % |
|      7486 |     300     1278     3834 |     1004      580     12 |  0.001 % |
|     11330 |     300     1278     3834 |     1104      819     13 |  0.001 % |
|     17096 |     300     1278     3834 |     1215      947     13 |  0.001 % |
|     25745 |     300     1278     3834 |     1336      949     13 |  0.001 % |
|     38719 |     300     1278     3834 |     1470      954     12 |  0.001 % |
|     58180 |     300     1278     3834 |     1617      996     13 |  0.001 % |
|     87372 |     300     1278     3834 |     1779     1492     12 |  0.001 % |
|    131161 |     300     1278     3834 |     1957     1089     14 |  0.001 % |
|    196845 |     300     1278     3834 |     2153     1329     13 |  0.001 % |
|    295371 |     300     1278     3834 |     2368     1773     14 |  0.001 % |
|    443160 |     300     1278     3834 |     2605     2111     14 |  0.001 % |
|    664843 |     300     1278     3834 |     2865     2469     14 |  0.001 % |
|    997368 |     300     1278     3834 |     3152     1987     13 |  0.001 % |
|   1496156 |     300     1278     3834 |     3467     2891     14 |  0.001 % |
|   2244338 |     300     1278     3834 |     3814     2507     13 |  0.001 % |
|   3366612 |     300     1278     3834 |     4195     2006     14 |  0.001 % |
|   5050023 |     299     1267     3801 |     4615     3139     12 |  0.337 % |
===============================================================================
restarts              : 8191
conflicts             : 5193878        (72788 /sec)
decisions             : 6294537        (0.00 % random) (88213 /sec)
propagations          : 257914986      (3614482 /sec)
conflict literals     : 78316350       (22.90 % deleted)
Memory used           : 6.00 MB
CPU time              : 71.356 s

UNSATISFIABLE
