WARNING: for repeatability, setting FPU to use double precision
============================[ Problem Statistics ]=============================
|                                                                             |
|  Number of variables:           300                                         |
|  Number of clauses:            1278                                         |
|  Parse time:                   0.00 s                                       |
|                                                                             |
============================[ Search Statistics ]==============================
| Conflicts |          ORIGINAL         |          LEARNT          | Progress |
|           |    Vars  Clauses Literals |    Limit  Clauses Lit/Cl |          |
===============================================================================
|       100 |     300     1278     3834 |      468      100     19 |  0.001 % |
|       250 |     300     1278     3834 |      515      250     17 |  0.001 % |
|       475 |     300     1278     3834 |      567      475     17 |  0.001 % |
|       812 |     300     1278     3834 |      623      516     14 |  0.001 % |
|      1318 |     300     1278     3834 |      686      366     12 |  0.001 % |
|      2077 |     300     1278     3834 |      754      414     12 |  0.001 % |
|      3216 |     300     1278     3834 |      830      389     11 |  0.001 % |
|      4924 |     300     1278     3834 |      913      806     12 |  0.001 % |
|      7486 |     300     1278     3834 |     1004      567     11 |  0.001 % |
|     11330 |     300     1278     3834 |     1104      806     12 |  0.001 % |
|     17096 |     300     1278     3834 |     1215      955     13 |  0.001 % |
|     25745 |     300     1278     3834 |     1336      963     13 |  0.001 % |
|     38719 |     300     1278     3834 |     1470     1015     13 |  0.001 % |
|     58180 |     300     1278     3834 |     1617     1016     13 |  0.001 % |
|     87372 |     300     1278     3834 |     1779     1490     12 |  0.001 % |
|    131161 |     300     1278     3834 |     1957     1031     13 |  0.001 % |
|    196845 |     300     1278     3834 |     2153     1353     12 |  0.001 % |
|    295371 |     300     1278     3834 |     2368     1806     14 |  0.001 % |
|    443160 |     300     1278     3834 |     2605     2071     13 |  0.001 % |
|    664843 |     300     1278     3834 |     2865     2577     14 |  0.001 % |
|    997368 |     300     1278     3834 |     3152     2146     14 |  0.001 % |
|   1496156 |     300     1278     3834 |     3467     2955     14 |  0.001 % |
|   2244338 |     300     1278     3834 |     3814     2699     14 |  0.001 % |
|   3366612 |     300     1278     3834 |     4195     2363     14 |  0.001 % |
|   5050023 |     300     1278     3834 |     4615     4081     14 |  0.001 % |
===============================================================================
restarts              : 8268
conflicts             : 5352643        (71175 /sec)
decisions             : 6479510        (0.00 % random) (86159 /sec)
propagations          : 262918706      (3496073 /sec)
conflict literals     : 79900525       (22.30 % deleted)
Memory used           : 6.00 MB
CPU time              : 75.204 s

UNSATISFIABLE
