WARNING: for repeatability, setting FPU to use double precision
============================[ Problem Statistics ]=============================
|                                                                             |
|  Number of variables:           300                                         |
|  Number of clauses:            1278                                         |
|  Parse time:                   0.00 s                                       |
|                                                                             |
============================[ Search Statistics ]==============================
| Conflicts |          ORIGINAL         |          LEARNT          | Progress |
|           |    Vars  Clauses Literals |    Limit  Clauses Lit/Cl |          |
===============================================================================
|       100 |     300     1278     3834 |      468      100     17 |  0.001 % |
|       250 |     300     1278     3834 |      515      250     16 |  0.001 % |
|       475 |     300     1278     3834 |      567      475     17 |  0.001 % |
|       812 |     300     1278     3834 |      623      510     16 |  0.001 % |
|      1318 |     300     1278     3834 |      686      364     13 |  0.001 % |
|      2077 |     300     1278     3834 |      754      411     13 |  0.001 % |
|      3216 |     300     1278     3834 |      830      387     13 |  0.001 % |
|      4924 |     300     1278     3834 |      913      822     13 |  0.001 % |
|      7486 |     300     1278     3834 |     1004      587     12 |  0.001 % |
|     11330 |     300     1278     3834 |     1104      835     14 |  0.001 % |
|     17096 |     300     1278     3834 |     1215      941     12 |  0.001 % |
|     25745 |     300     1278     3834 |     1336      921     13 |  0.001 % |
|     38719 |     300     1278     3834 |     1470      914     13 |  0.001 % |
|     58180 |     300     1278     3834 |     1617      922     14 |  0.001 % |
|     87372 |     300     1278     3834 |     1779     1360     14 |  0.001 % |
|    131161 |     300     1278     3834 |     1957      938     13 |  0.001 % |
|    196845 |     300     1278     3834 |     2153     1124     12 |  0.001 % |
|    295371 |     300     1278     3834 |     2368     1602     15 |  0.001 % |
|    443160 |     300     1278     3834 |     2605     1900     12 |  0.001 % |
|    664843 |     300     1278     3834 |     2865     2323     14 |  0.001 % |
|    997368 |     300     1278     3834 |     3152     1798     15 |  0.001 % |
|   1496156 |     300     1278     3834 |     3467     2407     15 |  0.001 % |
|   2244338 |     300     1278     3834 |     3814     2029     13 |  0.001 % |
|   3366612 |     300     1278     3834 |     4195     3539     15 |  0.001 % |
|   5050023 |     300     1278     3834 |     4615     2697     13 |  0.002 % |
===============================================================================
restarts              : 9084
conflicts             : 5703724        (70819 /sec)
decisions             : 6919941        (0.00 % random) (85919 /sec)
propagations          : 284076063      (3527143 /sec)
conflict literals     : 87265887       (22.54 % deleted)
Memory used           : 7.00 MB
CPU time              : 80.54 s

SATISFIABLE
