WARNING: for repeatability, setting FPU to use double precision
============================[ Problem Statistics ]=============================
|                                                                             |
|  Number of variables:           300                                         |
|  Number of clauses:            1278                                         |
|  Parse time:                   0.00 s                                       |
|                                                                             |
============================[ Search Statistics ]==============================
| Conflicts |          ORIGINAL         |          LEARNT          | Progress |
|           |    Vars  Clauses Literals |    Limit  Clauses Lit/Cl |          |
===============================================================================
|       100 |     300     1278     3834 |      468      100     18 |  0.001 % |
|       250 |     300     1278     3834 |      515      250     16 |  0.001 % |
|       475 |     300     1278     3834 |      567      475     16 |  0.001 % |
|       812 |     300     1278     3834 |      623      510     14 |  0.001 % |
|      1318 |     300     1278     3834 |      686      370     12 |  0.001 % |
|      2077 |     300     1278     3834 |      754      421     13 |  0.001 % |
|      3216 |     300     1278     3834 |      830      390     12 |  0.001 % |
|      4924 |     300     1278     3834 |      913      812     15 |  0.001 % |
|      7486 |     300     1278     3834 |     1004      557     12 |  0.001 % |
|     11330 |     300     1278     3834 |     1104      782     13 |  0.001 % |
|     17096 |     300     1278     3834 |     1215      882     13 |  0.001 % |
|     25745 |     300     1278     3834 |     1336      857     12 |  0.001 % |
|     38719 |     300     1278     3834 |     1470      912     14 |  0.001 % |
|     58180 |     300     1278     3834 |     1617      921     13 |  0.001 % |
|     87372 |     300     1278     3834 |     1779     1312     12 |  0.001 % |
|    131161 |     300     1278     3834 |     1957     1752     15 |  0.001 % |
|    196845 |     300     1278     3834 |     2153     1023     14 |  0.001 % |
|    295371 |     300     1278     3834 |     2368     1324     14 |  0.001 % |
|    443160 |     300     1278     3834 |     2605     1535     12 |  0.001 % |
|    664843 |     300     1278     3834 |     2865     1753     14 |  0.001 % |
|    997368 |     300     1278     3834 |     3152     2520     15 |  0.001 % |
|   1496156 |     300     1278     3834 |     3467     3098     15 |  0.001 % |
|   2244338 |     300     1278     3834 |     3814     2507     13 |  0.001 % |
|   3366612 |     300     1278     3834 |     4195     3804     15 |  0.001 % |
|   5050023 |     300     1278     3834 |     4615     2817     14 |  0.001 % |
|   7575139 |     300     1278     3834 |     5077     4647     14 |  0.001 % |
===============================================================================
restarts              : 16382
conflicts             : 10290626       (69202 /sec)
decisions             : 12518611       (0.00 % random) (84185 /sec)
propagations          : 506352963      (3405107 /sec)
conflict literals     : 158801844      (22.60 % deleted)
Memory used           : 7.00 MB
CPU time              : 148.704 s

UNSATISFIABLE
