WARNING: for repeatability, setting FPU to use double precision
============================[ Problem Statistics ]=============================
|                                                                             |
|  Number of variables:           300                                         |
|  Number of clauses:            1278                                         |
|  Parse time:                   0.00 s                                       |
|                                                                             |
============================[ Search Statistics ]==============================
| Conflicts |          ORIGINAL         |          LEARNT          | Progress |
|           |    Vars  Clauses Literals |    Limit  Clauses Lit/Cl |          |
===============================================================================
|       100 |     300     1278     3834 |      468      100     16 |  0.001 % |
|       250 |     300     1278     3834 |      515      250     15 |  0.001 % |
|       475 |     300     1278     3834 |      567      475     15 |  0.001 % |
|       812 |     300     1278     3834 |      623      515     16 |  0.001 % |
|      1318 |     300     1278     3834 |      686      367     13 |  0.001 % |
|      2077 |     300     1278     3834 |      754      421     13 |  0.001 % |
|      3216 |     300     1278     3834 |      830      396     11 |  0.001 % |
|      4924 |     300     1278     3834 |      913      827     13 |  0.001 % |
|      7486 |     300     1278     3834 |     1004      593     11 |  0.001 % |
|     11330 |     300     1278     3834 |     1104      863     12 |  0.001 % |
|     17096 |     300     1278     3834 |     1215      973     13 |  0.001 % |
|     25745 |     300     1278     3834 |     1336      957     12 |  0.001 % |
|     38719 |     300     1278     3834 |     1470     1008     14 |  0.001 % |
|     58180 |     300     1278     3834 |     1617      994     13 |  0.001 % |
|     87372 |     300     1278     3834 |     1779     1386     14 |  0.001 % |
|    131161 |     300     1278     3834 |     1957      953     13 |  0.001 % |
|    196845 |     300     1278     3834 |     2153     1192     12 |  0.001 % |
|    295371 |     300     1278     3834 |     2368     1654     13 |  0.001 % |
|    443160 |     300     1278     3834 |     2605     1938     15 |  0.001 % |
|    664843 |     300     1278     3834 |     2865     2442     14 |  0.001 % |
|    997368 |     300     1278     3834 |     3152     2065     12 |  0.001 % |
|   1496156 |     300     1278     3834 |     3467     2977     13 |  0.001 % |
|   2244338 |     299     1262     3786 |     3814     2294     14 |  0.334 % |
|   3366612 |     298     1246     3738 |     4195     3627     14 |  0.668 % |
|   5050023 |     286     1126     3378 |     4615     2008      9 |  4.668 % |
===============================================================================
restarts              : 8191
conflicts             : 5051376        (72673 /sec)
decisions             : 6124666        (0.00 % random) (88115 /sec)
propagations          : 254345238      (3659223 /sec)
conflict literals     : 75120706       (23.63 % deleted)
Memory used           : 6.00 MB
CPU time              : 69.508 s

UNSATISFIABLE
