WARNING: for repeatability, setting FPU to use double precision
============================[ Problem Statistics ]=============================
|                                                                             |
|  Number of variables:           300                                         |
|  Number of clauses:            1278                                         |
|  Parse time:                   0.00 s                                       |
|                                                                             |
============================[ Search Statistics ]==============================
| Conflicts |          ORIGINAL         |          LEARNT          | Progress |
|           |    Vars  Clauses Literals |    Limit  Clauses Lit/Cl |          |
===============================================================================
|       100 |     300     1278     3834 |      468      100     17 |  0.001 % |
|       250 |     300     1278     3834 |      515      250     15 |  0.001 % |
|       475 |     300     1278     3834 |      567      475     16 |  0.001 % |
|       812 |     300     1278     3834 |      623      511     16 |  0.001 % |
|      1318 |     300     1278     3834 |      686      364     14 |  0.001 % |
|      2077 |     300     1278     3834 |      754      421     12 |  0.001 % |
|      3216 |     300     1278     3834 |      830      395     12 |  0.001 % |
|      4924 |     300     1278     3834 |      913      826     15 |  0.001 % |
|      7486 |     300     1278     3834 |     1004      592     12 |  0.001 % |
|     11330 |     300     1278     3834 |     1104      827     14 |  0.001 % |
|     17096 |     300     1278     3834 |     1215      945     13 |  0.001 % |
|     25745 |     300     1278     3834 |     1336      920     13 |  0.001 % |
|     38719 |     300     1278     3834 |     1470      953     13 |  0.001 % |
|     58180 |     300     1278     3834 |     1617      939     13 |  0.001 % |
|     87372 |     300     1278     3834 |     1779     1390     14 |  0.001 % |
|    131161 |     300     1278     3834 |     1957      990     13 |  0.001 % |
|    196845 |     300     1278     3834 |     2153     1181     13 |  0.001 % |
|    295371 |     300     1278     3834 |     2368     1538     14 |  0.001 % |
|    443160 |     300     1278     3834 |     2605     1766     13 |  0.001 % |
|    664843 |     300     1278     3834 |     2865     2122     15 |  0.001 % |
|    997368 |     300     1278     3834 |     3152     1677     13 |  0.001 % |
|   1496156 |     300     1278     3834 |     3467     2261     14 |  0.001 % |
|   2244338 |     300     1278     3834 |     3814     3430     14 |  0.001 % |
|   3366612 |     300     1278     3834 |     4195     2815     15 |  0.001 % |
|   5050023 |     300     1278     3834 |     4615     4205     14 |  0.002 % |
===============================================================================
restarts              : 9273
conflicts             : 5857159        (71186 /sec)
decisions             : 7071980        (0.00 % random) (85950 /sec)
propagations          : 292246971      (3551859 /sec)
conflict literals     : 89567450       (22.45 % deleted)
Memory used           : 7.00 MB
CPU time              : 82.28 s

UNSATISFIABLE
