WARNING: for repeatability, setting FPU to use double precision
============================[ Problem Statistics ]=============================
|                                                                             |
|  Number of variables:           300                                         |
|  Number of clauses:            1278                                         |
|  Parse time:                   0.00 s                                       |
|                                                                             |
============================[ Search Statistics ]==============================
| Conflicts |          ORIGINAL         |          LEARNT          | Progress |
|           |    Vars  Clauses Literals |    Limit  Clauses Lit/Cl |          |
===============================================================================
|       100 |     300     1278     3834 |      468      100     17 |  0.001 % |
|       250 |     300     1278     3834 |      515      250     16 |  0.001 % |
|       475 |     300     1278     3834 |      567      475     16 |  0.001 % |
|       812 |     300     1278     3834 |      623      517     15 |  0.001 % |
|      1318 |     300     1278     3834 |      686      366     13 |  0.001 % |
|      2077 |     300     1278     3834 |      754      413     13 |  0.001 % |
|      3216 |     300     1278     3834 |      830      382     13 |  0.001 % |
|      4924 |     300     1278     3834 |      913      798     13 |  0.001 % |
|      7486 |     300     1278     3834 |     1004      540     12 |  0.001 % |
|     11330 |     300     1278     3834 |     1104      770     12 |  0.001 % |
|     17096 |     300     1278     3834 |     1215      864     12 |  0.001 % |
|     25745 |     300     1278     3834 |     1336      832     12 |  0.001 % |
|     38719 |     300     1278     3834 |     1470      862     13 |  0.001 % |
|     58180 |     300     1278     3834 |     1617      896     14 |  0.001 % |
|     87372 |     300     1278     3834 |     1779     1327     13 |  0.001 % |
|    131161 |     300     1278     3834 |     1957      910     11 |  0.001 % |
|    196845 |     300     1278     3834 |     2153     1101     13 |  0.001 % |
|    295371 |     300     1278     3834 |     2368     1558     14 |  0.001 % |
|    443160 |     300     1278     3834 |     2605     1747     15 |  0.001 % |
|    664843 |     300     1278     3834 |     2865     2100     15 |  0.001 % |
|    997368 |     300     1278     3834 |     3152     1619     13 |  0.001 % |
|   1496156 |     300     1278     3834 |     3467     2354     15 |  0.001 % |
|   2244338 |     300     1278     3834 |     3814     1860     11 |  0.001 % |
|   3366612 |     300     1278     3834 |     4195     3177     15 |  0.001 % |
|   5050023 |     300     1278     3834 |     4615     2525     13 |  0.001 % |
|   7575139 |     299     1268     3804 |     5077     2533     11 |  0.334 % |
===============================================================================
restarts              : 14622
conflicts             : 9030686        (69643 /sec)
decisions             : 10939721       (0.00 % random) (84365 /sec)
propagations          : 452503284      (3489599 /sec)
conflict literals     : 136909732      (23.01 % deleted)
Memory used           : 7.00 MB
CPU time              : 129.672 s

UNSATISFIABLE
