WARNING: for repeatability, setting FPU to use double precision
============================[ Problem Statistics ]=============================
|                                                                             |
|  Number of variables:           300                                         |
|  Number of clauses:            1278                                         |
|  Parse time:                   0.00 s                                       |
|                                                                             |
============================[ Search Statistics ]==============================
| Conflicts |          ORIGINAL         |          LEARNT          | Progress |
|           |    Vars  Clauses Literals |    Limit  Clauses Lit/Cl |          |
===============================================================================
|       100 |     300     1278     3834 |      468      100     18 |  0.001 % |
|       250 |     300     1278     3834 |      515      250     18 |  0.001 % |
|       475 |     300     1278     3834 |      567      475     17 |  0.001 % |
|       812 |     300     1278     3834 |      623      519     15 |  0.001 % |
|      1318 |     300     1278     3834 |      686      382     12 |  0.001 % |
|      2077 |     300     1278     3834 |      754      433     12 |  0.001 % |
|      3216 |     300     1278     3834 |      830      795     14 |  0.001 % |
|      4924 |     300     1278     3834 |      913      783     13 |  0.001 % |
|      7486 |     300     1278     3834 |     1004      526     12 |  0.001 % |
|     11330 |     300     1278     3834 |     1104      748     14 |  0.001 % |
|     17096 |     300     1278     3834 |     1215      846     13 |  0.001 % |
|     25745 |     300     1278     3834 |     1336      821     13 |  0.001 % |
|     38719 |     300     1278     3834 |     1470      811     13 |  0.001 % |
|     58180 |     300     1278     3834 |     1617      825     13 |  0.001 % |
|     87372 |     300     1278     3834 |     1779     1308     13 |  0.001 % |
|    131161 |     300     1278     3834 |     1957     1757     15 |  0.001 % |
|    196845 |     300     1278     3834 |     2153     1924     13 |  0.001 % |
|    295371 |     300     1278     3834 |     2368     2178     15 |  0.001 % |
|    443160 |     300     1278     3834 |     2605     2324     14 |  0.001 % |
|    664843 |     300     1278     3834 |     2865     2600     14 |  0.001 % |
|    997368 |     300     1278     3834 |     3152     1857     13 |  0.001 % |
|   1496156 |     300     1278     3834 |     3467     2329     14 |  0.001 % |
|   2244338 |     300     1278     3834 |     3814     3515     13 |  0.001 % |
|   3366612 |     300     1278     3834 |     4195     2783     13 |  0.002 % |
|   5050023 |     300     1278     3834 |     4615     3716     13 |  0.001 % |
|   7575139 |     299     1267     3801 |     5077     2856     13 |  0.334 % |
===============================================================================
restarts              : 15738
conflicts             : 9579866        (68847 /sec)
decisions             : 11598599       (0.00 % random) (83354 /sec)
propagations          : 485798857      (3491239 /sec)
conflict literals     : 146479225      (23.60 % deleted)
Memory used           : 7.00 MB
CPU time              : 139.148 s

UNSATISFIABLE
