WARNING: for repeatability, setting FPU to use double precision
============================[ Problem Statistics ]=============================
|                                                                             |
|  Number of variables:           300                                         |
|  Number of clauses:            1278                                         |
|  Parse time:                   0.00 s                                       |
|                                                                             |
============================[ Search Statistics ]==============================
| Conflicts |          ORIGINAL         |          LEARNT          | Progress |
|           |    Vars  Clauses Literals |    Limit  Clauses Lit/Cl |          |
===============================================================================
|       100 |     300     1278     3834 |      468      100     19 |  0.001 % |
|       250 |     300     1278     3834 |      515      250     17 |  0.001 % |
|       475 |     300     1278     3834 |      567      475     17 |  0.001 % |
|       812 |     300     1278     3834 |      623      515     15 |  0.001 % |
|      1318 |     300     1278     3834 |      686      363     13 |  0.001 % |
|      2077 |     300     1278     3834 |      754      416     12 |  0.001 % |
|      3216 |     300     1278     3834 |      830      390     12 |  0.001 % |
|      4924 |     300     1278     3834 |      913      801     13 |  0.001 % |
|      7486 |     300     1278     3834 |     1004      542     12 |  0.001 % |
|     11330 |     300     1278     3834 |     1104      771     13 |  0.001 % |
|     17096 |     300     1278     3834 |     1215      894     12 |  0.001 % |
|     25745 |     300     1278     3834 |     1336      863     13 |  0.001 % |
|     38719 |     300     1278     3834 |     1470      878     13 |  0.001 % |
|     58180 |     300     1278     3834 |     1617      913     14 |  0.001 % |
|     87372 |     300     1278     3834 |     1779     1299     14 |  0.001 % |
|    131161 |     300     1278     3834 |     1957     1769     14 |  0.001 % |
|    196845 |     300     1278     3834 |     2153     1952     14 |  0.001 % |
|    295371 |     300     1278     3834 |     2368     1290     13 |  0.001 % |
|    443160 |     300     1278     3834 |     2605     1458     14 |  0.001 % |
|    664843 |     300     1278     3834 |     2865     1843     14 |  0.001 % |
|    997368 |     300     1278     3834 |     3152     2682     14 |  0.001 % |
|   1496156 |     300     1278     3834 |     3467     1666     13 |  0.001 % |
|   2244338 |     300     1278     3834 |     3814     3021     13 |  0.001 % |
|   3366612 |     300     1278     3834 |     4195     2549     14 |  0.001 % |
|   5050023 |     299     1262     3786 |     4615     2240     13 |  0.334 % |
===============================================================================
restarts              : 8191
conflicts             : 5294169        (73152 /sec)
decisions             : 6415225        (0.00 % random) (88642 /sec)
propagations          : 261970913      (3619783 /sec)
conflict literals     : 80443423       (22.89 % deleted)
Memory used           : 6.00 MB
CPU time              : 72.372 s

UNSATISFIABLE
