WARNING: for repeatability, setting FPU to use double precision
============================[ Problem Statistics ]=============================
|                                                                             |
|  Number of variables:           300                                         |
|  Number of clauses:            1278                                         |
|  Parse time:                   0.00 s                                       |
|                                                                             |
============================[ Search Statistics ]==============================
| Conflicts |          ORIGINAL         |          LEARNT          | Progress |
|           |    Vars  Clauses Literals |    Limit  Clauses Lit/Cl |          |
===============================================================================
|       100 |     300     1278     3834 |      468      100     16 |  0.001 % |
|       250 |     300     1278     3834 |      515      250     16 |  0.001 % |
|       475 |     300     1278     3834 |      567      475     16 |  0.001 % |
|       812 |     300     1278     3834 |      623      517     14 |  0.001 % |
|      1318 |     300     1278     3834 |      686      379     13 |  0.001 % |
|      2077 |     300     1278     3834 |      754      424     13 |  0.001 % |
|      3216 |     300     1278     3834 |      830      396     12 |  0.001 % |
|      4924 |     300     1278     3834 |      913      827     13 |  0.001 % |
|      7486 |     300     1278     3834 |     1004      582     11 |  0.001 % |
|     11330 |     300     1278     3834 |     1104      814     13 |  0.001 % |
|     17096 |     300     1278     3834 |     1215      939     13 |  0.001 % |
|     25745 |     300     1278     3834 |     1336      875     14 |  0.001 % |
|     38719 |     300     1278     3834 |     1470      881     12 |  0.001 % |
|     58180 |     300     1278     3834 |     1617      913     13 |  0.001 % |
|     87372 |     300     1278     3834 |     1779     1370     13 |  0.001 % |
|    131161 |     300     1278     3834 |     1957      928     14 |  0.001 % |
|    196845 |     300     1278     3834 |     2153     1197     11 |  0.001 % |
|    295371 |     300     1278     3834 |     2368     1609     13 |  0.001 % |
|    443160 |     300     1278     3834 |     2605     2010     13 |  0.001 % |
|    664843 |     300     1278     3834 |     2865     2368     15 |  0.001 % |
|    997368 |     300     1278     3834 |     3152     1999     12 |  0.001 % |
|   1496156 |     300     1278     3834 |     3467     2799     14 |  0.001 % |
|   2244338 |     300     1278     3834 |     3814     2566     13 |  0.001 % |
|   3366612 |     300     1278     3834 |     4195     1996     14 |  0.001 % |
|   5050023 |     300     1278     3834 |     4615     3286     11 |  0.001 % |
===============================================================================
restarts              : 8191
conflicts             : 5284463        (72749 /sec)
decisions             : 6363168        (0.00 % random) (87599 /sec)
propagations          : 264703800      (3644050 /sec)
conflict literals     : 80189173       (23.35 % deleted)
Memory used           : 6.00 MB
CPU time              : 72.64 s

UNSATISFIABLE
