WARNING: for repeatability, setting FPU to use double precision
============================[ Problem Statistics ]=============================
|                                                                             |
|  Number of variables:           300                                         |
|  Number of clauses:            1278                                         |
|  Parse time:                   0.00 s                                       |
|                                                                             |
============================[ Search Statistics ]==============================
| Conflicts |          ORIGINAL         |          LEARNT          | Progress |
|           |    Vars  Clauses Literals |    Limit  Clauses Lit/Cl |          |
===============================================================================
|       100 |     300     1278     3834 |      468      100     16 |  0.001 % |
|       250 |     300     1278     3834 |      515      250     16 |  0.001 % |
|       475 |     300     1278     3834 |      567      475     17 |  0.001 % |
|       812 |     300     1278     3834 |      623      518     15 |  0.001 % |
|      1318 |     300     1278     3834 |      686      370     13 |  0.001 % |
|      2077 |     300     1278     3834 |      754      423     12 |  0.001 % |
|      3216 |     300     1278     3834 |      830      393     12 |  0.001 % |
|      4924 |     300     1278     3834 |      913      804     13 |  0.001 % |
|      7486 |     300     1278     3834 |     1004      542     12 |  0.001 % |
|     11330 |     300     1278     3834 |     1104      787     12 |  0.001 % |
|     17096 |     300     1278     3834 |     1215      869     12 |  0.001 % |
|     25745 |     300     1278     3834 |     1336      852     14 |  0.001 % |
|     38719 |     300     1278     3834 |     1470      901     12 |  0.001 % |
|     58180 |     300     1278     3834 |     1617      907     12 |  0.001 % |
|     87372 |     300     1278     3834 |     1779     1332     13 |  0.001 % |
|    131161 |     300     1278     3834 |     1957      909     13 |  0.001 % |
|    196845 |     300     1278     3834 |     2153     1152     14 |  0.001 % |
|    295371 |     300     1278     3834 |     2368     1416     14 |  0.001 % |
|    443160 |     300     1278     3834 |     2605     1703     14 |  0.001 % |
|    664843 |     300     1278     3834 |     2865     2117     15 |  0.001 % |
|    997368 |     300     1278     3834 |     3152     1580     13 |  0.001 % |
|   1496156 |     300     1278     3834 |     3467     2071     14 |  0.001 % |
|   2244338 |     300     1278     3834 |     3814     3387     15 |  0.001 % |
|   3366612 |     300     1278     3834 |     4195     2759     14 |  0.001 % |
|   5050023 |     300     1278     3834 |     4615     2218     14 |  0.006 % |
===============================================================================
restarts              : 8191
conflicts             : 5310001        (72213 /sec)
decisions             : 6443430        (0.00 % random) (87628 /sec)
propagations          : 263773755      (3587197 /sec)
conflict literals     : 82008693       (22.54 % deleted)
Memory used           : 6.00 MB
CPU time              : 73.532 s

UNSATISFIABLE
