WARNING: for repeatability, setting FPU to use double precision
============================[ Problem Statistics ]=============================
|                                                                             |
|  Number of variables:           300                                         |
|  Number of clauses:            1278                                         |
|  Parse time:                   0.00 s                                       |
|                                                                             |
============================[ Search Statistics ]==============================
| Conflicts |          ORIGINAL         |          LEARNT          | Progress |
|           |    Vars  Clauses Literals |    Limit  Clauses Lit/Cl |          |
===============================================================================
|       100 |     300     1278     3834 |      468      100     18 |  0.001 % |
|       250 |     300     1278     3834 |      515      250     17 |  0.001 % |
|       475 |     300     1278     3834 |      567      475     16 |  0.001 % |
|       812 |     300     1278     3834 |      623      510     15 |  0.001 % |
|      1318 |     300     1278     3834 |      686      371     14 |  0.001 % |
|      2077 |     300     1278     3834 |      754      426     12 |  0.001 % |
|      3216 |     300     1278     3834 |      830      791     15 |  0.001 % |
|      4924 |     300     1278     3834 |      913      791     13 |  0.001 % |
|      7486 |     300     1278     3834 |     1004      525     12 |  0.001 % |
|     11330 |     300     1278     3834 |     1104      769     12 |  0.001 % |
|     17096 |     300     1278     3834 |     1215      885     14 |  0.001 % |
|     25745 |     300     1278     3834 |     1336      860     12 |  0.001 % |
|     38719 |     300     1278     3834 |     1470      893     13 |  0.001 % |
|     58180 |     300     1278     3834 |     1617      917     13 |  0.001 % |
|     87372 |     300     1278     3834 |     1779     1356     14 |  0.001 % |
|    131161 |     300     1278     3834 |     1957      935     12 |  0.001 % |
|    196845 |     300     1278     3834 |     2153     1179     12 |  0.001 % |
|    295371 |     300     1278     3834 |     2368     1623     13 |  0.001 % |
|    443160 |     300     1278     3834 |     2605     1908     14 |  0.001 % |
|    664843 |     300     1278     3834 |     2865     2366     13 |  0.001 % |
|    997368 |     300     1278     3834 |     3152     1866     13 |  0.001 % |
|   1496156 |     300     1278     3834 |     3467     2679     15 |  0.001 % |
|   2244338 |     300     1278     3834 |     3814     2561     14 |  0.001 % |
|   3366612 |     300     1278     3834 |     4195     2284     13 |  0.001 % |
|   5050023 |     300     1278     3834 |     4615     3834     13 |  0.003 % |
===============================================================================
restarts              : 8191
conflicts             : 5305930        (72688 /sec)
decisions             : 6414423        (0.00 % random) (87874 /sec)
propagations          : 263008331      (3603051 /sec)
conflict literals     : 79253055       (23.39 % deleted)
Memory used           : 6.00 MB
CPU time              : 72.996 s

UNSATISFIABLE
