WARNING: for repeatability, setting FPU to use double precision
============================[ Problem Statistics ]=============================
|                                                                             |
|  Number of variables:           300                                         |
|  Number of clauses:            1278                                         |
|  Parse time:                   0.00 s                                       |
|                                                                             |
============================[ Search Statistics ]==============================
| Conflicts |          ORIGINAL         |          LEARNT          | Progress |
|           |    Vars  Clauses Literals |    Limit  Clauses Lit/Cl |          |
===============================================================================
|       100 |     300     1278     3834 |      468      100     15 |  0.001 % |
|       250 |     300     1278     3834 |      515      250     17 |  0.001 % |
|       475 |     300     1278     3834 |      567      475     17 |  0.001 % |
|       812 |     300     1278     3834 |      623      516     15 |  0.001 % |
|      1318 |     300     1278     3834 |      686      370     13 |  0.001 % |
|      2077 |     300     1278     3834 |      754      416     13 |  0.001 % |
|      3216 |     300     1278     3834 |      830      387     12 |  0.001 % |
|      4924 |     300     1278     3834 |      913      809     14 |  0.001 % |
|      7486 |     300     1278     3834 |     1004      525     13 |  0.001 % |
|     11330 |     300     1278     3834 |     1104      772     13 |  0.001 % |
|     17096 |     300     1278     3834 |     1215      875     13 |  0.001 % |
|     25745 |     300     1278     3834 |     1336      835     13 |  0.001 % |
|     38719 |     300     1278     3834 |     1470      836     14 |  0.001 % |
|     58180 |     300     1278     3834 |     1617      803     13 |  0.001 % |
|     87372 |     300     1278     3834 |     1779     1174     14 |  0.001 % |
|    131161 |     300     1278     3834 |     1957     1623     15 |  0.001 % |
|    196845 |     300     1278     3834 |     2153     1753     15 |  0.001 % |
|    295371 |     300     1278     3834 |     2368     2099     15 |  0.001 % |
|    443160 |     300     1278     3834 |     2605     2121     15 |  0.001 % |
|    664843 |     300     1278     3834 |     2865     2322     15 |  0.001 % |
|    997368 |     300     1278     3834 |     3152     1582     13 |  0.001 % |
|   1496156 |     300     1278     3834 |     3467     1988     14 |  0.001 % |
|   2244338 |     300     1278     3834 |     3814     3125     15 |  0.001 % |
|   3366612 |     300     1278     3834 |     4195     2280     14 |  0.001 % |
|   5050023 |     299     1266     3798 |     4615     3281     12 |  0.337 % |
===============================================================================
restarts              : 8191
conflicts             : 5261544        (70023 /sec)
decisions             : 6394276        (0.00 % random) (85098 /sec)
propagations          : 266701338      (3549392 /sec)
conflict literals     : 81629215       (23.32 % deleted)
Memory used           : 7.00 MB
CPU time              : 75.14 s

UNSATISFIABLE
