WARNING: for repeatability, setting FPU to use double precision
============================[ Problem Statistics ]=============================
|                                                                             |
|  Number of variables:           300                                         |
|  Number of clauses:            1278                                         |
|  Parse time:                   0.00 s                                       |
|                                                                             |
============================[ Search Statistics ]==============================
| Conflicts |          ORIGINAL         |          LEARNT          | Progress |
|           |    Vars  Clauses Literals |    Limit  Clauses Lit/Cl |          |
===============================================================================
|       100 |     300     1278     3834 |      468      100     18 |  0.001 % |
|       250 |     300     1278     3834 |      515      250     17 |  0.001 % |
|       475 |     300     1278     3834 |      567      475     17 |  0.001 % |
|       812 |     300     1278     3834 |      623      517     15 |  0.001 % |
|      1318 |     300     1278     3834 |      686      372     13 |  0.001 % |
|      2077 |     300     1278     3834 |      754      422     12 |  0.001 % |
|      3216 |     300     1278     3834 |      830      390     12 |  0.001 % |
|      4924 |     300     1278     3834 |      913      809     14 |  0.001 % |
|      7486 |     300     1278     3834 |     1004      562     11 |  0.001 % |
|     11330 |     300     1278     3834 |     1104      799     13 |  0.001 % |
|     17096 |     300     1278     3834 |     1215      880     13 |  0.001 % |
|     25745 |     300     1278     3834 |     1336      851     13 |  0.001 % |
|     38719 |     300     1278     3834 |     1470      912     11 |  0.001 % |
|     58180 |     300     1278     3834 |     1617      929     13 |  0.001 % |
|     87372 |     300     1278     3834 |     1779     1310     14 |  0.001 % |
|    131161 |     300     1278     3834 |     1957     1790     15 |  0.001 % |
|    196845 |     300     1278     3834 |     2153     1088     13 |  0.001 % |
|    295371 |     300     1278     3834 |     2368     1497     14 |  0.001 % |
|    443160 |     300     1278     3834 |     2605     1744     14 |  0.001 % |
|    664843 |     300     1278     3834 |     2865     1954     14 |  0.001 % |
|    997368 |     300     1278     3834 |     3152     1492     13 |  0.001 % |
|   1496156 |     300     1278     3834 |     3467     2178     14 |  0.001 % |
|   2244338 |     300     1278     3834 |     3814     3229     14 |  0.001 % |
|   3366612 |     300     1278     3834 |     4195     2617     14 |  0.001 % |
|   5050023 |     300     1278     3834 |     4615     3798     14 |  0.002 % |
|   7575139 |     297     1240     3720 |     5077     2701     11 |  1.004 % |
===============================================================================
restarts              : 12286
conflicts             : 7662475        (70432 /sec)
decisions             : 9292997        (0.00 % random) (85420 /sec)
propagations          : 384437315      (3533691 /sec)
conflict literals     : 116550832      (23.28 % deleted)
Memory used           : 7.00 MB
CPU time              : 108.792 s

UNSATISFIABLE
