WARNING: for repeatability, setting FPU to use double precision
============================[ Problem Statistics ]=============================
|                                                                             |
|  Number of variables:           300                                         |
|  Number of clauses:            1278                                         |
|  Parse time:                   0.00 s                                       |
|                                                                             |
============================[ Search Statistics ]==============================
| Conflicts |          ORIGINAL         |          LEARNT          | Progress |
|           |    Vars  Clauses Literals |    Limit  Clauses Lit/Cl |          |
===============================================================================
|       100 |     300     1278     3834 |      468      100     20 |  0.001 % |
|       250 |     300     1278     3834 |      515      250     19 |  0.001 % |
|       475 |     300     1278     3834 |      567      475     17 |  0.001 % |
|       812 |     300     1278     3834 |      623      518     14 |  0.001 % |
|      1318 |     300     1278     3834 |      686      363     13 |  0.001 % |
|      2077 |     300     1278     3834 |      754      414     12 |  0.001 % |
|      3216 |     300     1278     3834 |      830      768     13 |  0.001 % |
|      4924 |     300     1278     3834 |      913      756     12 |  0.001 % |
|      7486 |     300     1278     3834 |     1004      505     11 |  0.001 % |
|     11330 |     300     1278     3834 |     1104      733     13 |  0.001 % |
|     17096 |     300     1278     3834 |     1215      844     12 |  0.001 % |
|     25745 |     300     1278     3834 |     1336      787     14 |  0.001 % |
|     38719 |     300     1278     3834 |     1470      792     14 |  0.001 % |
|     58180 |     300     1278     3834 |     1617      789     12 |  0.001 % |
|     87372 |     300     1278     3834 |     1779     1212     14 |  0.001 % |
|    131161 |     300     1278     3834 |     1957     1684     15 |  0.001 % |
|    196845 |     300     1278     3834 |     2153     1931     14 |  0.001 % |
|    295371 |     300     1278     3834 |     2368     1176     14 |  0.001 % |
|    443160 |     300     1278     3834 |     2605     1324     13 |  0.001 % |
|    664843 |     300     1278     3834 |     2865     1631     14 |  0.001 % |
|    997368 |     300     1278     3834 |     3152     2485     13 |  0.001 % |
|   1496156 |     300     1278     3834 |     3467     3107     15 |  0.001 % |
|   2244338 |     300     1278     3834 |     3814     2808     14 |  0.001 % |
|   3366612 |     300     1278     3834 |     4195     2145     14 |  0.001 % |
|   5050023 |     300     1278     3834 |     4615     3457     14 |  0.001 % |
|   7575139 |     300     1278     3834 |     5077     3125     14 |  0.001 % |
===============================================================================
restarts              : 16382
conflicts             : 10502394       (67168 /sec)
decisions             : 12734448       (0.00 % random) (81443 /sec)
propagations          : 532386805      (3404879 /sec)
conflict literals     : 162299689      (22.85 % deleted)
Memory used           : 7.00 MB
CPU time              : 156.36 s

UNSATISFIABLE
