WARNING: for repeatability, setting FPU to use double precision
============================[ Problem Statistics ]=============================
|                                                                             |
|  Number of variables:           300                                         |
|  Number of clauses:            1278                                         |
|  Parse time:                   0.00 s                                       |
|                                                                             |
============================[ Search Statistics ]==============================
| Conflicts |          ORIGINAL         |          LEARNT          | Progress |
|           |    Vars  Clauses Literals |    Limit  Clauses Lit/Cl |          |
===============================================================================
|       100 |     300     1278     3834 |      468      100     16 |  0.001 % |
|       250 |     300     1278     3834 |      515      250     17 |  0.001 % |
|       475 |     300     1278     3834 |      567      475     17 |  0.001 % |
|       812 |     300     1278     3834 |      623      516     16 |  0.001 % |
|      1318 |     300     1278     3834 |      686      365     13 |  0.001 % |
|      2077 |     300     1278     3834 |      754      412     13 |  0.001 % |
|      3216 |     300     1278     3834 |      830      765     15 |  0.001 % |
|      4924 |     300     1278     3834 |      913      758     14 |  0.001 % |
|      7486 |     300     1278     3834 |     1004      507     12 |  0.001 % |
|     11330 |     300     1278     3834 |     1104      738     13 |  0.001 % |
|     17096 |     300     1278     3834 |     1215      844     14 |  0.001 % |
|     25745 |     300     1278     3834 |     1336      812     13 |  0.001 % |
|     38719 |     300     1278     3834 |     1470      831     13 |  0.001 % |
|     58180 |     300     1278     3834 |     1617      804     13 |  0.001 % |
|     87372 |     300     1278     3834 |     1779     1205     13 |  0.001 % |
|    131161 |     300     1278     3834 |     1957     1648     14 |  0.001 % |
|    196845 |     300     1278     3834 |     2153     1906     15 |  0.001 % |
|    295371 |     300     1278     3834 |     2368     1222     14 |  0.001 % |
|    443160 |     300     1278     3834 |     2605     1334     13 |  0.001 % |
|    664843 |     300     1278     3834 |     2865     1641     14 |  0.001 % |
|    997368 |     300     1278     3834 |     3152     2348     14 |  0.001 % |
|   1496156 |     300     1278     3834 |     3467     2935     15 |  0.001 % |
|   2244338 |     300     1278     3834 |     3814     2333     14 |  0.001 % |
|   3366612 |     300     1278     3834 |     4195     3425     15 |  0.001 % |
|   5050023 |     300     1278     3834 |     4615     2279     13 |  0.002 % |
===============================================================================
restarts              : 9214
conflicts             : 5836709        (72083 /sec)
decisions             : 7060329        (0.00 % random) (87195 /sec)
propagations          : 294276220      (3634296 /sec)
conflict literals     : 90063473       (23.32 % deleted)
Memory used           : 6.00 MB
CPU time              : 80.972 s

UNSATISFIABLE
