WARNING: for repeatability, setting FPU to use double precision
============================[ Problem Statistics ]=============================
|                                                                             |
|  Number of variables:           300                                         |
|  Number of clauses:            1278                                         |
|  Parse time:                   0.00 s                                       |
|                                                                             |
============================[ Search Statistics ]==============================
| Conflicts |          ORIGINAL         |          LEARNT          | Progress |
|           |    Vars  Clauses Literals |    Limit  Clauses Lit/Cl |          |
===============================================================================
|       100 |     300     1278     3834 |      468      100     18 |  0.001 % |
|       250 |     300     1278     3834 |      515      250     17 |  0.001 % |
|       475 |     300     1278     3834 |      567      475     17 |  0.001 % |
|       812 |     300     1278     3834 |      623      514     15 |  0.001 % |
|      1318 |     300     1278     3834 |      686      373     13 |  0.001 % |
|      2077 |     300     1278     3834 |      754      418     13 |  0.001 % |
|      3216 |     300     1278     3834 |      830      786     14 |  0.001 % |
|      4924 |     300     1278     3834 |      913      788     14 |  0.001 % |
|      7486 |     300     1278     3834 |     1004      525     12 |  0.001 % |
|     11330 |     300     1278     3834 |     1104      746     13 |  0.001 % |
|     17096 |     300     1278     3834 |     1215      861     13 |  0.001 % |
|     25745 |     300     1278     3834 |     1336      833     13 |  0.001 % |
|     38719 |     300     1278     3834 |     1470      861     13 |  0.001 % |
|     58180 |     300     1278     3834 |     1617      925     13 |  0.001 % |
|     87372 |     300     1278     3834 |     1779     1371     13 |  0.001 % |
|    131161 |     300     1278     3834 |     1957      920     13 |  0.001 % |
|    196845 |     300     1278     3834 |     2153     1113     13 |  0.001 % |
|    295371 |     300     1278     3834 |     2368     1477     14 |  0.001 % |
|    443160 |     300     1278     3834 |     2605     1747     13 |  0.001 % |
|    664843 |     300     1278     3834 |     2865     2078     15 |  0.001 % |
|    997368 |     300     1278     3834 |     3152     1544     14 |  0.001 % |
|   1496156 |     300     1278     3834 |     3467     2338     14 |  0.001 % |
|   2244338 |     300     1278     3834 |     3814     1814     14 |  0.001 % |
|   3366612 |     300     1278     3834 |     4195     3115     15 |  0.001 % |
|   5050023 |     300     1278     3834 |     4615     2442     12 |  0.001 % |
===============================================================================
restarts              : 12284
conflicts             : 7448964        (70638 /sec)
decisions             : 9007438        (0.00 % random) (85417 /sec)
propagations          : 364671504      (3458175 /sec)
conflict literals     : 112685992      (22.85 % deleted)
Memory used           : 7.00 MB
CPU time              : 105.452 s

UNSATISFIABLE
