WARNING: for repeatability, setting FPU to use double precision
============================[ Problem Statistics ]=============================
|                                                                             |
|  Number of variables:           300                                         |
|  Number of clauses:            1278                                         |
|  Parse time:                   0.00 s                                       |
|                                                                             |
============================[ Search Statistics ]==============================
| Conflicts |          ORIGINAL         |          LEARNT          | Progress |
|           |    Vars  Clauses Literals |    Limit  Clauses Lit/Cl |          |
===============================================================================
|       100 |     300     1278     3834 |      468      100     17 |  0.001 % |
|       250 |     300     1278     3834 |      515      250     17 |  0.001 % |
|       475 |     300     1278     3834 |      567      475     18 |  0.001 % |
|       812 |     300     1278     3834 |      623      511     16 |  0.001 % |
|      1318 |     300     1278     3834 |      686      351     13 |  0.001 % |
|      2077 |     300     1278     3834 |      754      391     12 |  0.001 % |
|      3216 |     300     1278     3834 |      830      740     13 |  0.001 % |
|      4924 |     300     1278     3834 |      913      740     14 |  0.001 % |
|      7486 |     300     1278     3834 |     1004      507     11 |  0.001 % |
|     11330 |     300     1278     3834 |     1104      734     12 |  0.001 % |
|     17096 |     300     1278     3834 |     1215      825     13 |  0.001 % |
|     25745 |     300     1278     3834 |     1336      798     12 |  0.001 % |
|     38719 |     300     1278     3834 |     1470      861     13 |  0.001 % |
|     58180 |     300     1278     3834 |     1617      825     13 |  0.001 % |
|     87372 |     300     1278     3834 |     1779     1242     14 |  0.001 % |
|    131161 |     300     1278     3834 |     1957     1684     14 |  0.001 % |
|    196845 |     300     1278     3834 |     2153     1946     14 |  0.001 % |
|    295371 |     300     1278     3834 |     2368     1229     13 |  0.001 % |
|    443160 |     300     1278     3834 |     2605     1449     13 |  0.001 % |
|    664843 |     300     1278     3834 |     2865     1898     14 |  0.001 % |
|    997368 |     300     1278     3834 |     3152     2669     15 |  0.001 % |
|   1496156 |     300     1278     3834 |     3467     1810     14 |  0.001 % |
|   2244338 |     300     1278     3834 |     3814     2918     15 |  0.002 % |
|   3366612 |     300     1278     3834 |     4195     2407     13 |  0.001 % |
|   5050023 |     300     1278     3834 |     4615     3309     14 |  0.001 % |
===============================================================================
restarts              : 10238
conflicts             : 6383756        (71025 /sec)
decisions             : 7731441        (0.00 % random) (86020 /sec)
propagations          : 326737261      (3635261 /sec)
conflict literals     : 97469106       (22.95 % deleted)
Memory used           : 6.00 MB
CPU time              : 89.88 s

UNSATISFIABLE
