WARNING: for repeatability, setting FPU to use double precision
============================[ Problem Statistics ]=============================
|                                                                             |
|  Number of variables:           300                                         |
|  Number of clauses:            1278                                         |
|  Parse time:                   0.00 s                                       |
|                                                                             |
============================[ Search Statistics ]==============================
| Conflicts |          ORIGINAL         |          LEARNT          | Progress |
|           |    Vars  Clauses Literals |    Limit  Clauses Lit/Cl |          |
===============================================================================
|       100 |     300     1278     3834 |      468      100     15 |  0.001 % |
|       250 |     300     1278     3834 |      515      250     16 |  0.001 % |
|       475 |     300     1278     3834 |      567      475     16 |  0.001 % |
|       812 |     300     1278     3834 |      623      515     15 |  0.001 % |
|      1318 |     300     1278     3834 |      686      364     14 |  0.001 % |
|      2077 |     300     1278     3834 |      754      416     13 |  0.001 % |
|      3216 |     300     1278     3834 |      830      390     12 |  0.001 % |
|      4924 |     300     1278     3834 |      913      825     13 |  0.001 % |
|      7486 |     300     1278     3834 |     1004      586     12 |  0.001 % |
|     11330 |     300     1278     3834 |     1104      818     12 |  0.001 % |
|     17096 |     300     1278     3834 |     1215      951     12 |  0.001 % |
|     25745 |     300     1278     3834 |     1336      928     14 |  0.001 % |
|     38719 |     300     1278     3834 |     1470      954     13 |  0.001 % |
|     58180 |     300     1278     3834 |     1617      954     13 |  0.001 % |
|     87372 |     300     1278     3834 |     1779     1398     14 |  0.001 % |
|    131161 |     300     1278     3834 |     1957      919     12 |  0.001 % |
|    196845 |     300     1278     3834 |     2153     1108     14 |  0.001 % |
|    295371 |     300     1278     3834 |     2368     1485     14 |  0.001 % |
|    443160 |     300     1278     3834 |     2605     1712     14 |  0.001 % |
|    664843 |     300     1278     3834 |     2865     2112     15 |  0.001 % |
|    997368 |     300     1278     3834 |     3152     1831     13 |  0.001 % |
|   1496156 |     300     1278     3834 |     3467     2784     14 |  0.001 % |
|   2244338 |     300     1278     3834 |     3814     2385     13 |  0.001 % |
|   3366612 |     299     1264     3792 |     4195     3494     15 |  0.334 % |
|   5050023 |     298     1254     3762 |     4615     3435     13 |  0.672 % |
===============================================================================
restarts              : 8191
conflicts             : 5255258        (71817 /sec)
decisions             : 6370853        (0.00 % random) (87062 /sec)
propagations          : 262169184      (3582721 /sec)
conflict literals     : 77934630       (22.91 % deleted)
Memory used           : 6.00 MB
CPU time              : 73.176 s

UNSATISFIABLE
