WARNING: for repeatability, setting FPU to use double precision
============================[ Problem Statistics ]=============================
|                                                                             |
|  Number of variables:           300                                         |
|  Number of clauses:            1278                                         |
|  Parse time:                   0.00 s                                       |
|                                                                             |
============================[ Search Statistics ]==============================
| Conflicts |          ORIGINAL         |          LEARNT          | Progress |
|           |    Vars  Clauses Literals |    Limit  Clauses Lit/Cl |          |
===============================================================================
|       100 |     300     1278     3834 |      468      100     19 |  0.001 % |
|       250 |     300     1278     3834 |      515      250     17 |  0.001 % |
|       475 |     300     1278     3834 |      567      475     16 |  0.001 % |
|       812 |     300     1278     3834 |      623      516     15 |  0.001 % |
|      1318 |     300     1278     3834 |      686      372     12 |  0.001 % |
|      2077 |     300     1278     3834 |      754      420     13 |  0.001 % |
|      3216 |     300     1278     3834 |      830      391     12 |  0.001 % |
|      4924 |     300     1278     3834 |      913      824     13 |  0.001 % |
|      7486 |     300     1278     3834 |     1004      585     12 |  0.001 % |
|     11330 |     300     1278     3834 |     1104      847     13 |  0.001 % |
|     17096 |     300     1278     3834 |     1215      982     13 |  0.001 % |
|     25745 |     300     1278     3834 |     1336      946     13 |  0.001 % |
|     38719 |     300     1278     3834 |     1470      957     12 |  0.001 % |
|     58180 |     300     1278     3834 |     1617      975     13 |  0.001 % |
|     87372 |     300     1278     3834 |     1779     1427     13 |  0.001 % |
|    131161 |     300     1278     3834 |     1957      984     12 |  0.001 % |
|    196845 |     300     1278     3834 |     2153     1246     12 |  0.001 % |
|    295371 |     300     1278     3834 |     2368     1697     14 |  0.001 % |
|    443160 |     300     1278     3834 |     2605     2017     15 |  0.001 % |
|    664843 |     300     1278     3834 |     2865     2432     14 |  0.001 % |
|    997368 |     300     1278     3834 |     3152     1843     13 |  0.001 % |
|   1496156 |     300     1278     3834 |     3467     2728     13 |  0.001 % |
|   2244338 |     300     1278     3834 |     3814     2472     13 |  0.001 % |
|   3366612 |     300     1278     3834 |     4195     2197     14 |  0.001 % |
|   5050023 |     300     1278     3834 |     4615     4016     14 |  0.001 % |
===============================================================================
restarts              : 8248
conflicts             : 5344055        (72077 /sec)
decisions             : 6473210        (0.00 % random) (87306 /sec)
propagations          : 258888770      (3491702 /sec)
conflict literals     : 80147140       (22.21 % deleted)
Memory used           : 6.00 MB
CPU time              : 74.144 s

UNSATISFIABLE
