WARNING: for repeatability, setting FPU to use double precision
============================[ Problem Statistics ]=============================
|                                                                             |
|  Number of variables:           300                                         |
|  Number of clauses:            1278                                         |
|  Parse time:                   0.00 s                                       |
|                                                                             |
============================[ Search Statistics ]==============================
| Conflicts |          ORIGINAL         |          LEARNT          | Progress |
|           |    Vars  Clauses Literals |    Limit  Clauses Lit/Cl |          |
===============================================================================
|       100 |     300     1278     3834 |      468      100     16 |  0.001 % |
|       250 |     300     1278     3834 |      515      250     16 |  0.001 % |
|       475 |     300     1278     3834 |      567      475     16 |  0.001 % |
|       812 |     300     1278     3834 |      623      516     14 |  0.001 % |
|      1318 |     300     1278     3834 |      686      356     13 |  0.001 % |
|      2077 |     300     1278     3834 |      754      414     13 |  0.001 % |
|      3216 |     300     1278     3834 |      830      389     12 |  0.001 % |
|      4924 |     300     1278     3834 |      913      803     13 |  0.001 % |
|      7486 |     300     1278     3834 |     1004      543     13 |  0.001 % |
|     11330 |     300     1278     3834 |     1104      789     14 |  0.001 % |
|     17096 |     300     1278     3834 |     1215      905     14 |  0.001 % |
|     25745 |     300     1278     3834 |     1336      873     13 |  0.001 % |
|     38719 |     300     1278     3834 |     1470      887     12 |  0.001 % |
|     58180 |     300     1278     3834 |     1617      908     13 |  0.001 % |
|     87372 |     300     1278     3834 |     1779     1320     13 |  0.001 % |
|    131161 |     300     1278     3834 |     1957     1789     15 |  0.001 % |
|    196845 |     300     1278     3834 |     2153     1982     14 |  0.001 % |
|    295371 |     300     1278     3834 |     2368     1263     15 |  0.001 % |
|    443160 |     300     1278     3834 |     2605     1570     13 |  0.001 % |
|    664843 |     300     1278     3834 |     2865     1859     14 |  0.001 % |
|    997368 |     300     1278     3834 |     3152     2604     14 |  0.001 % |
|   1496156 |     300     1278     3834 |     3467     3115     15 |  0.001 % |
|   2244338 |     300     1278     3834 |     3814     2325     13 |  0.001 % |
|   3366612 |     300     1278     3834 |     4195     3473     16 |  0.001 % |
|   5050023 |     300     1278     3834 |     4615     2307     15 |  0.001 % |
|   7575139 |     300     1278     3834 |     5077     4033     16 |  0.001 % |
|  11362814 |     297     1244     3732 |     5584     5080     13 |  1.003 % |
===============================================================================
restarts              : 16461
conflicts             : 11503376       (68100 /sec)
decisions             : 13949105       (0.00 % random) (82578 /sec)
propagations          : 578003846      (3421761 /sec)
conflict literals     : 181104943      (22.46 % deleted)
Memory used           : 8.00 MB
CPU time              : 168.92 s

UNSATISFIABLE
