WARNING: for repeatability, setting FPU to use double precision
============================[ Problem Statistics ]=============================
|                                                                             |
|  Number of variables:           300                                         |
|  Number of clauses:            1278                                         |
|  Parse time:                   0.00 s                                       |
|                                                                             |
============================[ Search Statistics ]==============================
| Conflicts |          ORIGINAL         |          LEARNT          | Progress |
|           |    Vars  Clauses Literals |    Limit  Clauses Lit/Cl |          |
===============================================================================
|       100 |     300     1278     3834 |      468      100     17 |  0.001 % |
|       250 |     300     1278     3834 |      515      250     17 |  0.001 % |
|       475 |     300     1278     3834 |      567      475     17 |  0.001 % |
|       812 |     300     1278     3834 |      623      512     16 |  0.001 % |
|      1318 |     300     1278     3834 |      686      372     14 |  0.001 % |
|      2077 |     300     1278     3834 |      754      422     12 |  0.001 % |
|      3216 |     300     1278     3834 |      830      392     12 |  0.001 % |
|      4924 |     300     1278     3834 |      913      796     14 |  0.001 % |
|      7486 |     300     1278     3834 |     1004      517     12 |  0.001 % |
|     11330 |     300     1278     3834 |     1104      757     13 |  0.001 % |
|     17096 |     300     1278     3834 |     1215      853     14 |  0.001 % |
|     25745 |     300     1278     3834 |     1336      831     14 |  0.001 % |
|     38719 |     300     1278     3834 |     1470      853     13 |  0.001 % |
|     58180 |     300     1278     3834 |     1617      894     12 |  0.001 % |
|     87372 |     300     1278     3834 |     1779     1305     14 |  0.001 % |
|    131161 |     300     1278     3834 |     1957     1773     13 |  0.001 % |
|    196845 |     300     1278     3834 |     2153     1968     14 |  0.001 % |
|    295371 |     300     1278     3834 |     2368     1152     14 |  0.001 % |
|    443160 |     300     1278     3834 |     2605     1261     13 |  0.001 % |
|    664843 |     300     1278     3834 |     2865     1368     14 |  0.001 % |
|    997368 |     300     1278     3834 |     3152     2126     14 |  0.001 % |
|   1496156 |     300     1278     3834 |     3467     2730     13 |  0.001 % |
|   2244338 |     300     1278     3834 |     3814     2333     13 |  0.001 % |
|   3366612 |     300     1278     3834 |     4195     3302     14 |  0.001 % |
|   5050023 |     300     1278     3834 |     4615     2397     13 |  0.001 % |
===============================================================================
restarts              : 11035
conflicts             : 6800271        (71395 /sec)
decisions             : 8251507        (0.00 % random) (86632 /sec)
propagations          : 345744631      (3629941 /sec)
conflict literals     : 104226348      (23.81 % deleted)
Memory used           : 6.00 MB
CPU time              : 95.248 s

UNSATISFIABLE
