WARNING: for repeatability, setting FPU to use double precision
============================[ Problem Statistics ]=============================
|                                                                             |
|  Number of variables:           300                                         |
|  Number of clauses:            1278                                         |
|  Parse time:                   0.00 s                                       |
|                                                                             |
============================[ Search Statistics ]==============================
| Conflicts |          ORIGINAL         |          LEARNT          | Progress |
|           |    Vars  Clauses Literals |    Limit  Clauses Lit/Cl |          |
===============================================================================
|       100 |     300     1278     3834 |      468      100     20 |  0.001 % |
|       250 |     300     1278     3834 |      515      250     18 |  0.001 % |
|       475 |     300     1278     3834 |      567      475     16 |  0.001 % |
|       812 |     300     1278     3834 |      623      519     15 |  0.001 % |
|      1318 |     300     1278     3834 |      686      379     13 |  0.001 % |
|      2077 |     300     1278     3834 |      754      425     12 |  0.001 % |
|      3216 |     300     1278     3834 |      830      401     12 |  0.001 % |
|      4924 |     300     1278     3834 |      913      831     13 |  0.001 % |
|      7486 |     300     1278     3834 |     1004      583     12 |  0.001 % |
|     11330 |     300     1278     3834 |     1104      819     12 |  0.001 % |
|     17096 |     300     1278     3834 |     1215      948     12 |  0.001 % |
|     25745 |     300     1278     3834 |     1336      924     15 |  0.001 % |
|     38719 |     300     1278     3834 |     1470      966     11 |  0.001 % |
|     58180 |     300     1278     3834 |     1617     1019     13 |  0.001 % |
|     87372 |     300     1278     3834 |     1779     1456     12 |  0.001 % |
|    131161 |     300     1278     3834 |     1957     1112     12 |  0.001 % |
|    196845 |     300     1278     3834 |     2153     1367     14 |  0.001 % |
|    295371 |     300     1278     3834 |     2368     1810     15 |  0.001 % |
|    443160 |     300     1278     3834 |     2605     2028     14 |  0.001 % |
|    664843 |     300     1278     3834 |     2865     2442     15 |  0.001 % |
|    997368 |     300     1278     3834 |     3152     2010     13 |  0.001 % |
|   1496156 |     300     1278     3834 |     3467     2904     15 |  0.001 % |
|   2244338 |     300     1278     3834 |     3814     2770     13 |  0.001 % |
|   3366612 |     299     1262     3786 |     4195     3820     13 |  0.334 % |
|   5050023 |     290     1189     3567 |     4615     2699     10 |  3.337 % |
===============================================================================
restarts              : 8191
conflicts             : 5054457        (71186 /sec)
decisions             : 6107466        (0.00 % random) (86016 /sec)
propagations          : 255674557      (3600847 /sec)
conflict literals     : 74943261       (23.60 % deleted)
Memory used           : 6.00 MB
CPU time              : 71.004 s

UNSATISFIABLE
