WARNING: for repeatability, setting FPU to use double precision
============================[ Problem Statistics ]=============================
|                                                                             |
|  Number of variables:           300                                         |
|  Number of clauses:            1278                                         |
|  Parse time:                   0.00 s                                       |
|                                                                             |
============================[ Search Statistics ]==============================
| Conflicts |          ORIGINAL         |          LEARNT          | Progress |
|           |    Vars  Clauses Literals |    Limit  Clauses Lit/Cl |          |
===============================================================================
|       100 |     300     1278     3834 |      468      100     20 |  0.001 % |
|       250 |     300     1278     3834 |      515      250     17 |  0.001 % |
|       475 |     300     1278     3834 |      567      475     16 |  0.001 % |
|       812 |     300     1278     3834 |      623      510     14 |  0.001 % |
|      1318 |     300     1278     3834 |      686      361     13 |  0.001 % |
|      2077 |     300     1278     3834 |      754      412     12 |  0.001 % |
|      3216 |     300     1278     3834 |      830      390     11 |  0.001 % |
|      4924 |     300     1278     3834 |      913      821     14 |  0.001 % |
|      7486 |     300     1278     3834 |     1004      579     12 |  0.001 % |
|     11330 |     300     1278     3834 |     1104      832     12 |  0.001 % |
|     17096 |     300     1278     3834 |     1215      942     13 |  0.001 % |
|     25745 |     300     1278     3834 |     1336      920     13 |  0.001 % |
|     38719 |     300     1278     3834 |     1470      985     12 |  0.001 % |
|     58180 |     300     1278     3834 |     1617     1005     13 |  0.001 % |
|     87372 |     300     1278     3834 |     1779     1500     13 |  0.001 % |
|    131161 |     300     1278     3834 |     1957     1075     13 |  0.001 % |
|    196845 |     300     1278     3834 |     2153     1322     13 |  0.001 % |
|    295371 |     300     1278     3834 |     2368     1705     14 |  0.001 % |
|    443160 |     300     1278     3834 |     2605     1927     15 |  0.001 % |
|    664843 |     300     1278     3834 |     2865     2216     14 |  0.001 % |
|    997368 |     300     1278     3834 |     3152     1716     11 |  0.001 % |
|   1496156 |     300     1278     3834 |     3467     2339     14 |  0.001 % |
|   2244338 |     300     1278     3834 |     3814     2058     13 |  0.001 % |
|   3366612 |     300     1278     3834 |     4195     3266     15 |  0.001 % |
|   5050023 |     300     1278     3834 |     4615     2616     12 |  0.001 % |
|   7575139 |     300     1278     3834 |     5077     2431     12 |  0.003 % |
===============================================================================
restarts              : 14333
conflicts             : 8864940        (70114 /sec)
decisions             : 10755312       (0.00 % random) (85065 /sec)
propagations          : 440237494      (3481900 /sec)
conflict literals     : 132723002      (23.18 % deleted)
Memory used           : 7.00 MB
CPU time              : 126.436 s

UNSATISFIABLE
