WARNING: for repeatability, setting FPU to use double precision
============================[ Problem Statistics ]=============================
|                                                                             |
|  Number of variables:           300                                         |
|  Number of clauses:            1278                                         |
|  Parse time:                   0.00 s                                       |
|                                                                             |
============================[ Search Statistics ]==============================
| Conflicts |          ORIGINAL         |          LEARNT          | Progress |
|           |    Vars  Clauses Literals |    Limit  Clauses Lit/Cl |          |
===============================================================================
|       100 |     300     1278     3834 |      468      100     16 |  0.001 % |
|       250 |     300     1278     3834 |      515      250     15 |  0.001 % |
|       475 |     300     1278     3834 |      567      475     15 |  0.001 % |
|       812 |     300     1278     3834 |      623      511     14 |  0.001 % |
|      1318 |     300     1278     3834 |      686      373     13 |  0.001 % |
|      2077 |     300     1278     3834 |      754      425     13 |  0.001 % |
|      3216 |     300     1278     3834 |      830      396     13 |  0.001 % |
|      4924 |     300     1278     3834 |      913      814     13 |  0.001 % |
|      7486 |     300     1278     3834 |     1004      550     12 |  0.001 % |
|     11330 |     300     1278     3834 |     1104      791     13 |  0.001 % |
|     17096 |     300     1278     3834 |     1215      906     12 |  0.001 % |
|     25745 |     300     1278     3834 |     1336      881     13 |  0.001 % |
|     38719 |     300     1278     3834 |     1470      927     13 |  0.001 % |
|     58180 |     300     1278     3834 |     1617      925     12 |  0.001 % |
|     87372 |     300     1278     3834 |     1779     1388     12 |  0.001 % |
|    131161 |     300     1278     3834 |     1957      929     13 |  0.001 % |
|    196845 |     300     1278     3834 |     2153     1189     13 |  0.001 % |
|    295371 |     300     1278     3834 |     2368     1580     14 |  0.001 % |
|    443160 |     300     1278     3834 |     2605     1828     14 |  0.001 % |
|    664843 |     300     1278     3834 |     2865     2205     14 |  0.001 % |
|    997368 |     300     1278     3834 |     3152     1762     13 |  0.001 % |
|   1496156 |     300     1278     3834 |     3467     2381     14 |  0.001 % |
|   2244338 |     300     1278     3834 |     3814     1952     14 |  0.001 % |
|   3366612 |     300     1278     3834 |     4195     3321     14 |  0.001 % |
|   5050023 |     300     1278     3834 |     4615     2500     13 |  0.001 % |
===============================================================================
restarts              : 8702
conflicts             : 5553449        (71951 /sec)
decisions             : 6715711        (0.00 % random) (87009 /sec)
propagations          : 278677893      (3610566 /sec)
conflict literals     : 84549914       (23.13 % deleted)
Memory used           : 6.00 MB
CPU time              : 77.184 s

UNSATISFIABLE
