WARNING: for repeatability, setting FPU to use double precision
============================[ Problem Statistics ]=============================
|                                                                             |
|  Number of variables:           300                                         |
|  Number of clauses:            1278                                         |
|  Parse time:                   0.00 s                                       |
|                                                                             |
============================[ Search Statistics ]==============================
| Conflicts |          ORIGINAL         |          LEARNT          | Progress |
|           |    Vars  Clauses Literals |    Limit  Clauses Lit/Cl |          |
===============================================================================
|       100 |     300     1278     3834 |      468      100     16 |  0.001 % |
|       250 |     300     1278     3834 |      515      250     16 |  0.001 % |
|       475 |     300     1278     3834 |      567      475     15 |  0.001 % |
|       812 |     300     1278     3834 |      623      516     14 |  0.001 % |
|      1318 |     300     1278     3834 |      686      370     13 |  0.001 % |
|      2077 |     300     1278     3834 |      754      418     14 |  0.001 % |
|      3216 |     300     1278     3834 |      830      392     12 |  0.001 % |
|      4924 |     300     1278     3834 |      913      808     13 |  0.001 % |
|      7486 |     300     1278     3834 |     1004      537     12 |  0.001 % |
|     11330 |     300     1278     3834 |     1104      778     13 |  0.001 % |
|     17096 |     300     1278     3834 |     1215      862     14 |  0.001 % |
|     25745 |     300     1278     3834 |     1336      859     13 |  0.001 % |
|     38719 |     300     1278     3834 |     1470      903     13 |  0.001 % |
|     58180 |     300     1278     3834 |     1617      928     14 |  0.001 % |
|     87372 |     300     1278     3834 |     1779     1405     13 |  0.001 % |
|    131161 |     300     1278     3834 |     1957      957     12 |  0.001 % |
|    196845 |     300     1278     3834 |     2153     1257     13 |  0.001 % |
|    295371 |     300     1278     3834 |     2368     1691     13 |  0.001 % |
|    443160 |     300     1278     3834 |     2605     2133     13 |  0.001 % |
|    664843 |     300     1278     3834 |     2865     2584     14 |  0.001 % |
|    997368 |     300     1278     3834 |     3152     2223     13 |  0.001 % |
|   1496156 |     300     1278     3834 |     3467     3018     14 |  0.001 % |
|   2244338 |     300     1278     3834 |     3814     2826     12 |  0.001 % |
|   3366612 |     300     1278     3834 |     4195     2720     14 |  0.001 % |
|   5050023 |     299     1262     3786 |     4615     2875     12 |  0.339 % |
===============================================================================
restarts              : 8191
conflicts             : 5302777        (72736 /sec)
decisions             : 6413041        (0.00 % random) (87966 /sec)
propagations          : 265752824      (3645243 /sec)
conflict literals     : 78607464       (23.05 % deleted)
Memory used           : 6.00 MB
CPU time              : 72.904 s

UNSATISFIABLE
