WARNING: for repeatability, setting FPU to use double precision
============================[ Problem Statistics ]=============================
|                                                                             |
|  Number of variables:           300                                         |
|  Number of clauses:            1278                                         |
|  Parse time:                   0.00 s                                       |
|                                                                             |
============================[ Search Statistics ]==============================
| Conflicts |          ORIGINAL         |          LEARNT          | Progress |
|           |    Vars  Clauses Literals |    Limit  Clauses Lit/Cl |          |
===============================================================================
|       100 |     300     1278     3834 |      468      100     16 |  0.001 % |
|       250 |     300     1278     3834 |      515      250     16 |  0.001 % |
|       475 |     300     1278     3834 |      567      475     17 |  0.001 % |
|       812 |     300     1278     3834 |      623      518     16 |  0.001 % |
|      1318 |     300     1278     3834 |      686      373     14 |  0.001 % |
|      2077 |     300     1278     3834 |      754      424     13 |  0.001 % |
|      3216 |     300     1278     3834 |      830      408     11 |  0.001 % |
|      4924 |     300     1278     3834 |      913      832     14 |  0.001 % |
|      7486 |     300     1278     3834 |     1004      595     12 |  0.001 % |
|     11330 |     300     1278     3834 |     1104      827     13 |  0.001 % |
|     17096 |     300     1278     3834 |     1215      911     14 |  0.001 % |
|     25745 |     300     1278     3834 |     1336      872     13 |  0.001 % |
|     38719 |     300     1278     3834 |     1470      913     13 |  0.001 % |
|     58180 |     300     1278     3834 |     1617      945     14 |  0.001 % |
|     87372 |     300     1278     3834 |     1779     1383     14 |  0.001 % |
|    131161 |     300     1278     3834 |     1957      982     13 |  0.001 % |
|    196845 |     300     1278     3834 |     2153     1212     12 |  0.001 % |
|    295371 |     300     1278     3834 |     2368     1680     13 |  0.001 % |
|    443160 |     300     1278     3834 |     2605     1979     14 |  0.001 % |
|    664843 |     300     1278     3834 |     2865     2483     14 |  0.001 % |
|    997368 |     300     1278     3834 |     3152     2087     13 |  0.001 % |
|   1496156 |     300     1278     3834 |     3467     2807     14 |  0.001 % |
|   2244338 |     300     1278     3834 |     3814     2667     13 |  0.001 % |
|   3366612 |     300     1278     3834 |     4195     2465     14 |  0.001 % |
|   5050023 |     300     1278     3834 |     4615     2307     11 |  0.003 % |
===============================================================================
restarts              : 8191
conflicts             : 5228657        (71539 /sec)
decisions             : 6308071        (0.00 % random) (86308 /sec)
propagations          : 260459056      (3563636 /sec)
conflict literals     : 77786986       (23.26 % deleted)
Memory used           : 6.00 MB
CPU time              : 73.088 s

UNSATISFIABLE
