WARNING: for repeatability, setting FPU to use double precision
============================[ Problem Statistics ]=============================
|                                                                             |
|  Number of variables:           300                                         |
|  Number of clauses:            1278                                         |
|  Parse time:                   0.00 s                                       |
|                                                                             |
============================[ Search Statistics ]==============================
| Conflicts |          ORIGINAL         |          LEARNT          | Progress |
|           |    Vars  Clauses Literals |    Limit  Clauses Lit/Cl |          |
===============================================================================
|       100 |     300     1278     3834 |      468      100     19 |  0.001 % |
|       250 |     300     1278     3834 |      515      250     17 |  0.001 % |
|       475 |     300     1278     3834 |      567      475     16 |  0.001 % |
|       812 |     300     1278     3834 |      623      516     14 |  0.001 % |
|      1318 |     300     1278     3834 |      686      371     13 |  0.001 % |
|      2077 |     300     1278     3834 |      754      421     14 |  0.001 % |
|      3216 |     300     1278     3834 |      830      394     11 |  0.001 % |
|      4924 |     300     1278     3834 |      913      826     13 |  0.001 % |
|      7486 |     300     1278     3834 |     1004      592     13 |  0.001 % |
|     11330 |     300     1278     3834 |     1104      837     13 |  0.001 % |
|     17096 |     300     1278     3834 |     1215      953     14 |  0.001 % |
|     25745 |     300     1278     3834 |     1336      905     14 |  0.001 % |
|     38719 |     300     1278     3834 |     1470      945     13 |  0.001 % |
|     58180 |     300     1278     3834 |     1617      940     13 |  0.001 % |
|     87372 |     300     1278     3834 |     1779     1370     13 |  0.001 % |
|    131161 |     300     1278     3834 |     1957     1802     14 |  0.001 % |
|    196845 |     300     1278     3834 |     2153     1065     13 |  0.001 % |
|    295371 |     300     1278     3834 |     2368     1406     14 |  0.001 % |
|    443160 |     300     1278     3834 |     2605     1768     13 |  0.001 % |
|    664843 |     300     1278     3834 |     2865     2078     14 |  0.001 % |
|    997368 |     300     1278     3834 |     3152     1481     13 |  0.001 % |
|   1496156 |     300     1278     3834 |     3467     1972     14 |  0.001 % |
|   2244338 |     300     1278     3834 |     3814     3315     14 |  0.001 % |
|   3366612 |     300     1278     3834 |     4195     2630     15 |  0.001 % |
|   5050023 |     298     1257     3771 |     4615     4204     12 |  0.670 % |
===============================================================================
restarts              : 8191
conflicts             : 5091084        (73148 /sec)
decisions             : 6156157        (0.00 % random) (88451 /sec)
propagations          : 255345974      (3668764 /sec)
conflict literals     : 78071119       (22.83 % deleted)
Memory used           : 6.00 MB
CPU time              : 69.6 s

UNSATISFIABLE
