WARNING: for repeatability, setting FPU to use double precision
============================[ Problem Statistics ]=============================
|                                                                             |
|  Number of variables:           300                                         |
|  Number of clauses:            1278                                         |
|  Parse time:                   0.00 s                                       |
|                                                                             |
============================[ Search Statistics ]==============================
| Conflicts |          ORIGINAL         |          LEARNT          | Progress |
|           |    Vars  Clauses Literals |    Limit  Clauses Lit/Cl |          |
===============================================================================
|       100 |     300     1278     3834 |      468      100     18 |  0.001 % |
|       250 |     300     1278     3834 |      515      250     17 |  0.001 % |
|       475 |     300     1278     3834 |      567      475     17 |  0.001 % |
|       812 |     300     1278     3834 |      623      510     15 |  0.001 % |
|      1318 |     300     1278     3834 |      686      364     15 |  0.001 % |
|      2077 |     300     1278     3834 |      754      417     13 |  0.001 % |
|      3216 |     300     1278     3834 |      830      388     12 |  0.001 % |
|      4924 |     300     1278     3834 |      913      798     14 |  0.001 % |
|      7486 |     300     1278     3834 |     1004      528     12 |  0.001 % |
|     11330 |     300     1278     3834 |     1104      766     13 |  0.001 % |
|     17096 |     300     1278     3834 |     1215      900     13 |  0.001 % |
|     25745 |     300     1278     3834 |     1336      867     13 |  0.001 % |
|     38719 |     300     1278     3834 |     1470      900     13 |  0.001 % |
|     58180 |     300     1278     3834 |     1617      916     13 |  0.001 % |
|     87372 |     300     1278     3834 |     1779     1386     15 |  0.001 % |
|    131161 |     300     1278     3834 |     1957      910     14 |  0.001 % |
|    196845 |     300     1278     3834 |     2153     1144     13 |  0.001 % |
|    295371 |     300     1278     3834 |     2368     1537     15 |  0.001 % |
|    443160 |     300     1278     3834 |     2605     1647     13 |  0.001 % |
|    664843 |     300     1278     3834 |     2865     1836     14 |  0.001 % |
|    997368 |     300     1278     3834 |     3152     2639     14 |  0.001 % |
|   1496156 |     300     1278     3834 |     3467     3143     13 |  0.001 % |
|   2244338 |     300     1278     3834 |     3814     2766     15 |  0.001 % |
|   3366612 |     300     1278     3834 |     4195     2234     14 |  0.001 % |
|   5050023 |     300     1278     3834 |     4615     3406     13 |  0.002 % |
|   7575139 |     298     1258     3774 |     5077     3848     13 |  0.669 % |
===============================================================================
restarts              : 12491
conflicts             : 7858987        (70725 /sec)
decisions             : 9544599        (0.00 % random) (85895 /sec)
propagations          : 396625050      (3569340 /sec)
conflict literals     : 119945277      (23.20 % deleted)
Memory used           : 7.00 MB
CPU time              : 111.12 s

UNSATISFIABLE
