WARNING: for repeatability, setting FPU to use double precision
============================[ Problem Statistics ]=============================
|                                                                             |
|  Number of variables:           300                                         |
|  Number of clauses:            1278                                         |
|  Parse time:                   0.00 s                                       |
|                                                                             |
============================[ Search Statistics ]==============================
| Conflicts |          ORIGINAL         |          LEARNT          | Progress |
|           |    Vars  Clauses Literals |    Limit  Clauses Lit/Cl |          |
===============================================================================
|       100 |     300     1278     3834 |      468      100     13 |  0.001 % |
|       250 |     300     1278     3834 |      515      250     14 |  0.001 % |
|       475 |     300     1278     3834 |      567      475     14 |  0.001 % |
|       812 |     300     1278     3834 |      623      520     14 |  0.001 % |
|      1318 |     300     1278     3834 |      686      365     12 |  0.001 % |
|      2077 |     300     1278     3834 |      754      414     12 |  0.001 % |
|      3216 |     300     1278     3834 |      830      770     14 |  0.001 % |
|      4924 |     300     1278     3834 |      913      768     13 |  0.001 % |
|      7486 |     300     1278     3834 |     1004      498     11 |  0.001 % |
|     11330 |     300     1278     3834 |     1104      739     13 |  0.001 % |
|     17096 |     300     1278     3834 |     1215      856     13 |  0.001 % |
|     25745 |     300     1278     3834 |     1336      842     14 |  0.001 % |
|     38719 |     300     1278     3834 |     1470      888     13 |  0.001 % |
|     58180 |     300     1278     3834 |     1617      912     13 |  0.001 % |
|     87372 |     300     1278     3834 |     1779     1329     14 |  0.001 % |
|    131161 |     300     1278     3834 |     1957      913     13 |  0.001 % |
|    196845 |     300     1278     3834 |     2153     1125     13 |  0.001 % |
|    295371 |     300     1278     3834 |     2368     1468     14 |  0.001 % |
|    443160 |     300     1278     3834 |     2605     1707     13 |  0.001 % |
|    664843 |     300     1278     3834 |     2865     2051     14 |  0.001 % |
|    997368 |     300     1278     3834 |     3152     1597     13 |  0.001 % |
|   1496156 |     300     1278     3834 |     3467     2232     15 |  0.001 % |
|   2244338 |     300     1278     3834 |     3814     2055     12 |  0.001 % |
|   3366612 |     300     1278     3834 |     4195     3619     15 |  0.001 % |
|   5050023 |     300     1278     3834 |     4615     3278     12 |  0.001 % |
===============================================================================
restarts              : 11489
conflicts             : 7044707        (69513 /sec)
decisions             : 8507559        (0.00 % random) (83947 /sec)
propagations          : 351527062      (3468652 /sec)
conflict literals     : 106112892      (22.98 % deleted)
Memory used           : 7.00 MB
CPU time              : 101.344 s

UNSATISFIABLE
