WARNING: for repeatability, setting FPU to use double precision
============================[ Problem Statistics ]=============================
|                                                                             |
|  Number of variables:           300                                         |
|  Number of clauses:            1278                                         |
|  Parse time:                   0.00 s                                       |
|                                                                             |
============================[ Search Statistics ]==============================
| Conflicts |          ORIGINAL         |          LEARNT          | Progress |
|           |    Vars  Clauses Literals |    Limit  Clauses Lit/Cl |          |
===============================================================================
|       100 |     300     1278     3834 |      468      100     15 |  0.001 % |
|       250 |     300     1278     3834 |      515      250     15 |  0.001 % |
|       475 |     300     1278     3834 |      567      475     15 |  0.001 % |
|       812 |     300     1278     3834 |      623      515     14 |  0.001 % |
|      1318 |     300     1278     3834 |      686      370     13 |  0.001 % |
|      2077 |     300     1278     3834 |      754      422     12 |  0.001 % |
|      3216 |     300     1278     3834 |      830      399     11 |  0.001 % |
|      4924 |     300     1278     3834 |      913      833     13 |  0.001 % |
|      7486 |     300     1278     3834 |     1004      595     13 |  0.001 % |
|     11330 |     300     1278     3834 |     1104      851     13 |  0.001 % |
|     17096 |     300     1278     3834 |     1215      985     12 |  0.001 % |
|     25745 |     300     1278     3834 |     1336      934     13 |  0.001 % |
|     38719 |     300     1278     3834 |     1470      955     13 |  0.001 % |
|     58180 |     300     1278     3834 |     1617      913     13 |  0.001 % |
|     87372 |     300     1278     3834 |     1779     1308     14 |  0.001 % |
|    131161 |     300     1278     3834 |     1957     1801     14 |  0.001 % |
|    196845 |     300     1278     3834 |     2153     1964     15 |  0.001 % |
|    295371 |     300     1278     3834 |     2368     1311     13 |  0.001 % |
|    443160 |     300     1278     3834 |     2605     1683     14 |  0.001 % |
|    664843 |     300     1278     3834 |     2865     2003     14 |  0.001 % |
|    997368 |     300     1278     3834 |     3152     1483     12 |  0.001 % |
|   1496156 |     300     1278     3834 |     3467     2090     13 |  0.002 % |
|   2244338 |     300     1278     3834 |     3814     3450     14 |  0.001 % |
|   3366612 |     300     1278     3834 |     4195     2773     14 |  0.001 % |
|   5050023 |     298     1258     3774 |     4615     2743     11 |  0.672 % |
===============================================================================
restarts              : 8191
conflicts             : 5112338        (72809 /sec)
decisions             : 6206030        (0.00 % random) (88385 /sec)
propagations          : 254288766      (3621522 /sec)
conflict literals     : 76536541       (23.63 % deleted)
Memory used           : 6.00 MB
CPU time              : 70.216 s

UNSATISFIABLE
