WARNING: for repeatability, setting FPU to use double precision
============================[ Problem Statistics ]=============================
|                                                                             |
|  Number of variables:           300                                         |
|  Number of clauses:            1278                                         |
|  Parse time:                   0.00 s                                       |
|                                                                             |
============================[ Search Statistics ]==============================
| Conflicts |          ORIGINAL         |          LEARNT          | Progress |
|           |    Vars  Clauses Literals |    Limit  Clauses Lit/Cl |          |
===============================================================================
|       100 |     300     1278     3834 |      468      100     17 |  0.001 % |
|       250 |     300     1278     3834 |      515      250     18 |  0.001 % |
|       475 |     300     1278     3834 |      567      475     17 |  0.001 % |
|       812 |     300     1278     3834 |      623      515     16 |  0.001 % |
|      1318 |     300     1278     3834 |      686      364     14 |  0.001 % |
|      2077 |     300     1278     3834 |      754      418     13 |  0.001 % |
|      3216 |     300     1278     3834 |      830      399     12 |  0.001 % |
|      4924 |     300     1278     3834 |      913      824     13 |  0.001 % |
|      7486 |     300     1278     3834 |     1004      582     12 |  0.001 % |
|     11330 |     300     1278     3834 |     1104      805     13 |  0.001 % |
|     17096 |     300     1278     3834 |     1215      924     13 |  0.001 % |
|     25745 |     300     1278     3834 |     1336      885     13 |  0.001 % |
|     38719 |     300     1278     3834 |     1470      891     14 |  0.001 % |
|     58180 |     300     1278     3834 |     1617      883     14 |  0.001 % |
|     87372 |     300     1278     3834 |     1779     1298     15 |  0.001 % |
|    131161 |     300     1278     3834 |     1957     1777     14 |  0.001 % |
|    196845 |     300     1278     3834 |     2153     1929     14 |  0.001 % |
|    295371 |     300     1278     3834 |     2368     1164     14 |  0.001 % |
|    443160 |     300     1278     3834 |     2605     1382     12 |  0.001 % |
|    664843 |     300     1278     3834 |     2865     1871     14 |  0.001 % |
|    997368 |     300     1278     3834 |     3152     2795     15 |  0.001 % |
|   1496156 |     300     1278     3834 |     3467     1723     14 |  0.001 % |
|   2244338 |     300     1278     3834 |     3814     2706     15 |  0.001 % |
|   3366612 |     300     1278     3834 |     4195     1959     14 |  0.001 % |
|   5050023 |     300     1278     3834 |     4615     3205     15 |  0.001 % |
|   7575139 |     300     1278     3834 |     5077     3061     15 |  0.001 % |
===============================================================================
restarts              : 16383
conflicts             : 10791401       (67576 /sec)
decisions             : 13048543       (0.00 % random) (81711 /sec)
propagations          : 543192935      (3401504 /sec)
conflict literals     : 168557069      (22.28 % deleted)
Memory used           : 8.00 MB
CPU time              : 159.692 s

UNSATISFIABLE
