WARNING: for repeatability, setting FPU to use double precision
============================[ Problem Statistics ]=============================
|                                                                             |
|  Number of variables:           300                                         |
|  Number of clauses:            1278                                         |
|  Parse time:                   0.00 s                                       |
|                                                                             |
============================[ Search Statistics ]==============================
| Conflicts |          ORIGINAL         |          LEARNT          | Progress |
|           |    Vars  Clauses Literals |    Limit  Clauses Lit/Cl |          |
===============================================================================
|       100 |     300     1278     3834 |      468      100     17 |  0.001 % |
|       250 |     300     1278     3834 |      515      250     16 |  0.001 % |
|       475 |     300     1278     3834 |      567      475     16 |  0.001 % |
|       812 |     300     1278     3834 |      623      512     14 |  0.001 % |
|      1318 |     300     1278     3834 |      686      372     13 |  0.001 % |
|      2077 |     300     1278     3834 |      754      423     13 |  0.001 % |
|      3216 |     300     1278     3834 |      830      792     15 |  0.001 % |
|      4924 |     300     1278     3834 |      913      778     14 |  0.001 % |
|      7486 |     300     1278     3834 |     1004      517     11 |  0.001 % |
|     11330 |     300     1278     3834 |     1104      761     14 |  0.001 % |
|     17096 |     300     1278     3834 |     1215      845     13 |  0.001 % |
|     25745 |     300     1278     3834 |     1336      768     14 |  0.001 % |
|     38719 |     300     1278     3834 |     1470      808     11 |  0.001 % |
|     58180 |     300     1278     3834 |     1617      863     13 |  0.001 % |
|     87372 |     300     1278     3834 |     1779     1336     14 |  0.001 % |
|    131161 |     300     1278     3834 |     1957      913     13 |  0.001 % |
|    196845 |     300     1278     3834 |     2153     1123     13 |  0.001 % |
|    295371 |     300     1278     3834 |     2368     1506     15 |  0.001 % |
|    443160 |     300     1278     3834 |     2605     1659     14 |  0.001 % |
|    664843 |     300     1278     3834 |     2865     1979     13 |  0.001 % |
|    997368 |     300     1278     3834 |     3152     1467     12 |  0.001 % |
|   1496156 |     300     1278     3834 |     3467     2039     13 |  0.001 % |
|   2244338 |     300     1278     3834 |     3814     3346     14 |  0.001 % |
|   3366612 |     300     1278     3834 |     4195     2718     15 |  0.001 % |
|   5050023 |     300     1278     3834 |     4615     4210     14 |  0.001 % |
===============================================================================
restarts              : 8191
conflicts             : 5204966        (73206 /sec)
decisions             : 6308386        (0.00 % random) (88726 /sec)
propagations          : 263961689      (3712541 /sec)
conflict literals     : 80901696       (21.85 % deleted)
Memory used           : 6.00 MB
CPU time              : 71.1 s

SATISFIABLE
