WARNING: for repeatability, setting FPU to use double precision
============================[ Problem Statistics ]=============================
|                                                                             |
|  Number of variables:           300                                         |
|  Number of clauses:            1278                                         |
|  Parse time:                   0.00 s                                       |
|                                                                             |
============================[ Search Statistics ]==============================
| Conflicts |          ORIGINAL         |          LEARNT          | Progress |
|           |    Vars  Clauses Literals |    Limit  Clauses Lit/Cl |          |
===============================================================================
|       100 |     300     1278     3834 |      468      100     17 |  0.001 % |
|       250 |     300     1278     3834 |      515      250     17 |  0.001 % |
|       475 |     300     1278     3834 |      567      475     17 |  0.001 % |
|       812 |     300     1278     3834 |      623      515     14 |  0.001 % |
|      1318 |     300     1278     3834 |      686      372     13 |  0.001 % |
|      2077 |     300     1278     3834 |      754      424     12 |  0.001 % |
|      3216 |     300     1278     3834 |      830      399     11 |  0.001 % |
|      4924 |     300     1278     3834 |      913      826     14 |  0.001 % |
|      7486 |     300     1278     3834 |     1004      588     12 |  0.001 % |
|     11330 |     300     1278     3834 |     1104      816     14 |  0.001 % |
|     17096 |     300     1278     3834 |     1215      906     13 |  0.001 % |
|     25745 |     300     1278     3834 |     1336      870     13 |  0.001 % |
|     38719 |     300     1278     3834 |     1470      908     13 |  0.001 % |
|     58180 |     300     1278     3834 |     1617      900     13 |  0.001 % |
|     87372 |     300     1278     3834 |     1779     1406     13 |  0.001 % |
|    131161 |     300     1278     3834 |     1957      972     12 |  0.001 % |
|    196845 |     300     1278     3834 |     2153     1215     14 |  0.001 % |
|    295371 |     300     1278     3834 |     2368     1677     13 |  0.001 % |
|    443160 |     300     1278     3834 |     2605     2014     14 |  0.001 % |
|    664843 |     300     1278     3834 |     2865     2325     14 |  0.001 % |
|    997368 |     300     1278     3834 |     3152     1842     14 |  0.001 % |
|   1496156 |     300     1278     3834 |     3467     2478     14 |  0.001 % |
|   2244338 |     300     1278     3834 |     3814     1914     13 |  0.001 % |
|   3366612 |     300     1278     3834 |     4195     2999     15 |  0.001 % |
|   5050023 |     300     1278     3834 |     4615     2313     12 |  0.001 % |
|   7575139 |     299     1269     3807 |     5077     4426     14 |  0.337 % |
===============================================================================
restarts              : 13308
conflicts             : 8245213        (68436 /sec)
decisions             : 9974677        (0.00 % random) (82791 /sec)
propagations          : 421766017      (3500714 /sec)
conflict literals     : 126171866      (22.84 % deleted)
Memory used           : 7.00 MB
CPU time              : 120.48 s

UNSATISFIABLE
