WARNING: for repeatability, setting FPU to use double precision
============================[ Problem Statistics ]=============================
|                                                                             |
|  Number of variables:           300                                         |
|  Number of clauses:            1278                                         |
|  Parse time:                   0.00 s                                       |
|                                                                             |
============================[ Search Statistics ]==============================
| Conflicts |          ORIGINAL         |          LEARNT          | Progress |
|           |    Vars  Clauses Literals |    Limit  Clauses Lit/Cl |          |
===============================================================================
|       100 |     300     1278     3834 |      468      100     16 |  0.001 % |
|       250 |     300     1278     3834 |      515      250     16 |  0.001 % |
|       475 |     300     1278     3834 |      567      475     16 |  0.001 % |
|       812 |     300     1278     3834 |      623      514     16 |  0.001 % |
|      1318 |     300     1278     3834 |      686      370     13 |  0.001 % |
|      2077 |     300     1278     3834 |      754      421     12 |  0.001 % |
|      3216 |     300     1278     3834 |      830      400     11 |  0.001 % |
|      4924 |     300     1278     3834 |      913      835     14 |  0.001 % |
|      7486 |     300     1278     3834 |     1004      574     12 |  0.001 % |
|     11330 |     300     1278     3834 |     1104      804     13 |  0.001 % |
|     17096 |     300     1278     3834 |     1215      921     12 |  0.001 % |
|     25745 |     300     1278     3834 |     1336      871     14 |  0.001 % |
|     38719 |     300     1278     3834 |     1470      880     12 |  0.001 % |
|     58180 |     300     1278     3834 |     1617      862     14 |  0.001 % |
|     87372 |     300     1278     3834 |     1779     1287     12 |  0.001 % |
|    131161 |     300     1278     3834 |     1957     1748     15 |  0.001 % |
|    196845 |     300     1278     3834 |     2153     1880     15 |  0.001 % |
|    295371 |     300     1278     3834 |     2368     2142     15 |  0.001 % |
|    443160 |     300     1278     3834 |     2605     2327     15 |  0.001 % |
|    664843 |     300     1278     3834 |     2865     1427     14 |  0.001 % |
|    997368 |     300     1278     3834 |     3152     2328     14 |  0.001 % |
|   1496156 |     300     1278     3834 |     3467     2922     14 |  0.001 % |
|   2244338 |     300     1278     3834 |     3814     2434     13 |  0.001 % |
|   3366612 |     300     1278     3834 |     4195     3792     14 |  0.001 % |
|   5050023 |     300     1278     3834 |     4615     3055     13 |  0.002 % |
===============================================================================
restarts              : 11003
conflicts             : 6779482        (69972 /sec)
decisions             : 8198562        (0.00 % random) (84619 /sec)
propagations          : 337374570      (3482109 /sec)
conflict literals     : 102608674      (23.44 % deleted)
Memory used           : 7.00 MB
CPU time              : 96.888 s

UNSATISFIABLE
