WARNING: for repeatability, setting FPU to use double precision
============================[ Problem Statistics ]=============================
|                                                                             |
|  Number of variables:           300                                         |
|  Number of clauses:            1278                                         |
|  Parse time:                   0.00 s                                       |
|                                                                             |
============================[ Search Statistics ]==============================
| Conflicts |          ORIGINAL         |          LEARNT          | Progress |
|           |    Vars  Clauses Literals |    Limit  Clauses Lit/Cl |          |
===============================================================================
|       100 |     300     1278     3834 |      468      100     17 |  0.001 % |
|       250 |     300     1278     3834 |      515      250     17 |  0.001 % |
|       475 |     300     1278     3834 |      567      475     17 |  0.001 % |
|       812 |     300     1278     3834 |      623      517     15 |  0.001 % |
|      1318 |     300     1278     3834 |      686      372     13 |  0.001 % |
|      2077 |     300     1278     3834 |      754      415     13 |  0.001 % |
|      3216 |     300     1278     3834 |      830      385     13 |  0.001 % |
|      4924 |     300     1278     3834 |      913      796     15 |  0.001 % |
|      7486 |     300     1278     3834 |     1004      497     12 |  0.001 % |
|     11330 |     300     1278     3834 |     1104      714     13 |  0.001 % |
|     17096 |     300     1278     3834 |     1215      805     12 |  0.001 % |
|     25745 |     300     1278     3834 |     1336      746     14 |  0.001 % |
|     38719 |     300     1278     3834 |     1470      746     13 |  0.001 % |
|     58180 |     300     1278     3834 |     1617     1470     15 |  0.001 % |
|     87372 |     300     1278     3834 |     1779     1033     13 |  0.001 % |
|    131161 |     300     1278     3834 |     1957     1431     14 |  0.001 % |
|    196845 |     300     1278     3834 |     2153     1516     15 |  0.001 % |
|    295371 |     300     1278     3834 |     2368     1747     15 |  0.001 % |
|    443160 |     300     1278     3834 |     2605     1858     15 |  0.001 % |
|    664843 |     300     1278     3834 |     2865     1987     15 |  0.001 % |
|    997368 |     300     1278     3834 |     3152     2801     15 |  0.001 % |
|   1496156 |     300     1278     3834 |     3467     1597     14 |  0.001 % |
|   2244338 |     300     1278     3834 |     3814     2665     15 |  0.001 % |
|   3366612 |     300     1278     3834 |     4195     3332     15 |  0.001 % |
|   5050023 |     300     1278     3834 |     4615     4002     14 |  0.001 % |
|   7575139 |     300     1278     3834 |     5077     2438     12 |  0.001 % |
|  11362814 |     299     1269     3807 |     5584     3325     14 |  0.338 % |
===============================================================================
restarts              : 20477
conflicts             : 13720845       (66415 /sec)
decisions             : 16596182       (0.00 % random) (80333 /sec)
propagations          : 699004262      (3383501 /sec)
conflict literals     : 217220735      (23.31 % deleted)
Memory used           : 9.00 MB
CPU time              : 206.592 s

UNSATISFIABLE
