WARNING: for repeatability, setting FPU to use double precision
============================[ Problem Statistics ]=============================
|                                                                             |
|  Number of variables:           300                                         |
|  Number of clauses:            1278                                         |
|  Parse time:                   0.00 s                                       |
|                                                                             |
============================[ Search Statistics ]==============================
| Conflicts |          ORIGINAL         |          LEARNT          | Progress |
|           |    Vars  Clauses Literals |    Limit  Clauses Lit/Cl |          |
===============================================================================
|       100 |     300     1278     3834 |      468      100     17 |  0.001 % |
|       250 |     300     1278     3834 |      515      250     16 |  0.001 % |
|       475 |     300     1278     3834 |      567      475     16 |  0.001 % |
|       812 |     300     1278     3834 |      623      509     15 |  0.001 % |
|      1318 |     300     1278     3834 |      686      368     14 |  0.001 % |
|      2077 |     300     1278     3834 |      754      418     13 |  0.001 % |
|      3216 |     300     1278     3834 |      830      391     12 |  0.001 % |
|      4924 |     300     1278     3834 |      913      824     13 |  0.001 % |
|      7486 |     300     1278     3834 |     1004      592     12 |  0.001 % |
|     11330 |     300     1278     3834 |     1104      827     13 |  0.001 % |
|     17096 |     300     1278     3834 |     1215      950     12 |  0.001 % |
|     25745 |     300     1278     3834 |     1336      946     13 |  0.001 % |
|     38719 |     300     1278     3834 |     1470      970     14 |  0.001 % |
|     58180 |     300     1278     3834 |     1617      973     13 |  0.001 % |
|     87372 |     300     1278     3834 |     1779     1370     13 |  0.001 % |
|    131161 |     300     1278     3834 |     1957     1796     15 |  0.001 % |
|    196845 |     300     1278     3834 |     2153     1967     15 |  0.001 % |
|    295371 |     300     1278     3834 |     2368     1173     13 |  0.001 % |
|    443160 |     300     1278     3834 |     2605     1419     14 |  0.001 % |
|    664843 |     300     1278     3834 |     2865     1784     14 |  0.001 % |
|    997368 |     300     1278     3834 |     3152     2691     13 |  0.001 % |
|   1496156 |     300     1278     3834 |     3467     1640     14 |  0.001 % |
|   2244338 |     300     1278     3834 |     3814     3033     13 |  0.001 % |
|   3366612 |     300     1278     3834 |     4195     2528     14 |  0.001 % |
|   5050023 |     300     1278     3834 |     4615     4006     14 |  0.001 % |
|   7575139 |     299     1267     3801 |     5077     3245     11 |  0.336 % |
===============================================================================
restarts              : 12315
conflicts             : 7797357        (70508 /sec)
decisions             : 9448272        (0.00 % random) (85437 /sec)
propagations          : 386375553      (3493829 /sec)
conflict literals     : 119621700      (22.29 % deleted)
Memory used           : 7.00 MB
CPU time              : 110.588 s

UNSATISFIABLE
