WARNING: for repeatability, setting FPU to use double precision
============================[ Problem Statistics ]=============================
|                                                                             |
|  Number of variables:           300                                         |
|  Number of clauses:            1278                                         |
|  Parse time:                   0.00 s                                       |
|                                                                             |
============================[ Search Statistics ]==============================
| Conflicts |          ORIGINAL         |          LEARNT          | Progress |
|           |    Vars  Clauses Literals |    Limit  Clauses Lit/Cl |          |
===============================================================================
|       100 |     300     1278     3834 |      468      100     16 |  0.001 % |
|       250 |     300     1278     3834 |      515      250     15 |  0.001 % |
|       475 |     300     1278     3834 |      567      475     15 |  0.001 % |
|       812 |     300     1278     3834 |      623      515     14 |  0.001 % |
|      1318 |     300     1278     3834 |      686      368     13 |  0.001 % |
|      2077 |     300     1278     3834 |      754      420     12 |  0.001 % |
|      3216 |     300     1278     3834 |      830      394     12 |  0.001 % |
|      4924 |     300     1278     3834 |      913      827     14 |  0.001 % |
|      7486 |     300     1278     3834 |     1004      588     11 |  0.001 % |
|     11330 |     300     1278     3834 |     1104      825     13 |  0.001 % |
|     17096 |     300     1278     3834 |     1215      911     12 |  0.001 % |
|     25745 |     300     1278     3834 |     1336      903     13 |  0.001 % |
|     38719 |     300     1278     3834 |     1470      935     13 |  0.001 % |
|     58180 |     300     1278     3834 |     1617      924     13 |  0.001 % |
|     87372 |     300     1278     3834 |     1779     1371     14 |  0.001 % |
|    131161 |     300     1278     3834 |     1957      977     13 |  0.001 % |
|    196845 |     300     1278     3834 |     2153     1190     15 |  0.001 % |
|    295371 |     300     1278     3834 |     2368     1593     14 |  0.001 % |
|    443160 |     300     1278     3834 |     2605     1831     14 |  0.001 % |
|    664843 |     300     1278     3834 |     2865     2183     14 |  0.001 % |
|    997368 |     300     1278     3834 |     3152     1864     12 |  0.001 % |
|   1496156 |     300     1278     3834 |     3467     2643     14 |  0.001 % |
|   2244338 |     300     1278     3834 |     3814     2092     14 |  0.001 % |
|   3366612 |     300     1278     3834 |     4195     3501     12 |  0.001 % |
|   5050023 |     297     1249     3747 |     4615     3888     12 |  1.004 % |
===============================================================================
restarts              : 8191
conflicts             : 5092833        (73232 /sec)
decisions             : 6165374        (0.00 % random) (88654 /sec)
propagations          : 254446335      (3658782 /sec)
conflict literals     : 76420239       (23.19 % deleted)
Memory used           : 6.00 MB
CPU time              : 69.544 s

UNSATISFIABLE
