WARNING: for repeatability, setting FPU to use double precision
============================[ Problem Statistics ]=============================
|                                                                             |
|  Number of variables:           300                                         |
|  Number of clauses:            1278                                         |
|  Parse time:                   0.00 s                                       |
|                                                                             |
============================[ Search Statistics ]==============================
| Conflicts |          ORIGINAL         |          LEARNT          | Progress |
|           |    Vars  Clauses Literals |    Limit  Clauses Lit/Cl |          |
===============================================================================
|       100 |     300     1278     3834 |      468      100     16 |  0.001 % |
|       250 |     300     1278     3834 |      515      250     17 |  0.001 % |
|       475 |     300     1278     3834 |      567      475     16 |  0.001 % |
|       812 |     300     1278     3834 |      623      514     15 |  0.001 % |
|      1318 |     300     1278     3834 |      686      367     13 |  0.001 % |
|      2077 |     300     1278     3834 |      754      417     11 |  0.001 % |
|      3216 |     300     1278     3834 |      830      391     11 |  0.001 % |
|      4924 |     300     1278     3834 |      913      807     13 |  0.001 % |
|      7486 |     300     1278     3834 |     1004      550     11 |  0.001 % |
|     11330 |     300     1278     3834 |     1104      794     13 |  0.001 % |
|     17096 |     300     1278     3834 |     1215      922     13 |  0.001 % |
|     25745 |     300     1278     3834 |     1336      866     14 |  0.001 % |
|     38719 |     300     1278     3834 |     1470      906     12 |  0.001 % |
|     58180 |     300     1278     3834 |     1617      915     13 |  0.001 % |
|     87372 |     300     1278     3834 |     1779     1369     13 |  0.001 % |
|    131161 |     300     1278     3834 |     1957      915     13 |  0.001 % |
|    196845 |     300     1278     3834 |     2153     1228     12 |  0.001 % |
|    295371 |     300     1278     3834 |     2368     1624     14 |  0.001 % |
|    443160 |     300     1278     3834 |     2605     1964     13 |  0.001 % |
|    664843 |     300     1278     3834 |     2865     2332     14 |  0.001 % |
|    997368 |     300     1278     3834 |     3152     1946     13 |  0.001 % |
|   1496156 |     300     1278     3834 |     3467     2539     15 |  0.001 % |
|   2244338 |     300     1278     3834 |     3814     2361     13 |  0.001 % |
|   3366612 |     300     1278     3834 |     4195     3663     14 |  0.002 % |
|   5050023 |     298     1255     3765 |     4615     3513     12 |  0.668 % |
===============================================================================
restarts              : 8191
conflicts             : 5240994        (71614 /sec)
decisions             : 6340809        (0.00 % random) (86642 /sec)
propagations          : 260143221      (3554646 /sec)
conflict literals     : 77917044       (22.99 % deleted)
Memory used           : 6.00 MB
CPU time              : 73.184 s

UNSATISFIABLE
