WARNING: for repeatability, setting FPU to use double precision
============================[ Problem Statistics ]=============================
|                                                                             |
|  Number of variables:           300                                         |
|  Number of clauses:            1278                                         |
|  Parse time:                   0.00 s                                       |
|                                                                             |
============================[ Search Statistics ]==============================
| Conflicts |          ORIGINAL         |          LEARNT          | Progress |
|           |    Vars  Clauses Literals |    Limit  Clauses Lit/Cl |          |
===============================================================================
|       100 |     300     1278     3834 |      468      100     18 |  0.001 % |
|       250 |     300     1278     3834 |      515      250     17 |  0.001 % |
|       475 |     300     1278     3834 |      567      475     17 |  0.001 % |
|       812 |     300     1278     3834 |      623      511     14 |  0.001 % |
|      1318 |     300     1278     3834 |      686      368     14 |  0.001 % |
|      2077 |     300     1278     3834 |      754      419     13 |  0.001 % |
|      3216 |     300     1278     3834 |      830      392     11 |  0.001 % |
|      4924 |     300     1278     3834 |      913      806     13 |  0.001 % |
|      7486 |     300     1278     3834 |     1004      548     12 |  0.001 % |
|     11330 |     300     1278     3834 |     1104      786     12 |  0.001 % |
|     17096 |     300     1278     3834 |     1215      874     13 |  0.001 % |
|     25745 |     300     1278     3834 |     1336      811     14 |  0.001 % |
|     38719 |     300     1278     3834 |     1470      857     12 |  0.001 % |
|     58180 |     300     1278     3834 |     1617      797     14 |  0.001 % |
|     87372 |     300     1278     3834 |     1779     1183     13 |  0.001 % |
|    131161 |     300     1278     3834 |     1957     1677     14 |  0.001 % |
|    196845 |     300     1278     3834 |     2153     1876     14 |  0.001 % |
|    295371 |     300     1278     3834 |     2368     1175     13 |  0.001 % |
|    443160 |     300     1278     3834 |     2605     1440     12 |  0.001 % |
|    664843 |     300     1278     3834 |     2865     1720     14 |  0.001 % |
|    997368 |     300     1278     3834 |     3152     2654     14 |  0.001 % |
|   1496156 |     300     1278     3834 |     3467     1703     15 |  0.001 % |
|   2244338 |     300     1278     3834 |     3814     2992     14 |  0.001 % |
|   3366612 |     300     1278     3834 |     4195     2231     14 |  0.001 % |
|   5050023 |     300     1278     3834 |     4615     3723     14 |  0.001 % |
|   7575139 |     300     1278     3834 |     5077     3110     13 |  0.001 % |
===============================================================================
restarts              : 16383
conflicts             : 10851087       (68565 /sec)
decisions             : 13107236       (0.00 % random) (82821 /sec)
propagations          : 547153300      (3457306 /sec)
conflict literals     : 167134827      (22.67 % deleted)
Memory used           : 7.00 MB
CPU time              : 158.26 s

UNSATISFIABLE
