WARNING: for repeatability, setting FPU to use double precision
============================[ Problem Statistics ]=============================
|                                                                             |
|  Number of variables:           300                                         |
|  Number of clauses:            1278                                         |
|  Parse time:                   0.00 s                                       |
|                                                                             |
============================[ Search Statistics ]==============================
| Conflicts |          ORIGINAL         |          LEARNT          | Progress |
|           |    Vars  Clauses Literals |    Limit  Clauses Lit/Cl |          |
===============================================================================
|       100 |     300     1278     3834 |      468      100     15 |  0.001 % |
|       250 |     300     1278     3834 |      515      250     16 |  0.001 % |
|       475 |     300     1278     3834 |      567      475     16 |  0.001 % |
|       812 |     300     1278     3834 |      623      510     15 |  0.001 % |
|      1318 |     300     1278     3834 |      686      365     13 |  0.001 % |
|      2077 |     300     1278     3834 |      754      415     14 |  0.001 % |
|      3216 |     300     1278     3834 |      830      380     12 |  0.001 % |
|      4924 |     300     1278     3834 |      913      797     14 |  0.001 % |
|      7486 |     300     1278     3834 |     1004      546     12 |  0.001 % |
|     11330 |     300     1278     3834 |     1104      778     12 |  0.001 % |
|     17096 |     300     1278     3834 |     1215      896     13 |  0.001 % |
|     25745 |     300     1278     3834 |     1336      866     14 |  0.001 % |
|     38719 |     300     1278     3834 |     1470      901     12 |  0.001 % |
|     58180 |     300     1278     3834 |     1617      907     14 |  0.001 % |
|     87372 |     300     1278     3834 |     1779     1386     12 |  0.001 % |
|    131161 |     300     1278     3834 |     1957      913     13 |  0.001 % |
|    196845 |     300     1278     3834 |     2153     1074     12 |  0.001 % |
|    295371 |     300     1278     3834 |     2368     1454     13 |  0.001 % |
|    443160 |     300     1278     3834 |     2605     1740     13 |  0.001 % |
|    664843 |     300     1278     3834 |     2865     2086     14 |  0.001 % |
|    997368 |     300     1278     3834 |     3152     1721     12 |  0.001 % |
|   1496156 |     300     1278     3834 |     3467     2398     15 |  0.001 % |
|   2244338 |     300     1278     3834 |     3814     2115     12 |  0.001 % |
|   3366612 |     300     1278     3834 |     4195     3583     15 |  0.001 % |
|   5050023 |     300     1278     3834 |     4615     3028     13 |  0.002 % |
===============================================================================
restarts              : 8191
conflicts             : 5288965        (73523 /sec)
decisions             : 6370119        (0.00 % random) (88553 /sec)
propagations          : 265905834      (3696422 /sec)
conflict literals     : 80051594       (23.15 % deleted)
Memory used           : 6.00 MB
CPU time              : 71.936 s

UNSATISFIABLE
