WARNING: for repeatability, setting FPU to use double precision
============================[ Problem Statistics ]=============================
|                                                                             |
|  Number of variables:           300                                         |
|  Number of clauses:            1278                                         |
|  Parse time:                   0.00 s                                       |
|                                                                             |
============================[ Search Statistics ]==============================
| Conflicts |          ORIGINAL         |          LEARNT          | Progress |
|           |    Vars  Clauses Literals |    Limit  Clauses Lit/Cl |          |
===============================================================================
|       100 |     300     1278     3834 |      468      100     18 |  0.001 % |
|       250 |     300     1278     3834 |      515      250     17 |  0.001 % |
|       475 |     300     1278     3834 |      567      475     16 |  0.001 % |
|       812 |     300     1278     3834 |      623      517     14 |  0.001 % |
|      1318 |     300     1278     3834 |      686      365     13 |  0.001 % |
|      2077 |     300     1278     3834 |      754      421     13 |  0.001 % |
|      3216 |     300     1278     3834 |      830      390     12 |  0.001 % |
|      4924 |     300     1278     3834 |      913      797     13 |  0.001 % |
|      7486 |     300     1278     3834 |     1004      543     12 |  0.001 % |
|     11330 |     300     1278     3834 |     1104      787     12 |  0.001 % |
|     17096 |     300     1278     3834 |     1215      892     11 |  0.001 % |
|     25745 |     300     1278     3834 |     1336      868     12 |  0.001 % |
|     38719 |     300     1278     3834 |     1470      895     13 |  0.001 % |
|     58180 |     300     1278     3834 |     1617      861     12 |  0.001 % |
|     87372 |     300     1278     3834 |     1779     1275     13 |  0.001 % |
|    131161 |     300     1278     3834 |     1957     1785     14 |  0.001 % |
|    196845 |     300     1278     3834 |     2153     1053     12 |  0.001 % |
|    295371 |     300     1278     3834 |     2368     1535     14 |  0.001 % |
|    443160 |     300     1278     3834 |     2605     1799     14 |  0.001 % |
|    664843 |     300     1278     3834 |     2865     2210     14 |  0.001 % |
|    997368 |     300     1278     3834 |     3152     1785     13 |  0.001 % |
|   1496156 |     300     1278     3834 |     3467     2323     14 |  0.001 % |
|   2244338 |     300     1278     3834 |     3814     2139     14 |  0.001 % |
|   3366612 |     299     1267     3801 |     4195     2299     13 |  0.334 % |
|   5050023 |     297     1250     3750 |     4615     2333     10 |  1.006 % |
===============================================================================
restarts              : 8191
conflicts             : 5116583        (73165 /sec)
decisions             : 6194197        (0.00 % random) (88575 /sec)
propagations          : 256319373      (3665266 /sec)
conflict literals     : 76427104       (22.61 % deleted)
Memory used           : 6.00 MB
CPU time              : 69.932 s

UNSATISFIABLE
