WARNING: for repeatability, setting FPU to use double precision
============================[ Problem Statistics ]=============================
|                                                                             |
|  Number of variables:           300                                         |
|  Number of clauses:            1278                                         |
|  Parse time:                   0.00 s                                       |
|                                                                             |
============================[ Search Statistics ]==============================
| Conflicts |          ORIGINAL         |          LEARNT          | Progress |
|           |    Vars  Clauses Literals |    Limit  Clauses Lit/Cl |          |
===============================================================================
|       100 |     300     1278     3834 |      468      100     19 |  0.001 % |
|       250 |     300     1278     3834 |      515      250     18 |  0.001 % |
|       475 |     300     1278     3834 |      567      475     17 |  0.001 % |
|       812 |     300     1278     3834 |      623      510     16 |  0.001 % |
|      1318 |     300     1278     3834 |      686      373     12 |  0.001 % |
|      2077 |     300     1278     3834 |      754      420     12 |  0.001 % |
|      3216 |     300     1278     3834 |      830      403     11 |  0.001 % |
|      4924 |     300     1278     3834 |      913      830     14 |  0.001 % |
|      7486 |     300     1278     3834 |     1004      585     13 |  0.001 % |
|     11330 |     300     1278     3834 |     1104      836     13 |  0.001 % |
|     17096 |     300     1278     3834 |     1215      931     13 |  0.001 % |
|     25745 |     300     1278     3834 |     1336      910     13 |  0.001 % |
|     38719 |     300     1278     3834 |     1470      967     13 |  0.001 % |
|     58180 |     300     1278     3834 |     1617     1005     13 |  0.001 % |
|     87372 |     300     1278     3834 |     1779     1475     14 |  0.001 % |
|    131161 |     300     1278     3834 |     1957     1030     12 |  0.001 % |
|    196845 |     300     1278     3834 |     2153     1271     13 |  0.001 % |
|    295371 |     300     1278     3834 |     2368     1718     13 |  0.001 % |
|    443160 |     300     1278     3834 |     2605     1973     13 |  0.001 % |
|    664843 |     300     1278     3834 |     2865     2379     14 |  0.001 % |
|    997368 |     300     1278     3834 |     3152     2139     15 |  0.001 % |
|   1496156 |     300     1278     3834 |     3467     2821     14 |  0.001 % |
|   2244338 |     300     1278     3834 |     3814     2773     13 |  0.001 % |
|   3366612 |     300     1278     3834 |     4195     2481     14 |  0.001 % |
|   5050023 |     298     1252     3756 |     4615     3109     12 |  0.671 % |
===============================================================================
restarts              : 8191
conflicts             : 5075040        (73765 /sec)
decisions             : 6141661        (0.00 % random) (89268 /sec)
propagations          : 256688196      (3730933 /sec)
conflict literals     : 76200555       (23.07 % deleted)
Memory used           : 6.00 MB
CPU time              : 68.8 s

UNSATISFIABLE
