WARNING: for repeatability, setting FPU to use double precision
============================[ Problem Statistics ]=============================
|                                                                             |
|  Number of variables:           300                                         |
|  Number of clauses:            1278                                         |
|  Parse time:                   0.00 s                                       |
|                                                                             |
============================[ Search Statistics ]==============================
| Conflicts |          ORIGINAL         |          LEARNT          | Progress |
|           |    Vars  Clauses Literals |    Limit  Clauses Lit/Cl |          |
===============================================================================
|       100 |     300     1278     3834 |      468      100     18 |  0.001 % |
|       250 |     300     1278     3834 |      515      250     17 |  0.001 % |
|       475 |     300     1278     3834 |      567      475     16 |  0.001 % |
|       812 |     300     1278     3834 |      623      517     15 |  0.001 % |
|      1318 |     300     1278     3834 |      686      367     13 |  0.001 % |
|      2077 |     300     1278     3834 |      754      415     13 |  0.001 % |
|      3216 |     300     1278     3834 |      830      386     11 |  0.001 % |
|      4924 |     300     1278     3834 |      913      801     13 |  0.001 % |
|      7486 |     300     1278     3834 |     1004      538     11 |  0.001 % |
|     11330 |     300     1278     3834 |     1104      773     13 |  0.001 % |
|     17096 |     300     1278     3834 |     1215      871     12 |  0.001 % |
|     25745 |     300     1278     3834 |     1336      844     13 |  0.001 % |
|     38719 |     300     1278     3834 |     1470      899     12 |  0.001 % |
|     58180 |     300     1278     3834 |     1617      892     13 |  0.001 % |
|     87372 |     300     1278     3834 |     1779     1354     13 |  0.001 % |
|    131161 |     300     1278     3834 |     1957      924     13 |  0.001 % |
|    196845 |     300     1278     3834 |     2153     1094     12 |  0.001 % |
|    295371 |     300     1278     3834 |     2368     1433     14 |  0.001 % |
|    443160 |     300     1278     3834 |     2605     1701     13 |  0.001 % |
|    664843 |     300     1278     3834 |     2865     2026     15 |  0.001 % |
|    997368 |     300     1278     3834 |     3152     1515     13 |  0.001 % |
|   1496156 |     300     1278     3834 |     3467     2366     13 |  0.001 % |
|   2244338 |     300     1278     3834 |     3814     2163     13 |  0.001 % |
|   3366612 |     300     1278     3834 |     4195     3659     15 |  0.001 % |
|   5050023 |     299     1267     3801 |     4615     3088     14 |  0.334 % |
|   7575139 |     299     1267     3801 |     5077     3113     12 |  0.337 % |
===============================================================================
restarts              : 12286
conflicts             : 7753040        (68100 /sec)
decisions             : 9350903        (0.00 % random) (82135 /sec)
propagations          : 383793932      (3371108 /sec)
conflict literals     : 116702954      (22.85 % deleted)
Memory used           : 7.00 MB
CPU time              : 113.848 s

UNSATISFIABLE
