WARNING: for repeatability, setting FPU to use double precision
============================[ Problem Statistics ]=============================
|                                                                             |
|  Number of variables:           300                                         |
|  Number of clauses:            1278                                         |
|  Parse time:                   0.00 s                                       |
|                                                                             |
============================[ Search Statistics ]==============================
| Conflicts |          ORIGINAL         |          LEARNT          | Progress |
|           |    Vars  Clauses Literals |    Limit  Clauses Lit/Cl |          |
===============================================================================
|       100 |     300     1278     3834 |      468      100     17 |  0.001 % |
|       250 |     300     1278     3834 |      515      250     16 |  0.001 % |
|       475 |     300     1278     3834 |      567      475     16 |  0.001 % |
|       812 |     300     1278     3834 |      623      511     15 |  0.001 % |
|      1318 |     300     1278     3834 |      686      361     13 |  0.001 % |
|      2077 |     300     1278     3834 |      754      412     13 |  0.001 % |
|      3216 |     300     1278     3834 |      830      767     14 |  0.001 % |
|      4924 |     300     1278     3834 |      913      770     13 |  0.001 % |
|      7486 |     300     1278     3834 |     1004      504     13 |  0.001 % |
|     11330 |     300     1278     3834 |     1104      756     13 |  0.001 % |
|     17096 |     300     1278     3834 |     1215      876     13 |  0.001 % |
|     25745 |     300     1278     3834 |     1336      858     12 |  0.001 % |
|     38719 |     300     1278     3834 |     1470      890     13 |  0.001 % |
|     58180 |     300     1278     3834 |     1617      903     13 |  0.001 % |
|     87372 |     300     1278     3834 |     1779     1373     14 |  0.001 % |
|    131161 |     300     1278     3834 |     1957      976     13 |  0.001 % |
|    196845 |     300     1278     3834 |     2153     1155     13 |  0.001 % |
|    295371 |     300     1278     3834 |     2368     1626     13 |  0.001 % |
|    443160 |     300     1278     3834 |     2605     1832     13 |  0.001 % |
|    664843 |     300     1278     3834 |     2865     2157     14 |  0.001 % |
|    997368 |     300     1278     3834 |     3152     1825     13 |  0.001 % |
|   1496156 |     300     1278     3834 |     3467     2536     15 |  0.001 % |
|   2244338 |     300     1278     3834 |     3814     2208     12 |  0.001 % |
|   3366612 |     300     1278     3834 |     4195     3650     14 |  0.001 % |
|   5050023 |     300     1278     3834 |     4615     3224     12 |  0.002 % |
===============================================================================
restarts              : 8576
conflicts             : 5478938        (72565 /sec)
decisions             : 6623857        (0.00 % random) (87729 /sec)
propagations          : 269005790      (3562802 /sec)
conflict literals     : 82685203       (22.72 % deleted)
Memory used           : 7.00 MB
CPU time              : 75.504 s

UNSATISFIABLE
