WARNING: for repeatability, setting FPU to use double precision
============================[ Problem Statistics ]=============================
|                                                                             |
|  Number of variables:           300                                         |
|  Number of clauses:            1278                                         |
|  Parse time:                   0.00 s                                       |
|                                                                             |
============================[ Search Statistics ]==============================
| Conflicts |          ORIGINAL         |          LEARNT          | Progress |
|           |    Vars  Clauses Literals |    Limit  Clauses Lit/Cl |          |
===============================================================================
|       100 |     300     1278     3834 |      468      100     17 |  0.001 % |
|       250 |     300     1278     3834 |      515      250     17 |  0.001 % |
|       475 |     300     1278     3834 |      567      475     17 |  0.001 % |
|       812 |     300     1278     3834 |      623      513     16 |  0.001 % |
|      1318 |     300     1278     3834 |      686      356     13 |  0.001 % |
|      2077 |     300     1278     3834 |      754      412     14 |  0.001 % |
|      3216 |     300     1278     3834 |      830      383     12 |  0.001 % |
|      4924 |     300     1278     3834 |      913      792     13 |  0.001 % |
|      7486 |     300     1278     3834 |     1004      530     11 |  0.001 % |
|     11330 |     300     1278     3834 |     1104      765     13 |  0.001 % |
|     17096 |     300     1278     3834 |     1215      876     13 |  0.001 % |
|     25745 |     300     1278     3834 |     1336      821     13 |  0.001 % |
|     38719 |     300     1278     3834 |     1470      861     13 |  0.001 % |
|     58180 |     300     1278     3834 |     1617      935     12 |  0.001 % |
|     87372 |     300     1278     3834 |     1779     1365     14 |  0.001 % |
|    131161 |     300     1278     3834 |     1957      915     13 |  0.001 % |
|    196845 |     300     1278     3834 |     2153     1175     13 |  0.001 % |
|    295371 |     300     1278     3834 |     2368     1524     14 |  0.001 % |
|    443160 |     300     1278     3834 |     2605     1758     13 |  0.001 % |
|    664843 |     300     1278     3834 |     2865     2196     14 |  0.001 % |
|    997368 |     300     1278     3834 |     3152     1783     14 |  0.001 % |
|   1496156 |     300     1278     3834 |     3467     2469     14 |  0.001 % |
|   2244338 |     300     1278     3834 |     3814     2070     12 |  0.001 % |
|   3366612 |     300     1278     3834 |     4195     3670     14 |  0.002 % |
|   5050023 |     300     1278     3834 |     4615     3399     13 |  0.002 % |
===============================================================================
restarts              : 9969
conflicts             : 6151228        (72137 /sec)
decisions             : 7435990        (0.00 % random) (87203 /sec)
propagations          : 311936640      (3658137 /sec)
conflict literals     : 92429062       (23.29 % deleted)
Memory used           : 6.00 MB
CPU time              : 85.272 s

UNSATISFIABLE
