WARNING: for repeatability, setting FPU to use double precision
============================[ Problem Statistics ]=============================
|                                                                             |
|  Number of variables:           300                                         |
|  Number of clauses:            1278                                         |
|  Parse time:                   0.00 s                                       |
|                                                                             |
============================[ Search Statistics ]==============================
| Conflicts |          ORIGINAL         |          LEARNT          | Progress |
|           |    Vars  Clauses Literals |    Limit  Clauses Lit/Cl |          |
===============================================================================
|       100 |     300     1278     3834 |      468      100     17 |  0.001 % |
|       250 |     300     1278     3834 |      515      250     16 |  0.001 % |
|       475 |     300     1278     3834 |      567      475     16 |  0.001 % |
|       812 |     300     1278     3834 |      623      514     15 |  0.001 % |
|      1318 |     300     1278     3834 |      686      365     13 |  0.001 % |
|      2077 |     300     1278     3834 |      754      419     13 |  0.001 % |
|      3216 |     300     1278     3834 |      830      383     12 |  0.001 % |
|      4924 |     300     1278     3834 |      913      825     13 |  0.001 % |
|      7486 |     300     1278     3834 |     1004      587     12 |  0.001 % |
|     11330 |     300     1278     3834 |     1104      827     14 |  0.001 % |
|     17096 |     300     1278     3834 |     1215      950     13 |  0.001 % |
|     25745 |     300     1278     3834 |     1336      951     13 |  0.001 % |
|     38719 |     300     1278     3834 |     1470      951     14 |  0.001 % |
|     58180 |     300     1278     3834 |     1617      903     14 |  0.001 % |
|     87372 |     300     1278     3834 |     1779     1375     13 |  0.001 % |
|    131161 |     300     1278     3834 |     1957      985     13 |  0.001 % |
|    196845 |     300     1278     3834 |     2153     1150     12 |  0.001 % |
|    295371 |     300     1278     3834 |     2368     1514     13 |  0.001 % |
|    443160 |     300     1278     3834 |     2605     1746     13 |  0.001 % |
|    664843 |     300     1278     3834 |     2865     2033     14 |  0.001 % |
|    997368 |     300     1278     3834 |     3152     1524     13 |  0.001 % |
|   1496156 |     300     1278     3834 |     3467     2098     15 |  0.001 % |
|   2244338 |     300     1278     3834 |     3814     3334     16 |  0.001 % |
|   3366612 |     300     1278     3834 |     4195     2449     15 |  0.001 % |
|   5050023 |     300     1278     3834 |     4615     3375     14 |  0.001 % |
|   7575139 |     300     1278     3834 |     5077     2640     13 |  0.001 % |
===============================================================================
restarts              : 16383
conflicts             : 11089483       (68184 /sec)
decisions             : 13437760       (0.00 % random) (82623 /sec)
propagations          : 559683516      (3441241 /sec)
conflict literals     : 173470931      (23.04 % deleted)
Memory used           : 8.00 MB
CPU time              : 162.64 s

UNSATISFIABLE
