WARNING: for repeatability, setting FPU to use double precision
============================[ Problem Statistics ]=============================
|                                                                             |
|  Number of variables:           300                                         |
|  Number of clauses:            1278                                         |
|  Parse time:                   0.00 s                                       |
|                                                                             |
============================[ Search Statistics ]==============================
| Conflicts |          ORIGINAL         |          LEARNT          | Progress |
|           |    Vars  Clauses Literals |    Limit  Clauses Lit/Cl |          |
===============================================================================
|       100 |     300     1278     3834 |      468      100     17 |  0.001 % |
|       250 |     300     1278     3834 |      515      250     16 |  0.001 % |
|       475 |     300     1278     3834 |      567      475     16 |  0.001 % |
|       812 |     300     1278     3834 |      623      516     14 |  0.001 % |
|      1318 |     300     1278     3834 |      686      368     12 |  0.001 % |
|      2077 |     300     1278     3834 |      754      419     13 |  0.001 % |
|      3216 |     300     1278     3834 |      830      389     13 |  0.001 % |
|      4924 |     300     1278     3834 |      913      802     13 |  0.001 % |
|      7486 |     300     1278     3834 |     1004      531     12 |  0.001 % |
|     11330 |     300     1278     3834 |     1104      776     12 |  0.001 % |
|     17096 |     300     1278     3834 |     1215      871     14 |  0.001 % |
|     25745 |     300     1278     3834 |     1336      812     13 |  0.001 % |
|     38719 |     300     1278     3834 |     1470      845     12 |  0.001 % |
|     58180 |     300     1278     3834 |     1617      868     12 |  0.001 % |
|     87372 |     300     1278     3834 |     1779     1285     14 |  0.001 % |
|    131161 |     300     1278     3834 |     1957     1792     13 |  0.001 % |
|    196845 |     300     1278     3834 |     2153     1044     11 |  0.001 % |
|    295371 |     300     1278     3834 |     2368     1462     13 |  0.001 % |
|    443160 |     300     1278     3834 |     2605     1744     14 |  0.001 % |
|    664843 |     300     1278     3834 |     2865     2042     14 |  0.001 % |
|    997368 |     300     1278     3834 |     3152     1599     13 |  0.001 % |
|   1496156 |     300     1278     3834 |     3467     2179     14 |  0.001 % |
|   2244338 |     300     1278     3834 |     3814     3339     13 |  0.002 % |
|   3366612 |     300     1278     3834 |     4195     2855     13 |  0.001 % |
|   5050023 |     298     1257     3771 |     4615     2196     13 |  0.668 % |
===============================================================================
restarts              : 8191
conflicts             : 5210950        (72576 /sec)
decisions             : 6334807        (0.00 % random) (88229 /sec)
propagations          : 261945966      (3648273 /sec)
conflict literals     : 79915289       (22.67 % deleted)
Memory used           : 6.00 MB
CPU time              : 71.8 s

UNSATISFIABLE
