WARNING: for repeatability, setting FPU to use double precision
============================[ Problem Statistics ]=============================
|                                                                             |
|  Number of variables:           300                                         |
|  Number of clauses:            1278                                         |
|  Parse time:                   0.00 s                                       |
|                                                                             |
============================[ Search Statistics ]==============================
| Conflicts |          ORIGINAL         |          LEARNT          | Progress |
|           |    Vars  Clauses Literals |    Limit  Clauses Lit/Cl |          |
===============================================================================
|       100 |     300     1278     3834 |      468      100     17 |  0.001 % |
|       250 |     300     1278     3834 |      515      250     17 |  0.001 % |
|       475 |     300     1278     3834 |      567      475     18 |  0.001 % |
|       812 |     300     1278     3834 |      623      510     16 |  0.001 % |
|      1318 |     300     1278     3834 |      686      364     13 |  0.001 % |
|      2077 |     300     1278     3834 |      754      421     12 |  0.001 % |
|      3216 |     300     1278     3834 |      830      389     12 |  0.001 % |
|      4924 |     300     1278     3834 |      913      798     14 |  0.001 % |
|      7486 |     300     1278     3834 |     1004      533     11 |  0.001 % |
|     11330 |     300     1278     3834 |     1104      786     13 |  0.001 % |
|     17096 |     300     1278     3834 |     1215      896     13 |  0.001 % |
|     25745 |     300     1278     3834 |     1336      845     13 |  0.001 % |
|     38719 |     300     1278     3834 |     1470      873     12 |  0.001 % |
|     58180 |     300     1278     3834 |     1617      863     12 |  0.001 % |
|     87372 |     300     1278     3834 |     1779     1269     15 |  0.001 % |
|    131161 |     300     1278     3834 |     1957     1723     14 |  0.001 % |
|    196845 |     300     1278     3834 |     2153     1950     14 |  0.001 % |
|    295371 |     300     1278     3834 |     2368     1291     12 |  0.001 % |
|    443160 |     300     1278     3834 |     2605     1537     13 |  0.001 % |
|    664843 |     300     1278     3834 |     2865     1787     14 |  0.001 % |
|    997368 |     300     1278     3834 |     3152     2842     13 |  0.001 % |
|   1496156 |     300     1278     3834 |     3467     2009     13 |  0.001 % |
|   2244338 |     300     1278     3834 |     3814     3322     13 |  0.001 % |
|   3366612 |     300     1278     3834 |     4195     2742     15 |  0.001 % |
|   5050023 |     300     1278     3834 |     4615     2395     12 |  0.001 % |
===============================================================================
restarts              : 8191
conflicts             : 5329868        (72820 /sec)
decisions             : 6456108        (0.00 % random) (88208 /sec)
propagations          : 266814594      (3645407 /sec)
conflict literals     : 80589624       (22.83 % deleted)
Memory used           : 6.00 MB
CPU time              : 73.192 s

UNSATISFIABLE
