WARNING: for repeatability, setting FPU to use double precision
============================[ Problem Statistics ]=============================
|                                                                             |
|  Number of variables:           300                                         |
|  Number of clauses:            1278                                         |
|  Parse time:                   0.00 s                                       |
|                                                                             |
============================[ Search Statistics ]==============================
| Conflicts |          ORIGINAL         |          LEARNT          | Progress |
|           |    Vars  Clauses Literals |    Limit  Clauses Lit/Cl |          |
===============================================================================
|       100 |     300     1278     3834 |      468      100     17 |  0.001 % |
|       250 |     300     1278     3834 |      515      250     17 |  0.001 % |
|       475 |     300     1278     3834 |      567      475     17 |  0.001 % |
|       812 |     300     1278     3834 |      623      517     16 |  0.001 % |
|      1318 |     300     1278     3834 |      686      359     14 |  0.001 % |
|      2077 |     300     1278     3834 |      754      409     12 |  0.001 % |
|      3216 |     300     1278     3834 |      830      755     15 |  0.001 % |
|      4924 |     300     1278     3834 |      913      740     14 |  0.001 % |
|      7486 |     300     1278     3834 |     1004      499     10 |  0.001 % |
|     11330 |     300     1278     3834 |     1104      740     13 |  0.001 % |
|     17096 |     300     1278     3834 |     1215      852     13 |  0.001 % |
|     25745 |     300     1278     3834 |     1336      799     14 |  0.001 % |
|     38719 |     300     1278     3834 |     1470      785     13 |  0.001 % |
|     58180 |     300     1278     3834 |     1617     1505     15 |  0.001 % |
|     87372 |     300     1278     3834 |     1779     1083     12 |  0.001 % |
|    131161 |     300     1278     3834 |     1957     1483     14 |  0.001 % |
|    196845 |     300     1278     3834 |     2153     1680     14 |  0.001 % |
|    295371 |     300     1278     3834 |     2368     2018     13 |  0.001 % |
|    443160 |     300     1278     3834 |     2605     2144     13 |  0.001 % |
|    664843 |     300     1278     3834 |     2865     2466     15 |  0.001 % |
|    997368 |     300     1278     3834 |     3152     1860     14 |  0.001 % |
|   1496156 |     300     1278     3834 |     3467     2477     15 |  0.001 % |
|   2244338 |     300     1278     3834 |     3814     2134     13 |  0.001 % |
|   3366612 |     300     1278     3834 |     4195     3274     15 |  0.001 % |
|   5050023 |     300     1278     3834 |     4615     2370     13 |  0.001 % |
===============================================================================
restarts              : 8191
conflicts             : 5240226        (72443 /sec)
decisions             : 6364009        (0.00 % random) (87978 /sec)
propagations          : 266300839      (3681443 /sec)
conflict literals     : 83711295       (21.80 % deleted)
Memory used           : 6.00 MB
CPU time              : 72.336 s

SATISFIABLE
