WARNING: for repeatability, setting FPU to use double precision
============================[ Problem Statistics ]=============================
|                                                                             |
|  Number of variables:           300                                         |
|  Number of clauses:            1278                                         |
|  Parse time:                   0.00 s                                       |
|                                                                             |
============================[ Search Statistics ]==============================
| Conflicts |          ORIGINAL         |          LEARNT          | Progress |
|           |    Vars  Clauses Literals |    Limit  Clauses Lit/Cl |          |
===============================================================================
|       100 |     300     1278     3834 |      468      100     16 |  0.001 % |
|       250 |     300     1278     3834 |      515      250     15 |  0.001 % |
|       475 |     300     1278     3834 |      567      475     14 |  0.001 % |
|       812 |     300     1278     3834 |      623      510     14 |  0.001 % |
|      1318 |     300     1278     3834 |      686      367     12 |  0.001 % |
|      2077 |     300     1278     3834 |      754      418     12 |  0.001 % |
|      3216 |     300     1278     3834 |      830      394     11 |  0.001 % |
|      4924 |     300     1278     3834 |      913      826     13 |  0.001 % |
|      7486 |     300     1278     3834 |     1004      578     12 |  0.001 % |
|     11330 |     300     1278     3834 |     1104      796     12 |  0.001 % |
|     17096 |     300     1278     3834 |     1215      899     13 |  0.001 % |
|     25745 |     300     1278     3834 |     1336      872     13 |  0.001 % |
|     38719 |     300     1278     3834 |     1470      903     12 |  0.001 % |
|     58180 |     300     1278     3834 |     1617      902     13 |  0.001 % |
|     87372 |     300     1278     3834 |     1779     1364     14 |  0.001 % |
|    131161 |     300     1278     3834 |     1957     1786     15 |  0.001 % |
|    196845 |     300     1278     3834 |     2153     1990     14 |  0.001 % |
|    295371 |     300     1278     3834 |     2368     1307     13 |  0.001 % |
|    443160 |     300     1278     3834 |     2605     1516     13 |  0.001 % |
|    664843 |     300     1278     3834 |     2865     1741     13 |  0.001 % |
|    997368 |     300     1278     3834 |     3152     2669     14 |  0.001 % |
|   1496156 |     300     1278     3834 |     3467     1779     14 |  0.001 % |
|   2244338 |     300     1278     3834 |     3814     3086     14 |  0.001 % |
|   3366612 |     300     1278     3834 |     4195     2414     14 |  0.001 % |
|   5050023 |     299     1266     3798 |     4615     3935     12 |  0.337 % |
===============================================================================
restarts              : 8191
conflicts             : 5265926        (75478 /sec)
decisions             : 6401702        (0.00 % random) (91757 /sec)
propagations          : 266834718      (3824600 /sec)
conflict literals     : 79840331       (23.58 % deleted)
Memory used           : 6.00 MB
CPU time              : 69.768 s

UNSATISFIABLE
