WARNING: for repeatability, setting FPU to use double precision
============================[ Problem Statistics ]=============================
|                                                                             |
|  Number of variables:           300                                         |
|  Number of clauses:            1278                                         |
|  Parse time:                   0.00 s                                       |
|                                                                             |
============================[ Search Statistics ]==============================
| Conflicts |          ORIGINAL         |          LEARNT          | Progress |
|           |    Vars  Clauses Literals |    Limit  Clauses Lit/Cl |          |
===============================================================================
|       100 |     300     1278     3834 |      468      100     16 |  0.001 % |
|       250 |     300     1278     3834 |      515      250     18 |  0.001 % |
|       475 |     300     1278     3834 |      567      475     17 |  0.001 % |
|       812 |     300     1278     3834 |      623      519     15 |  0.001 % |
|      1318 |     300     1278     3834 |      686      377     14 |  0.001 % |
|      2077 |     300     1278     3834 |      754      419     13 |  0.001 % |
|      3216 |     300     1278     3834 |      830      783     15 |  0.001 % |
|      4924 |     300     1278     3834 |      913      778     13 |  0.001 % |
|      7486 |     300     1278     3834 |     1004      511     12 |  0.001 % |
|     11330 |     300     1278     3834 |     1104      747     13 |  0.001 % |
|     17096 |     300     1278     3834 |     1215      856     14 |  0.001 % |
|     25745 |     300     1278     3834 |     1336      844     14 |  0.001 % |
|     38719 |     300     1278     3834 |     1470      841     13 |  0.001 % |
|     58180 |     300     1278     3834 |     1617      806     13 |  0.001 % |
|     87372 |     300     1278     3834 |     1779     1232     14 |  0.001 % |
|    131161 |     300     1278     3834 |     1957     1715     14 |  0.001 % |
|    196845 |     300     1278     3834 |     2153     1948     15 |  0.001 % |
|    295371 |     300     1278     3834 |     2368     1130     13 |  0.001 % |
|    443160 |     300     1278     3834 |     2605     1299     12 |  0.001 % |
|    664843 |     300     1278     3834 |     2865     1714     15 |  0.001 % |
|    997368 |     300     1278     3834 |     3152     2594     13 |  0.001 % |
|   1496156 |     300     1278     3834 |     3467     1687     14 |  0.001 % |
|   2244338 |     300     1278     3834 |     3814     2981     14 |  0.001 % |
|   3366612 |     300     1278     3834 |     4195     2220     14 |  0.001 % |
|   5050023 |     300     1278     3834 |     4615     3450     12 |  0.001 % |
===============================================================================
restarts              : 11426
conflicts             : 7025844        (70822 /sec)
decisions             : 8506855        (0.00 % random) (85751 /sec)
propagations          : 353557033      (3563939 /sec)
conflict literals     : 107752400      (22.55 % deleted)
Memory used           : 7.00 MB
CPU time              : 99.204 s

UNSATISFIABLE
