WARNING: for repeatability, setting FPU to use double precision
============================[ Problem Statistics ]=============================
|                                                                             |
|  Number of variables:           300                                         |
|  Number of clauses:            1278                                         |
|  Parse time:                   0.00 s                                       |
|                                                                             |
============================[ Search Statistics ]==============================
| Conflicts |          ORIGINAL         |          LEARNT          | Progress |
|           |    Vars  Clauses Literals |    Limit  Clauses Lit/Cl |          |
===============================================================================
|       100 |     300     1278     3834 |      468      100     17 |  0.001 % |
|       250 |     300     1278     3834 |      515      250     17 |  0.001 % |
|       475 |     300     1278     3834 |      567      475     16 |  0.001 % |
|       812 |     300     1278     3834 |      623      513     15 |  0.001 % |
|      1318 |     300     1278     3834 |      686      369     13 |  0.001 % |
|      2077 |     300     1278     3834 |      754      413     12 |  0.001 % |
|      3216 |     300     1278     3834 |      830      782     14 |  0.001 % |
|      4924 |     300     1278     3834 |      913      766     13 |  0.001 % |
|      7486 |     300     1278     3834 |     1004      517     12 |  0.001 % |
|     11330 |     300     1278     3834 |     1104      765     12 |  0.001 % |
|     17096 |     300     1278     3834 |     1215      864     15 |  0.001 % |
|     25745 |     300     1278     3834 |     1336      823     13 |  0.001 % |
|     38719 |     300     1278     3834 |     1470      825     13 |  0.001 % |
|     58180 |     300     1278     3834 |     1617      825     12 |  0.001 % |
|     87372 |     300     1278     3834 |     1779     1276     13 |  0.001 % |
|    131161 |     300     1278     3834 |     1957     1768     15 |  0.001 % |
|    196845 |     300     1278     3834 |     2153     1887     13 |  0.001 % |
|    295371 |     300     1278     3834 |     2368     1330     12 |  0.001 % |
|    443160 |     300     1278     3834 |     2605     1633     13 |  0.001 % |
|    664843 |     300     1278     3834 |     2865     1935     15 |  0.001 % |
|    997368 |     300     1278     3834 |     3152     2846     14 |  0.001 % |
|   1496156 |     300     1278     3834 |     3467     1894     12 |  0.001 % |
|   2244338 |     300     1278     3834 |     3814     3388     13 |  0.001 % |
|   3366612 |     300     1278     3834 |     4195     2998     15 |  0.001 % |
|   5050023 |     300     1278     3834 |     4615     2203     12 |  0.001 % |
===============================================================================
restarts              : 8356
conflicts             : 5384944        (72955 /sec)
decisions             : 6508147        (0.00 % random) (88172 /sec)
propagations          : 266454518      (3609908 /sec)
conflict literals     : 81930968       (22.75 % deleted)
Memory used           : 6.00 MB
CPU time              : 73.812 s

UNSATISFIABLE
