WARNING: for repeatability, setting FPU to use double precision
============================[ Problem Statistics ]=============================
|                                                                             |
|  Number of variables:           300                                         |
|  Number of clauses:            1278                                         |
|  Parse time:                   0.00 s                                       |
|                                                                             |
============================[ Search Statistics ]==============================
| Conflicts |          ORIGINAL         |          LEARNT          | Progress |
|           |    Vars  Clauses Literals |    Limit  Clauses Lit/Cl |          |
===============================================================================
|       100 |     300     1278     3834 |      468      100     16 |  0.001 % |
|       250 |     300     1278     3834 |      515      250     16 |  0.001 % |
|       475 |     300     1278     3834 |      567      475     15 |  0.001 % |
|       812 |     300     1278     3834 |      623      509     14 |  0.001 % |
|      1318 |     300     1278     3834 |      686      364     12 |  0.001 % |
|      2077 |     300     1278     3834 |      754      390     12 |  0.001 % |
|      3216 |     300     1278     3834 |      830      754     13 |  0.001 % |
|      4924 |     300     1278     3834 |      913      747     14 |  0.001 % |
|      7486 |     300     1278     3834 |     1004      937     14 |  0.001 % |
|     11330 |     300     1278     3834 |     1104      662     13 |  0.001 % |
|     17096 |     300     1278     3834 |     1215      760     13 |  0.001 % |
|     25745 |     300     1278     3834 |     1336      755     12 |  0.001 % |
|     38719 |     300     1278     3834 |     1470      780     12 |  0.001 % |
|     58180 |     300     1278     3834 |     1617      818     13 |  0.001 % |
|     87372 |     300     1278     3834 |     1779     1253     13 |  0.001 % |
|    131161 |     300     1278     3834 |     1957     1738     14 |  0.001 % |
|    196845 |     300     1278     3834 |     2153     1952     15 |  0.001 % |
|    295371 |     300     1278     3834 |     2368     1172     13 |  0.001 % |
|    443160 |     300     1278     3834 |     2605     1512     13 |  0.001 % |
|    664843 |     300     1278     3834 |     2865     1890     14 |  0.001 % |
|    997368 |     300     1278     3834 |     3152     2764     12 |  0.001 % |
|   1496156 |     300     1278     3834 |     3467     1850     14 |  0.001 % |
|   2244338 |     300     1278     3834 |     3814     3363     14 |  0.001 % |
|   3366612 |     300     1278     3834 |     4195     2928     14 |  0.001 % |
|   5050023 |     300     1278     3834 |     4615     4184     14 |  0.001 % |
|   7575139 |     300     1278     3834 |     5077     3826     13 |  0.001 % |
===============================================================================
restarts              : 16380
conflicts             : 9993065        (69210 /sec)
decisions             : 12078679       (0.00 % random) (83654 /sec)
propagations          : 498204659      (3450458 /sec)
conflict literals     : 151687805      (23.46 % deleted)
Memory used           : 7.00 MB
CPU time              : 144.388 s

UNSATISFIABLE
