WARNING: for repeatability, setting FPU to use double precision
============================[ Problem Statistics ]=============================
|                                                                             |
|  Number of variables:           300                                         |
|  Number of clauses:            1278                                         |
|  Parse time:                   0.00 s                                       |
|                                                                             |
============================[ Search Statistics ]==============================
| Conflicts |          ORIGINAL         |          LEARNT          | Progress |
|           |    Vars  Clauses Literals |    Limit  Clauses Lit/Cl |          |
===============================================================================
|       100 |     300     1278     3834 |      468      100     17 |  0.001 % |
|       250 |     300     1278     3834 |      515      250     17 |  0.001 % |
|       475 |     300     1278     3834 |      567      475     16 |  0.001 % |
|       812 |     300     1278     3834 |      623      518     14 |  0.001 % |
|      1318 |     300     1278     3834 |      686      368     13 |  0.001 % |
|      2077 |     300     1278     3834 |      754      422     12 |  0.001 % |
|      3216 |     300     1278     3834 |      830      400     11 |  0.001 % |
|      4924 |     300     1278     3834 |      913      828     13 |  0.001 % |
|      7486 |     300     1278     3834 |     1004      595     12 |  0.001 % |
|     11330 |     300     1278     3834 |     1104      848     12 |  0.001 % |
|     17096 |     300     1278     3834 |     1215      947     14 |  0.001 % |
|     25745 |     300     1278     3834 |     1336      863     12 |  0.001 % |
|     38719 |     300     1278     3834 |     1470      903     13 |  0.001 % |
|     58180 |     300     1278     3834 |     1617      916     12 |  0.001 % |
|     87372 |     300     1278     3834 |     1779     1337     13 |  0.001 % |
|    131161 |     300     1278     3834 |     1957     1804     13 |  0.001 % |
|    196845 |     300     1278     3834 |     2153     1024     13 |  0.001 % |
|    295371 |     300     1278     3834 |     2368     1424     14 |  0.001 % |
|    443160 |     300     1278     3834 |     2605     1691     14 |  0.001 % |
|    664843 |     300     1278     3834 |     2865     2013     15 |  0.001 % |
|    997368 |     300     1278     3834 |     3152     1683     14 |  0.001 % |
|   1496156 |     300     1278     3834 |     3467     2405     15 |  0.001 % |
|   2244338 |     300     1278     3834 |     3814     1964     14 |  0.001 % |
|   3366612 |     300     1278     3834 |     4195     3542     15 |  0.001 % |
|   5050023 |     298     1260     3780 |     4615     3403     13 |  0.668 % |
===============================================================================
restarts              : 8191
conflicts             : 5162452        (73644 /sec)
decisions             : 6245684        (0.00 % random) (89097 /sec)
propagations          : 263306820      (3756160 /sec)
conflict literals     : 77928257       (23.46 % deleted)
Memory used           : 6.00 MB
CPU time              : 70.1 s

UNSATISFIABLE
