WARNING: for repeatability, setting FPU to use double precision
============================[ Problem Statistics ]=============================
|                                                                             |
|  Number of variables:           300                                         |
|  Number of clauses:            1278                                         |
|  Parse time:                   0.00 s                                       |
|                                                                             |
============================[ Search Statistics ]==============================
| Conflicts |          ORIGINAL         |          LEARNT          | Progress |
|           |    Vars  Clauses Literals |    Limit  Clauses Lit/Cl |          |
===============================================================================
|       100 |     300     1278     3834 |      468      100     17 |  0.001 % |
|       250 |     300     1278     3834 |      515      250     15 |  0.001 % |
|       475 |     300     1278     3834 |      567      475     15 |  0.001 % |
|       812 |     300     1278     3834 |      623      511     14 |  0.001 % |
|      1318 |     300     1278     3834 |      686      368     13 |  0.001 % |
|      2077 |     300     1278     3834 |      754      416     12 |  0.001 % |
|      3216 |     300     1278     3834 |      830      775     15 |  0.001 % |
|      4924 |     300     1278     3834 |      913      767     15 |  0.001 % |
|      7486 |     300     1278     3834 |     1004      497     12 |  0.001 % |
|     11330 |     300     1278     3834 |     1104      727     13 |  0.001 % |
|     17096 |     300     1278     3834 |     1215      846     13 |  0.001 % |
|     25745 |     300     1278     3834 |     1336      817     12 |  0.001 % |
|     38719 |     300     1278     3834 |     1470      866     12 |  0.001 % |
|     58180 |     300     1278     3834 |     1617      832     14 |  0.001 % |
|     87372 |     300     1278     3834 |     1779     1240     13 |  0.001 % |
|    131161 |     300     1278     3834 |     1957     1758     14 |  0.001 % |
|    196845 |     300     1278     3834 |     2153     1884     15 |  0.001 % |
|    295371 |     300     1278     3834 |     2368     1218     15 |  0.001 % |
|    443160 |     300     1278     3834 |     2605     1468     14 |  0.001 % |
|    664843 |     300     1278     3834 |     2865     1827     14 |  0.001 % |
|    997368 |     300     1278     3834 |     3152     2538     14 |  0.001 % |
|   1496156 |     300     1278     3834 |     3467     3051     15 |  0.001 % |
|   2244338 |     300     1278     3834 |     3814     2411     14 |  0.001 % |
|   3366612 |     300     1278     3834 |     4195     3743     15 |  0.001 % |
|   5050023 |     300     1278     3834 |     4615     2852     15 |  0.001 % |
|   7575139 |     300     1278     3834 |     5077     4207     13 |  0.003 % |
===============================================================================
restarts              : 16380
conflicts             : 10006437       (69272 /sec)
decisions             : 12103582       (0.00 % random) (83790 /sec)
propagations          : 505128971      (3496864 /sec)
conflict literals     : 153911832      (23.64 % deleted)
Memory used           : 7.00 MB
CPU time              : 144.452 s

UNSATISFIABLE
