WARNING: for repeatability, setting FPU to use double precision
============================[ Problem Statistics ]=============================
|                                                                             |
|  Number of variables:           300                                         |
|  Number of clauses:            1278                                         |
|  Parse time:                   0.00 s                                       |
|                                                                             |
============================[ Search Statistics ]==============================
| Conflicts |          ORIGINAL         |          LEARNT          | Progress |
|           |    Vars  Clauses Literals |    Limit  Clauses Lit/Cl |          |
===============================================================================
|       100 |     300     1278     3834 |      468      100     16 |  0.001 % |
|       250 |     300     1278     3834 |      515      250     16 |  0.001 % |
|       475 |     300     1278     3834 |      567      475     15 |  0.001 % |
|       812 |     300     1278     3834 |      623      515     15 |  0.001 % |
|      1318 |     300     1278     3834 |      686      367     13 |  0.001 % |
|      2077 |     300     1278     3834 |      754      415     12 |  0.001 % |
|      3216 |     300     1278     3834 |      830      390     11 |  0.001 % |
|      4924 |     300     1278     3834 |      913      796     13 |  0.001 % |
|      7486 |     300     1278     3834 |     1004      535     11 |  0.001 % |
|     11330 |     300     1278     3834 |     1104      774     13 |  0.001 % |
|     17096 |     300     1278     3834 |     1215      894     12 |  0.001 % |
|     25745 |     300     1278     3834 |     1336      854     13 |  0.001 % |
|     38719 |     300     1278     3834 |     1470      886     11 |  0.001 % |
|     58180 |     300     1278     3834 |     1617      905     13 |  0.001 % |
|     87372 |     300     1278     3834 |     1779     1343     15 |  0.001 % |
|    131161 |     300     1278     3834 |     1957      927     12 |  0.001 % |
|    196845 |     300     1278     3834 |     2153     1126     12 |  0.001 % |
|    295371 |     300     1278     3834 |     2368     1582     13 |  0.001 % |
|    443160 |     300     1278     3834 |     2605     1785     14 |  0.001 % |
|    664843 |     300     1278     3834 |     2865     2074     15 |  0.001 % |
|    997368 |     300     1278     3834 |     3152     1562     13 |  0.001 % |
|   1496156 |     300     1278     3834 |     3467     2129     14 |  0.001 % |
|   2244338 |     300     1278     3834 |     3814     3487     14 |  0.001 % |
|   3366612 |     300     1278     3834 |     4195     2975     14 |  0.001 % |
|   5050023 |     300     1278     3834 |     4615     2437     13 |  0.004 % |
===============================================================================
restarts              : 8747
conflicts             : 5572106        (72697 /sec)
decisions             : 6724735        (0.00 % random) (87735 /sec)
propagations          : 279375510      (3644916 /sec)
conflict literals     : 84454314       (22.39 % deleted)
Memory used           : 6.00 MB
CPU time              : 76.648 s

UNSATISFIABLE
