WARNING: for repeatability, setting FPU to use double precision
============================[ Problem Statistics ]=============================
|                                                                             |
|  Number of variables:           300                                         |
|  Number of clauses:            1278                                         |
|  Parse time:                   0.00 s                                       |
|                                                                             |
============================[ Search Statistics ]==============================
| Conflicts |          ORIGINAL         |          LEARNT          | Progress |
|           |    Vars  Clauses Literals |    Limit  Clauses Lit/Cl |          |
===============================================================================
|       100 |     300     1278     3834 |      468      100     18 |  0.001 % |
|       250 |     300     1278     3834 |      515      250     17 |  0.001 % |
|       475 |     300     1278     3834 |      567      475     16 |  0.001 % |
|       812 |     300     1278     3834 |      623      515     15 |  0.001 % |
|      1318 |     300     1278     3834 |      686      358     14 |  0.001 % |
|      2077 |     300     1278     3834 |      754      413     13 |  0.001 % |
|      3216 |     300     1278     3834 |      830      385     13 |  0.001 % |
|      4924 |     300     1278     3834 |      913      790     15 |  0.001 % |
|      7486 |     300     1278     3834 |     1004      532     13 |  0.001 % |
|     11330 |     300     1278     3834 |     1104      745     14 |  0.001 % |
|     17096 |     300     1278     3834 |     1215      835     14 |  0.001 % |
|     25745 |     300     1278     3834 |     1336      838     15 |  0.001 % |
|     38719 |     300     1278     3834 |     1470      893     12 |  0.001 % |
|     58180 |     300     1278     3834 |     1617      871     13 |  0.001 % |
|     87372 |     300     1278     3834 |     1779     1258     14 |  0.001 % |
|    131161 |     300     1278     3834 |     1957     1686     14 |  0.001 % |
|    196845 |     300     1278     3834 |     2153     1878     15 |  0.001 % |
|    295371 |     300     1278     3834 |     2368     1132     13 |  0.001 % |
|    443160 |     300     1278     3834 |     2605     1404     14 |  0.001 % |
|    664843 |     300     1278     3834 |     2865     1763     14 |  0.001 % |
|    997368 |     300     1278     3834 |     3152     2791     13 |  0.001 % |
|   1496156 |     300     1278     3834 |     3467     1617     14 |  0.001 % |
|   2244338 |     300     1278     3834 |     3814     2766     15 |  0.001 % |
|   3366612 |     300     1278     3834 |     4195     1936     15 |  0.001 % |
|   5050023 |     300     1278     3834 |     4615     2913     15 |  0.001 % |
|   7575139 |     300     1278     3834 |     5077     4485     16 |  0.001 % |
|  11362814 |     299     1271     3813 |     5584     3342     14 |  0.336 % |
===============================================================================
restarts              : 20477
conflicts             : 13696891       (66887 /sec)
decisions             : 16604758       (0.00 % random) (81087 /sec)
propagations          : 679213201      (3316859 /sec)
conflict literals     : 214187809      (22.55 % deleted)
Memory used           : 9.00 MB
CPU time              : 204.776 s

UNSATISFIABLE
