WARNING: for repeatability, setting FPU to use double precision
============================[ Problem Statistics ]=============================
|                                                                             |
|  Number of variables:           300                                         |
|  Number of clauses:            1278                                         |
|  Parse time:                   0.00 s                                       |
|                                                                             |
============================[ Search Statistics ]==============================
| Conflicts |          ORIGINAL         |          LEARNT          | Progress |
|           |    Vars  Clauses Literals |    Limit  Clauses Lit/Cl |          |
===============================================================================
|       100 |     300     1278     3834 |      468      100     19 |  0.001 % |
|       250 |     300     1278     3834 |      515      250     18 |  0.001 % |
|       475 |     300     1278     3834 |      567      475     18 |  0.001 % |
|       812 |     300     1278     3834 |      623      511     16 |  0.001 % |
|      1318 |     300     1278     3834 |      686      365     13 |  0.001 % |
|      2077 |     300     1278     3834 |      754      417     12 |  0.001 % |
|      3216 |     300     1278     3834 |      830      384     11 |  0.001 % |
|      4924 |     300     1278     3834 |      913      805     13 |  0.001 % |
|      7486 |     300     1278     3834 |     1004      544     11 |  0.001 % |
|     11330 |     300     1278     3834 |     1104      768     13 |  0.001 % |
|     17096 |     300     1278     3834 |     1215      857     13 |  0.001 % |
|     25745 |     300     1278     3834 |     1336      820     12 |  0.001 % |
|     38719 |     300     1278     3834 |     1470      825     13 |  0.001 % |
|     58180 |     300     1278     3834 |     1617      793     12 |  0.001 % |
|     87372 |     300     1278     3834 |     1779     1186     15 |  0.001 % |
|    131161 |     300     1278     3834 |     1957     1596     14 |  0.001 % |
|    196845 |     300     1278     3834 |     2153     1731     14 |  0.001 % |
|    295371 |     300     1278     3834 |     2368     2114     15 |  0.001 % |
|    443160 |     300     1278     3834 |     2605     2169     16 |  0.001 % |
|    664843 |     300     1278     3834 |     2865     2348     14 |  0.001 % |
|    997368 |     300     1278     3834 |     3152     1734     15 |  0.001 % |
|   1496156 |     300     1278     3834 |     3467     2270     15 |  0.001 % |
|   2244338 |     300     1278     3834 |     3814     3105     15 |  0.001 % |
|   3366612 |     300     1278     3834 |     4195     2241     15 |  0.001 % |
|   5050023 |     300     1278     3834 |     4615     3428     14 |  0.001 % |
|   7575139 |     300     1278     3834 |     5077     2928     14 |  0.001 % |
|  11362814 |     299     1271     3813 |     5584     4692     14 |  0.334 % |
===============================================================================
restarts              : 20485
conflicts             : 13943573       (66553 /sec)
decisions             : 16942771       (0.00 % random) (80868 /sec)
propagations          : 702462449      (3352851 /sec)
conflict literals     : 219332518      (22.76 % deleted)
Memory used           : 9.00 MB
CPU time              : 209.512 s

UNSATISFIABLE
