WARNING: for repeatability, setting FPU to use double precision
============================[ Problem Statistics ]=============================
|                                                                             |
|  Number of variables:           300                                         |
|  Number of clauses:            1278                                         |
|  Parse time:                   0.00 s                                       |
|                                                                             |
============================[ Search Statistics ]==============================
| Conflicts |          ORIGINAL         |          LEARNT          | Progress |
|           |    Vars  Clauses Literals |    Limit  Clauses Lit/Cl |          |
===============================================================================
|       100 |     300     1278     3834 |      468      100     19 |  0.001 % |
|       250 |     300     1278     3834 |      515      250     17 |  0.001 % |
|       475 |     300     1278     3834 |      567      475     17 |  0.001 % |
|       812 |     300     1278     3834 |      623      509     16 |  0.001 % |
|      1318 |     300     1278     3834 |      686      359     15 |  0.001 % |
|      2077 |     300     1278     3834 |      754      411     12 |  0.001 % |
|      3216 |     300     1278     3834 |      830      773     14 |  0.001 % |
|      4924 |     300     1278     3834 |      913      756     13 |  0.001 % |
|      7486 |     300     1278     3834 |     1004      499     11 |  0.001 % |
|     11330 |     300     1278     3834 |     1104      725     14 |  0.001 % |
|     17096 |     300     1278     3834 |     1215      827     13 |  0.001 % |
|     25745 |     300     1278     3834 |     1336      792     12 |  0.001 % |
|     38719 |     300     1278     3834 |     1470      793     13 |  0.001 % |
|     58180 |     300     1278     3834 |     1617      789     13 |  0.001 % |
|     87372 |     300     1278     3834 |     1779     1193     15 |  0.001 % |
|    131161 |     300     1278     3834 |     1957     1576     14 |  0.001 % |
|    196845 |     300     1278     3834 |     2153     1769     15 |  0.001 % |
|    295371 |     300     1278     3834 |     2368     1128     13 |  0.001 % |
|    443160 |     300     1278     3834 |     2605     1324     14 |  0.001 % |
|    664843 |     300     1278     3834 |     2865     1654     14 |  0.001 % |
|    997368 |     300     1278     3834 |     3152     2400     14 |  0.001 % |
|   1496156 |     300     1278     3834 |     3467     2869     14 |  0.001 % |
|   2244338 |     300     1278     3834 |     3814     2132     13 |  0.001 % |
|   3366612 |     300     1278     3834 |     4195     3281     15 |  0.001 % |
|   5050023 |     300     1278     3834 |     4615     2341     13 |  0.001 % |
|   7575139 |     300     1278     3834 |     5077     4135     15 |  0.001 % |
===============================================================================
restarts              : 16383
conflicts             : 11094619       (67786 /sec)
decisions             : 13434637       (0.00 % random) (82083 /sec)
propagations          : 549439153      (3356953 /sec)
conflict literals     : 173429057      (22.10 % deleted)
Memory used           : 8.00 MB
CPU time              : 163.672 s

UNSATISFIABLE
