WARNING: for repeatability, setting FPU to use double precision
============================[ Problem Statistics ]=============================
|                                                                             |
|  Number of variables:           300                                         |
|  Number of clauses:            1278                                         |
|  Parse time:                   0.00 s                                       |
|                                                                             |
============================[ Search Statistics ]==============================
| Conflicts |          ORIGINAL         |          LEARNT          | Progress |
|           |    Vars  Clauses Literals |    Limit  Clauses Lit/Cl |          |
===============================================================================
|       100 |     300     1278     3834 |      468      100     15 |  0.001 % |
|       250 |     300     1278     3834 |      515      250     16 |  0.001 % |
|       475 |     300     1278     3834 |      567      475     16 |  0.001 % |
|       812 |     300     1278     3834 |      623      510     15 |  0.001 % |
|      1318 |     300     1278     3834 |      686      354     14 |  0.001 % |
|      2077 |     300     1278     3834 |      754      390     12 |  0.001 % |
|      3216 |     300     1278     3834 |      830      746     14 |  0.001 % |
|      4924 |     300     1278     3834 |      913      738     13 |  0.001 % |
|      7486 |     300     1278     3834 |     1004      951     12 |  0.001 % |
|     11330 |     300     1278     3834 |     1104      664     12 |  0.001 % |
|     17096 |     300     1278     3834 |     1215      774     12 |  0.001 % |
|     25745 |     300     1278     3834 |     1336      743     13 |  0.001 % |
|     38719 |     300     1278     3834 |     1470      782     13 |  0.001 % |
|     58180 |     300     1278     3834 |     1617      792     11 |  0.001 % |
|     87372 |     300     1278     3834 |     1779     1235     14 |  0.001 % |
|    131161 |     300     1278     3834 |     1957     1708     15 |  0.001 % |
|    196845 |     300     1278     3834 |     2153     1944     13 |  0.001 % |
|    295371 |     300     1278     3834 |     2368     1216     13 |  0.001 % |
|    443160 |     300     1278     3834 |     2605     1430     12 |  0.001 % |
|    664843 |     300     1278     3834 |     2865     1839     14 |  0.001 % |
|    997368 |     300     1278     3834 |     3152     1496     13 |  0.001 % |
|   1496156 |     300     1278     3834 |     3467     2121     14 |  0.001 % |
|   2244338 |     300     1278     3834 |     3814     1797     13 |  0.001 % |
|   3366612 |     300     1278     3834 |     4195     3167     14 |  0.001 % |
|   5050023 |     299     1270     3810 |     4615     3184     13 |  0.336 % |
===============================================================================
restarts              : 8191
conflicts             : 5224370        (72516 /sec)
decisions             : 6329181        (0.00 % random) (87852 /sec)
propagations          : 260501408      (3615865 /sec)
conflict literals     : 79163780       (23.03 % deleted)
Memory used           : 6.00 MB
CPU time              : 72.044 s

UNSATISFIABLE
