WARNING: for repeatability, setting FPU to use double precision
============================[ Problem Statistics ]=============================
|                                                                             |
|  Number of variables:           300                                         |
|  Number of clauses:            1278                                         |
|  Parse time:                   0.00 s                                       |
|                                                                             |
============================[ Search Statistics ]==============================
| Conflicts |          ORIGINAL         |          LEARNT          | Progress |
|           |    Vars  Clauses Literals |    Limit  Clauses Lit/Cl |          |
===============================================================================
|       100 |     300     1278     3834 |      468      100     19 |  0.001 % |
|       250 |     300     1278     3834 |      515      250     16 |  0.001 % |
|       475 |     300     1278     3834 |      567      475     17 |  0.001 % |
|       812 |     300     1278     3834 |      623      519     17 |  0.001 % |
|      1318 |     300     1278     3834 |      686      367     14 |  0.001 % |
|      2077 |     300     1278     3834 |      754      419     13 |  0.001 % |
|      3216 |     300     1278     3834 |      830      391     11 |  0.001 % |
|      4924 |     300     1278     3834 |      913      809     13 |  0.001 % |
|      7486 |     300     1278     3834 |     1004      547     11 |  0.001 % |
|     11330 |     300     1278     3834 |     1104      782     14 |  0.001 % |
|     17096 |     300     1278     3834 |     1215      882     13 |  0.001 % |
|     25745 |     300     1278     3834 |     1336      866     12 |  0.001 % |
|     38719 |     300     1278     3834 |     1470      882     12 |  0.001 % |
|     58180 |     300     1278     3834 |     1617      884     13 |  0.001 % |
|     87372 |     300     1278     3834 |     1779     1300     13 |  0.001 % |
|    131161 |     300     1278     3834 |     1957     1790     14 |  0.001 % |
|    196845 |     300     1278     3834 |     2153     1057     13 |  0.001 % |
|    295371 |     300     1278     3834 |     2368     1502     14 |  0.001 % |
|    443160 |     300     1278     3834 |     2605     1838     13 |  0.001 % |
|    664843 |     300     1278     3834 |     2865     2291     15 |  0.001 % |
|    997368 |     300     1278     3834 |     3152     1772     14 |  0.001 % |
|   1496156 |     300     1278     3834 |     3467     2468     15 |  0.001 % |
|   2244338 |     300     1278     3834 |     3814     2192     14 |  0.001 % |
|   3366612 |     300     1278     3834 |     4195     3743     15 |  0.001 % |
|   5050023 |     293     1201     3603 |     4615     1972     10 |  2.334 % |
===============================================================================
restarts              : 8191
conflicts             : 5060769        (73158 /sec)
decisions             : 6111788        (0.00 % random) (88351 /sec)
propagations          : 254282293      (3675874 /sec)
conflict literals     : 75623851       (22.86 % deleted)
Memory used           : 6.00 MB
CPU time              : 69.176 s

UNSATISFIABLE
