WARNING: for repeatability, setting FPU to use double precision
============================[ Problem Statistics ]=============================
|                                                                             |
|  Number of variables:           300                                         |
|  Number of clauses:            1278                                         |
|  Parse time:                   0.00 s                                       |
|                                                                             |
============================[ Search Statistics ]==============================
| Conflicts |          ORIGINAL         |          LEARNT          | Progress |
|           |    Vars  Clauses Literals |    Limit  Clauses Lit/Cl |          |
===============================================================================
|       100 |     300     1278     3834 |      468      100     16 |  0.001 % |
|       250 |     300     1278     3834 |      515      250     16 |  0.001 % |
|       475 |     300     1278     3834 |      567      475     16 |  0.001 % |
|       812 |     300     1278     3834 |      623      509     14 |  0.001 % |
|      1318 |     300     1278     3834 |      686      354     13 |  0.001 % |
|      2077 |     300     1278     3834 |      754      407     13 |  0.001 % |
|      3216 |     300     1278     3834 |      830      764     14 |  0.001 % |
|      4924 |     300     1278     3834 |      913      765     13 |  0.001 % |
|      7486 |     300     1278     3834 |     1004      488     12 |  0.001 % |
|     11330 |     300     1278     3834 |     1104      724     14 |  0.001 % |
|     17096 |     300     1278     3834 |     1215      856     13 |  0.001 % |
|     25745 |     300     1278     3834 |     1336      816     12 |  0.001 % |
|     38719 |     300     1278     3834 |     1470      831     13 |  0.001 % |
|     58180 |     300     1278     3834 |     1617      809     12 |  0.001 % |
|     87372 |     300     1278     3834 |     1779     1261     13 |  0.001 % |
|    131161 |     300     1278     3834 |     1957     1717     14 |  0.001 % |
|    196845 |     300     1278     3834 |     2153     1919     14 |  0.001 % |
|    295371 |     300     1278     3834 |     2368     1159     13 |  0.001 % |
|    443160 |     300     1278     3834 |     2605     1438     12 |  0.001 % |
|    664843 |     300     1278     3834 |     2865     1805     15 |  0.001 % |
|    997368 |     300     1278     3834 |     3152     2798     15 |  0.001 % |
|   1496156 |     300     1278     3834 |     3467     1728     14 |  0.001 % |
|   2244338 |     300     1278     3834 |     3814     2727     13 |  0.001 % |
|   3366612 |     300     1278     3834 |     4195     2050     14 |  0.001 % |
|   5050023 |     300     1278     3834 |     4615     3638     13 |  0.001 % |
===============================================================================
restarts              : 11705
conflicts             : 7135311        (70446 /sec)
decisions             : 8651015        (0.00 % random) (85410 /sec)
propagations          : 364849847      (3602103 /sec)
conflict literals     : 108532839      (23.19 % deleted)
Memory used           : 7.00 MB
CPU time              : 101.288 s

UNSATISFIABLE
