WARNING: for repeatability, setting FPU to use double precision
============================[ Problem Statistics ]=============================
|                                                                             |
|  Number of variables:           300                                         |
|  Number of clauses:            1278                                         |
|  Parse time:                   0.00 s                                       |
|                                                                             |
============================[ Search Statistics ]==============================
| Conflicts |          ORIGINAL         |          LEARNT          | Progress |
|           |    Vars  Clauses Literals |    Limit  Clauses Lit/Cl |          |
===============================================================================
|       100 |     300     1278     3834 |      468      100     19 |  0.001 % |
|       250 |     300     1278     3834 |      515      250     17 |  0.001 % |
|       475 |     300     1278     3834 |      567      475     17 |  0.001 % |
|       812 |     300     1278     3834 |      623      511     15 |  0.001 % |
|      1318 |     300     1278     3834 |      686      357     14 |  0.001 % |
|      2077 |     300     1278     3834 |      754      413     13 |  0.001 % |
|      3216 |     300     1278     3834 |      830      777     14 |  0.001 % |
|      4924 |     300     1278     3834 |      913      780     13 |  0.001 % |
|      7486 |     300     1278     3834 |     1004      504     13 |  0.001 % |
|     11330 |     300     1278     3834 |     1104      741     13 |  0.001 % |
|     17096 |     300     1278     3834 |     1215      875     13 |  0.001 % |
|     25745 |     300     1278     3834 |     1336      865     11 |  0.001 % |
|     38719 |     300     1278     3834 |     1470      897     13 |  0.001 % |
|     58180 |     300     1278     3834 |     1617      907     13 |  0.001 % |
|     87372 |     300     1278     3834 |     1779     1408     12 |  0.001 % |
|    131161 |     300     1278     3834 |     1957     1011     12 |  0.001 % |
|    196845 |     300     1278     3834 |     2153     1290     13 |  0.001 % |
|    295371 |     300     1278     3834 |     2368     1731     15 |  0.001 % |
|    443160 |     300     1278     3834 |     2605     2058     14 |  0.001 % |
|    664843 |     300     1278     3834 |     2865     2492     15 |  0.001 % |
|    997368 |     300     1278     3834 |     3152     2155     13 |  0.001 % |
|   1496156 |     300     1278     3834 |     3467     1608     13 |  0.001 % |
|   2244338 |     300     1278     3834 |     3814     3171     14 |  0.001 % |
|   3366612 |     300     1278     3834 |     4195     3052     14 |  0.001 % |
|   5050023 |     299     1268     3804 |     4615     2607     12 |  0.337 % |
===============================================================================
restarts              : 8191
conflicts             : 5189982        (73467 /sec)
decisions             : 6281510        (0.00 % random) (88918 /sec)
propagations          : 256962377      (3637427 /sec)
conflict literals     : 77872805       (22.45 % deleted)
Memory used           : 6.00 MB
CPU time              : 70.644 s

UNSATISFIABLE
