WARNING: for repeatability, setting FPU to use double precision
============================[ Problem Statistics ]=============================
|                                                                             |
|  Number of variables:           300                                         |
|  Number of clauses:            1278                                         |
|  Parse time:                   0.00 s                                       |
|                                                                             |
============================[ Search Statistics ]==============================
| Conflicts |          ORIGINAL         |          LEARNT          | Progress |
|           |    Vars  Clauses Literals |    Limit  Clauses Lit/Cl |          |
===============================================================================
|       100 |     300     1278     3834 |      468      100     16 |  0.001 % |
|       250 |     300     1278     3834 |      515      250     16 |  0.001 % |
|       475 |     300     1278     3834 |      567      475     15 |  0.001 % |
|       812 |     300     1278     3834 |      623      518     14 |  0.001 % |
|      1318 |     300     1278     3834 |      686      369     13 |  0.001 % |
|      2077 |     300     1278     3834 |      754      420     13 |  0.001 % |
|      3216 |     300     1278     3834 |      830      396     13 |  0.001 % |
|      4924 |     300     1278     3834 |      913      803     15 |  0.001 % |
|      7486 |     300     1278     3834 |     1004      540     12 |  0.001 % |
|     11330 |     300     1278     3834 |     1104      781     13 |  0.001 % |
|     17096 |     300     1278     3834 |     1215      846     15 |  0.001 % |
|     25745 |     300     1278     3834 |     1336      763     13 |  0.001 % |
|     38719 |     300     1278     3834 |     1470      840     13 |  0.001 % |
|     58180 |     300     1278     3834 |     1617      822     13 |  0.001 % |
|     87372 |     300     1278     3834 |     1779     1226     13 |  0.001 % |
|    131161 |     300     1278     3834 |     1957     1611     14 |  0.001 % |
|    196845 |     300     1278     3834 |     2153     1730     14 |  0.001 % |
|    295371 |     300     1278     3834 |     2368     2122     14 |  0.001 % |
|    443160 |     300     1278     3834 |     2605     2301     15 |  0.001 % |
|    664843 |     300     1278     3834 |     2865     2507     15 |  0.001 % |
|    997368 |     300     1278     3834 |     3152     1901     14 |  0.001 % |
|   1496156 |     300     1278     3834 |     3467     2369     15 |  0.001 % |
|   2244338 |     300     1278     3834 |     3814     1785     13 |  0.001 % |
|   3366612 |     300     1278     3834 |     4195     3004     15 |  0.001 % |
|   5050023 |     300     1278     3834 |     4615     2150     14 |  0.001 % |
|   7575139 |     299     1265     3795 |     5077     2341     13 |  0.334 % |
===============================================================================
restarts              : 16382
conflicts             : 10372331       (67532 /sec)
decisions             : 12588860       (0.00 % random) (81963 /sec)
propagations          : 525815100      (3423454 /sec)
conflict literals     : 160222332      (23.23 % deleted)
Memory used           : 8.00 MB
CPU time              : 153.592 s

UNSATISFIABLE
