WARNING: for repeatability, setting FPU to use double precision
============================[ Problem Statistics ]=============================
|                                                                             |
|  Number of variables:           300                                         |
|  Number of clauses:            1278                                         |
|  Parse time:                   0.00 s                                       |
|                                                                             |
============================[ Search Statistics ]==============================
| Conflicts |          ORIGINAL         |          LEARNT          | Progress |
|           |    Vars  Clauses Literals |    Limit  Clauses Lit/Cl |          |
===============================================================================
|       100 |     300     1278     3834 |      468      100     15 |  0.001 % |
|       250 |     300     1278     3834 |      515      250     16 |  0.001 % |
|       475 |     300     1278     3834 |      567      475     15 |  0.001 % |
|       812 |     300     1278     3834 |      623      511     15 |  0.001 % |
|      1318 |     300     1278     3834 |      686      358     13 |  0.001 % |
|      2077 |     300     1278     3834 |      754      415     12 |  0.001 % |
|      3216 |     300     1278     3834 |      830      387     11 |  0.001 % |
|      4924 |     300     1278     3834 |      913      808     13 |  0.001 % |
|      7486 |     300     1278     3834 |     1004      562     11 |  0.001 % |
|     11330 |     300     1278     3834 |     1104      787     13 |  0.001 % |
|     17096 |     300     1278     3834 |     1215      889     14 |  0.001 % |
|     25745 |     300     1278     3834 |     1336      852     12 |  0.001 % |
|     38719 |     300     1278     3834 |     1470      879     12 |  0.001 % |
|     58180 |     300     1278     3834 |     1617      920     13 |  0.001 % |
|     87372 |     300     1278     3834 |     1779     1358     12 |  0.001 % |
|    131161 |     300     1278     3834 |     1957      959     12 |  0.001 % |
|    196845 |     300     1278     3834 |     2153     1240     14 |  0.001 % |
|    295371 |     300     1278     3834 |     2368     1661     13 |  0.001 % |
|    443160 |     300     1278     3834 |     2605     1883     15 |  0.001 % |
|    664843 |     300     1278     3834 |     2865     2277     14 |  0.001 % |
|    997368 |     300     1278     3834 |     3152     1751     13 |  0.001 % |
|   1496156 |     300     1278     3834 |     3467     2376     13 |  0.001 % |
|   2244338 |     300     1278     3834 |     3814     2163     13 |  0.001 % |
|   3366612 |     300     1278     3834 |     4195     3548     14 |  0.001 % |
|   5050023 |     297     1246     3738 |     4615     2260     11 |  1.002 % |
===============================================================================
restarts              : 8191
conflicts             : 5077635        (73068 /sec)
decisions             : 6140541        (0.00 % random) (88363 /sec)
propagations          : 255086172      (3670727 /sec)
conflict literals     : 76315062       (23.64 % deleted)
Memory used           : 6.00 MB
CPU time              : 69.492 s

UNSATISFIABLE
