WARNING: for repeatability, setting FPU to use double precision
============================[ Problem Statistics ]=============================
|                                                                             |
|  Number of variables:           300                                         |
|  Number of clauses:            1278                                         |
|  Parse time:                   0.00 s                                       |
|                                                                             |
============================[ Search Statistics ]==============================
| Conflicts |          ORIGINAL         |          LEARNT          | Progress |
|           |    Vars  Clauses Literals |    Limit  Clauses Lit/Cl |          |
===============================================================================
|       100 |     300     1278     3834 |      468      100     18 |  0.001 % |
|       250 |     300     1278     3834 |      515      250     17 |  0.001 % |
|       475 |     300     1278     3834 |      567      475     17 |  0.001 % |
|       812 |     300     1278     3834 |      623      510     15 |  0.001 % |
|      1318 |     300     1278     3834 |      686      364     12 |  0.001 % |
|      2077 |     300     1278     3834 |      754      419     12 |  0.001 % |
|      3216 |     300     1278     3834 |      830      393     12 |  0.001 % |
|      4924 |     300     1278     3834 |      913      814     13 |  0.001 % |
|      7486 |     300     1278     3834 |     1004      542     13 |  0.001 % |
|     11330 |     300     1278     3834 |     1104      764     12 |  0.001 % |
|     17096 |     300     1278     3834 |     1215      893     13 |  0.001 % |
|     25745 |     300     1278     3834 |     1336      855     13 |  0.001 % |
|     38719 |     300     1278     3834 |     1470      921     11 |  0.001 % |
|     58180 |     300     1278     3834 |     1617      935     14 |  0.001 % |
|     87372 |     300     1278     3834 |     1779     1365     13 |  0.001 % |
|    131161 |     300     1278     3834 |     1957      998     13 |  0.001 % |
|    196845 |     300     1278     3834 |     2153     1196     13 |  0.001 % |
|    295371 |     300     1278     3834 |     2368     1646     13 |  0.001 % |
|    443160 |     300     1278     3834 |     2605     1804     15 |  0.001 % |
|    664843 |     300     1278     3834 |     2865     2130     14 |  0.001 % |
|    997368 |     300     1278     3834 |     3152     1667     13 |  0.001 % |
|   1496156 |     300     1278     3834 |     3467     2339     14 |  0.001 % |
|   2244338 |     300     1278     3834 |     3814     1800     13 |  0.001 % |
|   3366612 |     300     1278     3834 |     4195     3157     14 |  0.001 % |
|   5050023 |     300     1278     3834 |     4615     2554     14 |  0.001 % |
|   7575139 |     297     1242     3726 |     5077     4515     13 |  1.001 % |
===============================================================================
restarts              : 12286
conflicts             : 7716420        (70045 /sec)
decisions             : 9349410        (0.00 % random) (84868 /sec)
propagations          : 385500184      (3499330 /sec)
conflict literals     : 117735751      (22.86 % deleted)
Memory used           : 7.00 MB
CPU time              : 110.164 s

UNSATISFIABLE
