WARNING: for repeatability, setting FPU to use double precision
============================[ Problem Statistics ]=============================
|                                                                             |
|  Number of variables:           300                                         |
|  Number of clauses:            1278                                         |
|  Parse time:                   0.00 s                                       |
|                                                                             |
============================[ Search Statistics ]==============================
| Conflicts |          ORIGINAL         |          LEARNT          | Progress |
|           |    Vars  Clauses Literals |    Limit  Clauses Lit/Cl |          |
===============================================================================
|       100 |     300     1278     3834 |      468      100     16 |  0.001 % |
|       250 |     300     1278     3834 |      515      250     16 |  0.001 % |
|       475 |     300     1278     3834 |      567      475     16 |  0.001 % |
|       812 |     300     1278     3834 |      623      511     15 |  0.001 % |
|      1318 |     300     1278     3834 |      686      356     14 |  0.001 % |
|      2077 |     300     1278     3834 |      754      415     13 |  0.001 % |
|      3216 |     300     1278     3834 |      830      392     13 |  0.001 % |
|      4924 |     300     1278     3834 |      913      823     14 |  0.001 % |
|      7486 |     300     1278     3834 |     1004      557     13 |  0.001 % |
|     11330 |     300     1278     3834 |     1104      783     15 |  0.001 % |
|     17096 |     300     1278     3834 |     1215      884     14 |  0.001 % |
|     25745 |     300     1278     3834 |     1336      853     12 |  0.001 % |
|     38719 |     300     1278     3834 |     1470      854     13 |  0.001 % |
|     58180 |     300     1278     3834 |     1617      880     14 |  0.001 % |
|     87372 |     300     1278     3834 |     1779     1285     14 |  0.001 % |
|    131161 |     300     1278     3834 |     1957     1701     15 |  0.001 % |
|    196845 |     300     1278     3834 |     2153     1908     14 |  0.001 % |
|    295371 |     300     1278     3834 |     2368     1197     14 |  0.001 % |
|    443160 |     300     1278     3834 |     2605     1474     13 |  0.001 % |
|    664843 |     300     1278     3834 |     2865     1764     15 |  0.001 % |
|    997368 |     300     1278     3834 |     3152     2522     13 |  0.001 % |
|   1496156 |     300     1278     3834 |     3467     1663     13 |  0.001 % |
|   2244338 |     300     1278     3834 |     3814     2884     13 |  0.001 % |
|   3366612 |     300     1278     3834 |     4195     2106     14 |  0.001 % |
|   5050023 |     300     1278     3834 |     4615     3315     15 |  0.001 % |
===============================================================================
restarts              : 11004
conflicts             : 6790893        (71130 /sec)
decisions             : 8219263        (0.00 % random) (86091 /sec)
propagations          : 341159161      (3573395 /sec)
conflict literals     : 104660643      (23.42 % deleted)
Memory used           : 7.00 MB
CPU time              : 95.472 s

UNSATISFIABLE
