WARNING: for repeatability, setting FPU to use double precision
============================[ Problem Statistics ]=============================
|                                                                             |
|  Number of variables:           300                                         |
|  Number of clauses:            1278                                         |
|  Parse time:                   0.00 s                                       |
|                                                                             |
============================[ Search Statistics ]==============================
| Conflicts |          ORIGINAL         |          LEARNT          | Progress |
|           |    Vars  Clauses Literals |    Limit  Clauses Lit/Cl |          |
===============================================================================
|       100 |     300     1278     3834 |      468      100     14 |  0.001 % |
|       250 |     300     1278     3834 |      515      250     15 |  0.001 % |
|       475 |     300     1278     3834 |      567      475     15 |  0.001 % |
|       812 |     300     1278     3834 |      623      516     15 |  0.001 % |
|      1318 |     300     1278     3834 |      686      365     13 |  0.001 % |
|      2077 |     300     1278     3834 |      754      417     13 |  0.001 % |
|      3216 |     300     1278     3834 |      830      387     12 |  0.001 % |
|      4924 |     300     1278     3834 |      913      809     13 |  0.001 % |
|      7486 |     300     1278     3834 |     1004      539     12 |  0.001 % |
|     11330 |     300     1278     3834 |     1104      788     13 |  0.001 % |
|     17096 |     300     1278     3834 |     1215      900     13 |  0.001 % |
|     25745 |     300     1278     3834 |     1336      862     13 |  0.001 % |
|     38719 |     300     1278     3834 |     1470      909     13 |  0.001 % |
|     58180 |     300     1278     3834 |     1617      888     12 |  0.001 % |
|     87372 |     300     1278     3834 |     1779     1358     15 |  0.001 % |
|    131161 |     300     1278     3834 |     1957     1783     13 |  0.001 % |
|    196845 |     300     1278     3834 |     2153     1060     12 |  0.001 % |
|    295371 |     300     1278     3834 |     2368     1417     14 |  0.001 % |
|    443160 |     300     1278     3834 |     2605     1741     14 |  0.001 % |
|    664843 |     300     1278     3834 |     2865     2051     13 |  0.001 % |
|    997368 |     300     1278     3834 |     3152     1524     13 |  0.001 % |
|   1496156 |     300     1278     3834 |     3467     2101     13 |  0.001 % |
|   2244338 |     300     1278     3834 |     3814     3451     13 |  0.001 % |
|   3366612 |     300     1278     3834 |     4195     3037     13 |  0.002 % |
|   5050023 |     298     1259     3777 |     4615     2164     12 |  0.668 % |
===============================================================================
restarts              : 8191
conflicts             : 5135880        (73332 /sec)
decisions             : 6241167        (0.00 % random) (89114 /sec)
propagations          : 255350438      (3645988 /sec)
conflict literals     : 77807842       (22.72 % deleted)
Memory used           : 6.00 MB
CPU time              : 70.036 s

UNSATISFIABLE
