WARNING: for repeatability, setting FPU to use double precision
============================[ Problem Statistics ]=============================
|                                                                             |
|  Number of variables:           300                                         |
|  Number of clauses:            1278                                         |
|  Parse time:                   0.00 s                                       |
|                                                                             |
============================[ Search Statistics ]==============================
| Conflicts |          ORIGINAL         |          LEARNT          | Progress |
|           |    Vars  Clauses Literals |    Limit  Clauses Lit/Cl |          |
===============================================================================
|       100 |     300     1278     3834 |      468      100     17 |  0.001 % |
|       250 |     300     1278     3834 |      515      250     16 |  0.001 % |
|       475 |     300     1278     3834 |      567      475     16 |  0.001 % |
|       812 |     300     1278     3834 |      623      519     14 |  0.001 % |
|      1318 |     300     1278     3834 |      686      373     12 |  0.001 % |
|      2077 |     300     1278     3834 |      754      420     13 |  0.001 % |
|      3216 |     300     1278     3834 |      830      392     12 |  0.001 % |
|      4924 |     300     1278     3834 |      913      826     14 |  0.001 % |
|      7486 |     300     1278     3834 |     1004      576     13 |  0.001 % |
|     11330 |     300     1278     3834 |     1104      798     13 |  0.001 % |
|     17096 |     300     1278     3834 |     1215      890     13 |  0.001 % |
|     25745 |     300     1278     3834 |     1336      858     14 |  0.001 % |
|     38719 |     300     1278     3834 |     1470      834     12 |  0.001 % |
|     58180 |     300     1278     3834 |     1617      851     12 |  0.001 % |
|     87372 |     300     1278     3834 |     1779     1277     13 |  0.001 % |
|    131161 |     300     1278     3834 |     1957     1706     13 |  0.001 % |
|    196845 |     300     1278     3834 |     2153     1939     14 |  0.001 % |
|    295371 |     300     1278     3834 |     2368     1226     12 |  0.001 % |
|    443160 |     300     1278     3834 |     2605     1527     14 |  0.001 % |
|    664843 |     300     1278     3834 |     2865     1761     15 |  0.001 % |
|    997368 |     300     1278     3834 |     3152     2721     14 |  0.001 % |
|   1496156 |     300     1278     3834 |     3467     1733     15 |  0.001 % |
|   2244338 |     300     1278     3834 |     3814     3215     16 |  0.001 % |
|   3366612 |     300     1278     3834 |     4195     2769     13 |  0.001 % |
|   5050023 |     299     1271     3813 |     4615     4239     15 |  0.336 % |
===============================================================================
restarts              : 8292
conflicts             : 5359175        (72645 /sec)
decisions             : 6492986        (0.00 % random) (88014 /sec)
propagations          : 270160481      (3662101 /sec)
conflict literals     : 81663149       (23.03 % deleted)
Memory used           : 6.00 MB
CPU time              : 73.772 s

UNSATISFIABLE
