WARNING: for repeatability, setting FPU to use double precision
============================[ Problem Statistics ]=============================
|                                                                             |
|  Number of variables:           300                                         |
|  Number of clauses:            1278                                         |
|  Parse time:                   0.00 s                                       |
|                                                                             |
============================[ Search Statistics ]==============================
| Conflicts |          ORIGINAL         |          LEARNT          | Progress |
|           |    Vars  Clauses Literals |    Limit  Clauses Lit/Cl |          |
===============================================================================
|       100 |     300     1278     3834 |      468      100     17 |  0.001 % |
|       250 |     300     1278     3834 |      515      250     15 |  0.001 % |
|       475 |     300     1278     3834 |      567      475     15 |  0.001 % |
|       812 |     300     1278     3834 |      623      511     14 |  0.001 % |
|      1318 |     300     1278     3834 |      686      367     12 |  0.001 % |
|      2077 |     300     1278     3834 |      754      414     13 |  0.001 % |
|      3216 |     300     1278     3834 |      830      384     13 |  0.001 % |
|      4924 |     300     1278     3834 |      913      821     13 |  0.001 % |
|      7486 |     300     1278     3834 |     1004      581     12 |  0.001 % |
|     11330 |     300     1278     3834 |     1104      809     13 |  0.001 % |
|     17096 |     300     1278     3834 |     1215      946     12 |  0.001 % |
|     25745 |     300     1278     3834 |     1336      945     12 |  0.001 % |
|     38719 |     300     1278     3834 |     1470      960     13 |  0.001 % |
|     58180 |     300     1278     3834 |     1617      990     14 |  0.001 % |
|     87372 |     300     1278     3834 |     1779     1427     12 |  0.001 % |
|    131161 |     300     1278     3834 |     1957      979     13 |  0.001 % |
|    196845 |     300     1278     3834 |     2153     1221     14 |  0.001 % |
|    295371 |     300     1278     3834 |     2368     1699     13 |  0.001 % |
|    443160 |     300     1278     3834 |     2605     1927     14 |  0.001 % |
|    664843 |     300     1278     3834 |     2865     2262     14 |  0.001 % |
|    997368 |     300     1278     3834 |     3152     1627     12 |  0.001 % |
|   1496156 |     300     1278     3834 |     3467     2455     14 |  0.001 % |
|   2244338 |     300     1278     3834 |     3814     2229     14 |  0.002 % |
|   3366612 |     300     1278     3834 |     4195     3576     15 |  0.001 % |
|   5050023 |     298     1252     3756 |     4615     2957     12 |  0.669 % |
===============================================================================
restarts              : 8191
conflicts             : 5118695        (73498 /sec)
decisions             : 6224934        (0.00 % random) (89382 /sec)
propagations          : 259357794      (3724051 /sec)
conflict literals     : 77836218       (23.24 % deleted)
Memory used           : 6.00 MB
CPU time              : 69.644 s

UNSATISFIABLE
