WARNING: for repeatability, setting FPU to use double precision
============================[ Problem Statistics ]=============================
|                                                                             |
|  Number of variables:           300                                         |
|  Number of clauses:            1278                                         |
|  Parse time:                   0.00 s                                       |
|                                                                             |
============================[ Search Statistics ]==============================
| Conflicts |          ORIGINAL         |          LEARNT          | Progress |
|           |    Vars  Clauses Literals |    Limit  Clauses Lit/Cl |          |
===============================================================================
|       100 |     300     1278     3834 |      468      100     16 |  0.001 % |
|       250 |     300     1278     3834 |      515      250     16 |  0.001 % |
|       475 |     300     1278     3834 |      567      475     16 |  0.001 % |
|       812 |     300     1278     3834 |      623      516     16 |  0.001 % |
|      1318 |     300     1278     3834 |      686      364     13 |  0.001 % |
|      2077 |     300     1278     3834 |      754      416     12 |  0.001 % |
|      3216 |     300     1278     3834 |      830      394     11 |  0.001 % |
|      4924 |     300     1278     3834 |      913      799     15 |  0.001 % |
|      7486 |     300     1278     3834 |     1004      524     13 |  0.001 % |
|     11330 |     300     1278     3834 |     1104      766     13 |  0.001 % |
|     17096 |     300     1278     3834 |     1215      879     14 |  0.001 % |
|     25745 |     300     1278     3834 |     1336      818     12 |  0.001 % |
|     38719 |     300     1278     3834 |     1470      841     14 |  0.001 % |
|     58180 |     300     1278     3834 |     1617      823     13 |  0.001 % |
|     87372 |     300     1278     3834 |     1779     1227     14 |  0.001 % |
|    131161 |     300     1278     3834 |     1957     1715     14 |  0.001 % |
|    196845 |     300     1278     3834 |     2153     1833     14 |  0.001 % |
|    295371 |     300     1278     3834 |     2368     2138     14 |  0.001 % |
|    443160 |     300     1278     3834 |     2605     2317     15 |  0.001 % |
|    664843 |     300     1278     3834 |     2865     2460     15 |  0.001 % |
|    997368 |     300     1278     3834 |     3152     1818     15 |  0.001 % |
|   1496156 |     300     1278     3834 |     3467     2426     15 |  0.001 % |
|   2244338 |     300     1278     3834 |     3814     3437     14 |  0.001 % |
|   3366612 |     300     1278     3834 |     4195     2738     15 |  0.001 % |
|   5050023 |     299     1267     3801 |     4615     3395     15 |  0.334 % |
===============================================================================
restarts              : 12285
conflicts             : 7567831        (70493 /sec)
decisions             : 9142715        (0.00 % random) (85163 /sec)
propagations          : 384261857      (3579324 /sec)
conflict literals     : 116902032      (23.55 % deleted)
Memory used           : 7.00 MB
CPU time              : 107.356 s

UNSATISFIABLE
