WARNING: for repeatability, setting FPU to use double precision
============================[ Problem Statistics ]=============================
|                                                                             |
|  Number of variables:           300                                         |
|  Number of clauses:            1278                                         |
|  Parse time:                   0.00 s                                       |
|                                                                             |
============================[ Search Statistics ]==============================
| Conflicts |          ORIGINAL         |          LEARNT          | Progress |
|           |    Vars  Clauses Literals |    Limit  Clauses Lit/Cl |          |
===============================================================================
|       100 |     300     1278     3834 |      468      100     16 |  0.001 % |
|       250 |     300     1278     3834 |      515      250     16 |  0.001 % |
|       475 |     300     1278     3834 |      567      475     17 |  0.001 % |
|       812 |     300     1278     3834 |      623      511     15 |  0.001 % |
|      1318 |     300     1278     3834 |      686      368     12 |  0.001 % |
|      2077 |     300     1278     3834 |      754      417     11 |  0.001 % |
|      3216 |     300     1278     3834 |      830      385     11 |  0.001 % |
|      4924 |     300     1278     3834 |      913      793     13 |  0.001 % |
|      7486 |     300     1278     3834 |     1004      527     12 |  0.001 % |
|     11330 |     300     1278     3834 |     1104      780     12 |  0.001 % |
|     17096 |     300     1278     3834 |     1215      865     13 |  0.001 % |
|     25745 |     300     1278     3834 |     1336      830     12 |  0.001 % |
|     38719 |     300     1278     3834 |     1470      872     14 |  0.001 % |
|     58180 |     300     1278     3834 |     1617      937     13 |  0.001 % |
|     87372 |     300     1278     3834 |     1779     1384     14 |  0.001 % |
|    131161 |     300     1278     3834 |     1957      957     13 |  0.001 % |
|    196845 |     300     1278     3834 |     2153     1233     13 |  0.001 % |
|    295371 |     300     1278     3834 |     2368     1636     14 |  0.001 % |
|    443160 |     300     1278     3834 |     2605     1823     14 |  0.001 % |
|    664843 |     300     1278     3834 |     2865     2164     14 |  0.001 % |
|    997368 |     300     1278     3834 |     3152     1755     13 |  0.001 % |
|   1496156 |     300     1278     3834 |     3467     2316     13 |  0.001 % |
|   2244338 |     300     1278     3834 |     3814     1823     11 |  0.001 % |
|   3366612 |     300     1278     3834 |     4195     3099     15 |  0.001 % |
|   5050023 |     300     1278     3834 |     4615     2555     13 |  0.001 % |
===============================================================================
restarts              : 10238
conflicts             : 6428989        (71916 /sec)
decisions             : 7799844        (0.00 % random) (87250 /sec)
propagations          : 321392599      (3595156 /sec)
conflict literals     : 97210373       (23.24 % deleted)
Memory used           : 7.00 MB
CPU time              : 89.396 s

UNSATISFIABLE
