WARNING: for repeatability, setting FPU to use double precision
============================[ Problem Statistics ]=============================
|                                                                             |
|  Number of variables:           300                                         |
|  Number of clauses:            1278                                         |
|  Parse time:                   0.00 s                                       |
|                                                                             |
============================[ Search Statistics ]==============================
| Conflicts |          ORIGINAL         |          LEARNT          | Progress |
|           |    Vars  Clauses Literals |    Limit  Clauses Lit/Cl |          |
===============================================================================
|       100 |     300     1278     3834 |      468      100     16 |  0.001 % |
|       250 |     300     1278     3834 |      515      250     15 |  0.001 % |
|       475 |     300     1278     3834 |      567      475     15 |  0.001 % |
|       812 |     300     1278     3834 |      623      510     14 |  0.001 % |
|      1318 |     300     1278     3834 |      686      354     14 |  0.001 % |
|      2077 |     300     1278     3834 |      754      409     13 |  0.001 % |
|      3216 |     300     1278     3834 |      830      772     15 |  0.001 % |
|      4924 |     300     1278     3834 |      913      771     14 |  0.001 % |
|      7486 |     300     1278     3834 |     1004      514     12 |  0.001 % |
|     11330 |     300     1278     3834 |     1104      716     13 |  0.001 % |
|     17096 |     300     1278     3834 |     1215      817     13 |  0.001 % |
|     25745 |     300     1278     3834 |     1336      766     13 |  0.001 % |
|     38719 |     300     1278     3834 |     1470      806     12 |  0.001 % |
|     58180 |     300     1278     3834 |     1617      797     13 |  0.001 % |
|     87372 |     300     1278     3834 |     1779     1260     12 |  0.001 % |
|    131161 |     300     1278     3834 |     1957     1735     14 |  0.001 % |
|    196845 |     300     1278     3834 |     2153     1989     14 |  0.001 % |
|    295371 |     300     1278     3834 |     2368     1184     13 |  0.001 % |
|    443160 |     300     1278     3834 |     2605     1476     13 |  0.001 % |
|    664843 |     300     1278     3834 |     2865     1772     14 |  0.001 % |
|    997368 |     300     1278     3834 |     3152     2770     14 |  0.001 % |
|   1496156 |     300     1278     3834 |     3467     1955     15 |  0.001 % |
|   2244338 |     300     1278     3834 |     3814     3185     13 |  0.001 % |
|   3366612 |     300     1278     3834 |     4195     2434     13 |  0.001 % |
|   5050023 |     296     1236     3708 |     4615     3408     12 |  1.334 % |
===============================================================================
restarts              : 8191
conflicts             : 5090661        (71015 /sec)
decisions             : 6156213        (0.00 % random) (85880 /sec)
propagations          : 253233862      (3532641 /sec)
conflict literals     : 77387481       (23.42 % deleted)
Memory used           : 6.00 MB
CPU time              : 71.684 s

UNSATISFIABLE
