WARNING: for repeatability, setting FPU to use double precision
============================[ Problem Statistics ]=============================
|                                                                             |
|  Number of variables:           300                                         |
|  Number of clauses:            1278                                         |
|  Parse time:                   0.00 s                                       |
|                                                                             |
============================[ Search Statistics ]==============================
| Conflicts |          ORIGINAL         |          LEARNT          | Progress |
|           |    Vars  Clauses Literals |    Limit  Clauses Lit/Cl |          |
===============================================================================
|       100 |     300     1278     3834 |      468      100     19 |  0.001 % |
|       250 |     300     1278     3834 |      515      250     18 |  0.001 % |
|       475 |     300     1278     3834 |      567      475     17 |  0.001 % |
|       812 |     300     1278     3834 |      623      517     15 |  0.001 % |
|      1318 |     300     1278     3834 |      686      366     14 |  0.001 % |
|      2077 |     300     1278     3834 |      754      417     12 |  0.001 % |
|      3216 |     300     1278     3834 |      830      782     13 |  0.001 % |
|      4924 |     300     1278     3834 |      913      765     14 |  0.001 % |
|      7486 |     300     1278     3834 |     1004      492     12 |  0.001 % |
|     11330 |     300     1278     3834 |     1104      715     13 |  0.001 % |
|     17096 |     300     1278     3834 |     1215      846     13 |  0.001 % |
|     25745 |     300     1278     3834 |     1336      805     13 |  0.001 % |
|     38719 |     300     1278     3834 |     1470      802     13 |  0.001 % |
|     58180 |     300     1278     3834 |     1617      785     13 |  0.001 % |
|     87372 |     300     1278     3834 |     1779     1218     14 |  0.001 % |
|    131161 |     300     1278     3834 |     1957     1691     13 |  0.001 % |
|    196845 |     300     1278     3834 |     2153     1884     12 |  0.001 % |
|    295371 |     300     1278     3834 |     2368     1095     13 |  0.001 % |
|    443160 |     300     1278     3834 |     2605     1321     13 |  0.001 % |
|    664843 |     300     1278     3834 |     2865     1762     14 |  0.001 % |
|    997368 |     300     1278     3834 |     3152     2546     14 |  0.001 % |
|   1496156 |     300     1278     3834 |     3467     3010     14 |  0.001 % |
|   2244338 |     300     1278     3834 |     3814     2277     14 |  0.001 % |
|   3366612 |     300     1278     3834 |     4195     3612     14 |  0.001 % |
|   5050023 |     300     1278     3834 |     4615     2986     14 |  0.002 % |
===============================================================================
restarts              : 9403
conflicts             : 5903619        (71507 /sec)
decisions             : 7161783        (0.00 % random) (86746 /sec)
propagations          : 297200424      (3599811 /sec)
conflict literals     : 90120870       (22.68 % deleted)
Memory used           : 7.00 MB
CPU time              : 82.56 s

UNSATISFIABLE
