WARNING: for repeatability, setting FPU to use double precision
============================[ Problem Statistics ]=============================
|                                                                             |
|  Number of variables:           300                                         |
|  Number of clauses:            1278                                         |
|  Parse time:                   0.00 s                                       |
|                                                                             |
============================[ Search Statistics ]==============================
| Conflicts |          ORIGINAL         |          LEARNT          | Progress |
|           |    Vars  Clauses Literals |    Limit  Clauses Lit/Cl |          |
===============================================================================
|       100 |     300     1278     3834 |      468      100     18 |  0.001 % |
|       250 |     300     1278     3834 |      515      250     17 |  0.001 % |
|       475 |     300     1278     3834 |      567      475     16 |  0.001 % |
|       812 |     300     1278     3834 |      623      513     16 |  0.001 % |
|      1318 |     300     1278     3834 |      686      371     13 |  0.001 % |
|      2077 |     300     1278     3834 |      754      417     12 |  0.001 % |
|      3216 |     300     1278     3834 |      830      388     11 |  0.001 % |
|      4924 |     300     1278     3834 |      913      825     13 |  0.001 % |
|      7486 |     300     1278     3834 |     1004      592     11 |  0.001 % |
|     11330 |     300     1278     3834 |     1104      829     13 |  0.001 % |
|     17096 |     300     1278     3834 |     1215      944     13 |  0.001 % |
|     25745 |     300     1278     3834 |     1336      915     14 |  0.001 % |
|     38719 |     300     1278     3834 |     1470      980     13 |  0.001 % |
|     58180 |     300     1278     3834 |     1617      997     15 |  0.001 % |
|     87372 |     300     1278     3834 |     1779     1436     14 |  0.001 % |
|    131161 |     300     1278     3834 |     1957      986     13 |  0.001 % |
|    196845 |     300     1278     3834 |     2153     1175     13 |  0.001 % |
|    295371 |     300     1278     3834 |     2368     1532     13 |  0.001 % |
|    443160 |     300     1278     3834 |     2605     1755     13 |  0.001 % |
|    664843 |     300     1278     3834 |     2865     1988     13 |  0.001 % |
|    997368 |     300     1278     3834 |     3152     1452     12 |  0.002 % |
|   1496156 |     300     1278     3834 |     3467     1982     14 |  0.001 % |
|   2244338 |     300     1278     3834 |     3814     3197     12 |  0.001 % |
|   3366612 |     300     1278     3834 |     4195     2640     14 |  0.001 % |
|   5050023 |     300     1278     3834 |     4615     3887     13 |  0.002 % |
|   7575139 |     298     1253     3759 |     5077     3927     13 |  0.669 % |
===============================================================================
restarts              : 12539
conflicts             : 7872289        (70616 /sec)
decisions             : 9540315        (0.00 % random) (85579 /sec)
propagations          : 397978359      (3569953 /sec)
conflict literals     : 118511234      (23.95 % deleted)
Memory used           : 6.00 MB
CPU time              : 111.48 s

UNSATISFIABLE
