WARNING: for repeatability, setting FPU to use double precision
============================[ Problem Statistics ]=============================
|                                                                             |
|  Number of variables:           300                                         |
|  Number of clauses:            1278                                         |
|  Parse time:                   0.00 s                                       |
|                                                                             |
============================[ Search Statistics ]==============================
| Conflicts |          ORIGINAL         |          LEARNT          | Progress |
|           |    Vars  Clauses Literals |    Limit  Clauses Lit/Cl |          |
===============================================================================
|       100 |     300     1278     3834 |      468      100     16 |  0.001 % |
|       250 |     300     1278     3834 |      515      250     15 |  0.001 % |
|       475 |     300     1278     3834 |      567      475     16 |  0.001 % |
|       812 |     300     1278     3834 |      623      518     15 |  0.001 % |
|      1318 |     300     1278     3834 |      686      367     13 |  0.001 % |
|      2077 |     300     1278     3834 |      754      418     12 |  0.001 % |
|      3216 |     300     1278     3834 |      830      387     12 |  0.001 % |
|      4924 |     300     1278     3834 |      913      798     14 |  0.001 % |
|      7486 |     300     1278     3834 |     1004      537     12 |  0.001 % |
|     11330 |     300     1278     3834 |     1104      768     14 |  0.001 % |
|     17096 |     300     1278     3834 |     1215      884     15 |  0.001 % |
|     25745 |     300     1278     3834 |     1336      835     13 |  0.001 % |
|     38719 |     300     1278     3834 |     1470      841     13 |  0.001 % |
|     58180 |     300     1278     3834 |     1617      891     14 |  0.001 % |
|     87372 |     300     1278     3834 |     1779     1337     13 |  0.001 % |
|    131161 |     300     1278     3834 |     1957     1787     14 |  0.001 % |
|    196845 |     300     1278     3834 |     2153     1912     15 |  0.001 % |
|    295371 |     300     1278     3834 |     2368     1187     14 |  0.001 % |
|    443160 |     300     1278     3834 |     2605     1307     14 |  0.001 % |
|    664843 |     300     1278     3834 |     2865     1575     14 |  0.001 % |
|    997368 |     300     1278     3834 |     3152     2570     13 |  0.001 % |
|   1496156 |     300     1278     3834 |     3467     3111     15 |  0.001 % |
|   2244338 |     300     1278     3834 |     3814     2689     13 |  0.001 % |
|   3366612 |     300     1278     3834 |     4195     1995     13 |  0.001 % |
|   5050023 |     298     1255     3765 |     4615     3013     13 |  0.673 % |
===============================================================================
restarts              : 8191
conflicts             : 5155957        (72693 /sec)
decisions             : 6235653        (0.00 % random) (87915 /sec)
propagations          : 257604641      (3631917 /sec)
conflict literals     : 78971968       (23.04 % deleted)
Memory used           : 6.00 MB
CPU time              : 70.928 s

UNSATISFIABLE
