WARNING: for repeatability, setting FPU to use double precision
============================[ Problem Statistics ]=============================
|                                                                             |
|  Number of variables:           300                                         |
|  Number of clauses:            1278                                         |
|  Parse time:                   0.00 s                                       |
|                                                                             |
============================[ Search Statistics ]==============================
| Conflicts |          ORIGINAL         |          LEARNT          | Progress |
|           |    Vars  Clauses Literals |    Limit  Clauses Lit/Cl |          |
===============================================================================
|       100 |     300     1278     3834 |      468      100     14 |  0.001 % |
|       250 |     300     1278     3834 |      515      250     15 |  0.001 % |
|       475 |     300     1278     3834 |      567      475     15 |  0.001 % |
|       812 |     300     1278     3834 |      623      512     15 |  0.001 % |
|      1318 |     300     1278     3834 |      686      354     13 |  0.001 % |
|      2077 |     300     1278     3834 |      754      412     13 |  0.001 % |
|      3216 |     300     1278     3834 |      830      386     12 |  0.001 % |
|      4924 |     300     1278     3834 |      913      825     14 |  0.001 % |
|      7486 |     300     1278     3834 |     1004      581     14 |  0.001 % |
|     11330 |     300     1278     3834 |     1104      818     13 |  0.001 % |
|     17096 |     300     1278     3834 |     1215      885     14 |  0.001 % |
|     25745 |     300     1278     3834 |     1336      854     15 |  0.001 % |
|     38719 |     300     1278     3834 |     1470      897     13 |  0.001 % |
|     58180 |     300     1278     3834 |     1617      906     14 |  0.001 % |
|     87372 |     300     1278     3834 |     1779     1367     14 |  0.001 % |
|    131161 |     300     1278     3834 |     1957     1781     15 |  0.001 % |
|    196845 |     300     1278     3834 |     2153     1987     15 |  0.001 % |
|    295371 |     300     1278     3834 |     2368     1227     14 |  0.001 % |
|    443160 |     300     1278     3834 |     2605     1426     13 |  0.001 % |
|    664843 |     300     1278     3834 |     2865     1730     14 |  0.001 % |
|    997368 |     300     1278     3834 |     3152     2569     14 |  0.001 % |
|   1496156 |     300     1278     3834 |     3467     1616     14 |  0.001 % |
|   2244338 |     300     1278     3834 |     3814     2894     12 |  0.001 % |
|   3366612 |     300     1278     3834 |     4195     2202     15 |  0.001 % |
|   5050023 |     300     1278     3834 |     4615     3500     13 |  0.002 % |
===============================================================================
restarts              : 8191
conflicts             : 5262170        (72132 /sec)
decisions             : 6366808        (0.00 % random) (87274 /sec)
propagations          : 267868482      (3671846 /sec)
conflict literals     : 80844282       (23.29 % deleted)
Memory used           : 6.00 MB
CPU time              : 72.952 s

UNSATISFIABLE
