WARNING: for repeatability, setting FPU to use double precision
============================[ Problem Statistics ]=============================
|                                                                             |
|  Number of variables:           300                                         |
|  Number of clauses:            1278                                         |
|  Parse time:                   0.00 s                                       |
|                                                                             |
============================[ Search Statistics ]==============================
| Conflicts |          ORIGINAL         |          LEARNT          | Progress |
|           |    Vars  Clauses Literals |    Limit  Clauses Lit/Cl |          |
===============================================================================
|       100 |     300     1278     3834 |      468      100     18 |  0.001 % |
|       250 |     300     1278     3834 |      515      250     16 |  0.001 % |
|       475 |     300     1278     3834 |      567      475     16 |  0.001 % |
|       812 |     300     1278     3834 |      623      508     15 |  0.001 % |
|      1318 |     300     1278     3834 |      686      360     14 |  0.001 % |
|      2077 |     300     1278     3834 |      754      412     12 |  0.001 % |
|      3216 |     300     1278     3834 |      830      759     14 |  0.001 % |
|      4924 |     300     1278     3834 |      913      765     13 |  0.001 % |
|      7486 |     300     1278     3834 |     1004      503     11 |  0.001 % |
|     11330 |     300     1278     3834 |     1104      758     12 |  0.001 % |
|     17096 |     300     1278     3834 |     1215      863     13 |  0.001 % |
|     25745 |     300     1278     3834 |     1336      845     13 |  0.001 % |
|     38719 |     300     1278     3834 |     1470      905     12 |  0.001 % |
|     58180 |     300     1278     3834 |     1617      891     13 |  0.001 % |
|     87372 |     300     1278     3834 |     1779     1308     14 |  0.001 % |
|    131161 |     300     1278     3834 |     1957     1753     14 |  0.001 % |
|    196845 |     300     1278     3834 |     2153     1934     13 |  0.001 % |
|    295371 |     300     1278     3834 |     2368     1270     14 |  0.001 % |
|    443160 |     300     1278     3834 |     2605     1555     13 |  0.001 % |
|    664843 |     300     1278     3834 |     2865     1878     14 |  0.001 % |
|    997368 |     300     1278     3834 |     3152     2890     14 |  0.001 % |
|   1496156 |     300     1278     3834 |     3467     1982     15 |  0.001 % |
|   2244338 |     300     1278     3834 |     3814     3493     13 |  0.002 % |
|   3366612 |     300     1278     3834 |     4195     2894     14 |  0.001 % |
|   5050023 |     300     1278     3834 |     4615     2384     12 |  0.003 % |
===============================================================================
restarts              : 8191
conflicts             : 5241606        (73044 /sec)
decisions             : 6339683        (0.00 % random) (88346 /sec)
propagations          : 260749630      (3633635 /sec)
conflict literals     : 78721743       (23.31 % deleted)
Memory used           : 6.00 MB
CPU time              : 71.76 s

UNSATISFIABLE
