WARNING: for repeatability, setting FPU to use double precision
============================[ Problem Statistics ]=============================
|                                                                             |
|  Number of variables:           300                                         |
|  Number of clauses:            1278                                         |
|  Parse time:                   0.00 s                                       |
|                                                                             |
============================[ Search Statistics ]==============================
| Conflicts |          ORIGINAL         |          LEARNT          | Progress |
|           |    Vars  Clauses Literals |    Limit  Clauses Lit/Cl |          |
===============================================================================
|       100 |     300     1278     3834 |      468      100     18 |  0.001 % |
|       250 |     300     1278     3834 |      515      250     17 |  0.001 % |
|       475 |     300     1278     3834 |      567      475     17 |  0.001 % |
|       812 |     300     1278     3834 |      623      516     15 |  0.001 % |
|      1318 |     300     1278     3834 |      686      373     12 |  0.001 % |
|      2077 |     300     1278     3834 |      754      425     11 |  0.001 % |
|      3216 |     300     1278     3834 |      830      409     10 |  0.001 % |
|      4924 |     300     1278     3834 |      913      834     13 |  0.001 % |
|      7486 |     300     1278     3834 |     1004      590     11 |  0.001 % |
|     11330 |     300     1278     3834 |     1104      829     12 |  0.001 % |
|     17096 |     300     1278     3834 |     1215      950     13 |  0.001 % |
|     25745 |     300     1278     3834 |     1336      909     13 |  0.001 % |
|     38719 |     300     1278     3834 |     1470      900     13 |  0.001 % |
|     58180 |     300     1278     3834 |     1617      871     13 |  0.001 % |
|     87372 |     300     1278     3834 |     1779     1333     13 |  0.001 % |
|    131161 |     300     1278     3834 |     1957     1769     14 |  0.001 % |
|    196845 |     300     1278     3834 |     2153     1027     12 |  0.001 % |
|    295371 |     300     1278     3834 |     2368     1418     14 |  0.001 % |
|    443160 |     300     1278     3834 |     2605     1694     13 |  0.001 % |
|    664843 |     300     1278     3834 |     2865     2171     14 |  0.001 % |
|    997368 |     300     1278     3834 |     3152     1634     12 |  0.001 % |
|   1496156 |     300     1278     3834 |     3467     2425     14 |  0.001 % |
|   2244338 |     300     1278     3834 |     3814     1868     12 |  0.001 % |
|   3366612 |     300     1278     3834 |     4195     3240     14 |  0.001 % |
|   5050023 |     299     1270     3810 |     4615     4207     13 |  0.334 % |
===============================================================================
restarts              : 8191
conflicts             : 5282548        (73643 /sec)
decisions             : 6392916        (0.00 % random) (89122 /sec)
propagations          : 263334255      (3671085 /sec)
conflict literals     : 79856699       (22.70 % deleted)
Memory used           : 6.00 MB
CPU time              : 71.732 s

UNSATISFIABLE
