WARNING: for repeatability, setting FPU to use double precision
============================[ Problem Statistics ]=============================
|                                                                             |
|  Number of variables:           300                                         |
|  Number of clauses:            1278                                         |
|  Parse time:                   0.00 s                                       |
|                                                                             |
============================[ Search Statistics ]==============================
| Conflicts |          ORIGINAL         |          LEARNT          | Progress |
|           |    Vars  Clauses Literals |    Limit  Clauses Lit/Cl |          |
===============================================================================
|       100 |     300     1278     3834 |      468      100     17 |  0.001 % |
|       250 |     300     1278     3834 |      515      250     16 |  0.001 % |
|       475 |     300     1278     3834 |      567      475     16 |  0.001 % |
|       812 |     300     1278     3834 |      623      521     15 |  0.001 % |
|      1318 |     300     1278     3834 |      686      378     13 |  0.001 % |
|      2077 |     300     1278     3834 |      754      421     13 |  0.001 % |
|      3216 |     300     1278     3834 |      830      403     12 |  0.001 % |
|      4924 |     300     1278     3834 |      913      826     14 |  0.001 % |
|      7486 |     300     1278     3834 |     1004      579     12 |  0.001 % |
|     11330 |     300     1278     3834 |     1104      827     12 |  0.001 % |
|     17096 |     300     1278     3834 |     1215      948     12 |  0.001 % |
|     25745 |     300     1278     3834 |     1336      905     13 |  0.001 % |
|     38719 |     300     1278     3834 |     1470      912     12 |  0.001 % |
|     58180 |     300     1278     3834 |     1617      935     13 |  0.001 % |
|     87372 |     300     1278     3834 |     1779     1353     14 |  0.001 % |
|    131161 |     300     1278     3834 |     1957      960     11 |  0.001 % |
|    196845 |     300     1278     3834 |     2153     1225     12 |  0.001 % |
|    295371 |     300     1278     3834 |     2368     1700     13 |  0.001 % |
|    443160 |     300     1278     3834 |     2605     1959     14 |  0.001 % |
|    664843 |     300     1278     3834 |     2865     2426     15 |  0.001 % |
|    997368 |     300     1278     3834 |     3152     2023     14 |  0.001 % |
|   1496156 |     300     1278     3834 |     3467     2736     14 |  0.001 % |
|   2244338 |     300     1278     3834 |     3814     2368     13 |  0.001 % |
|   3366612 |     300     1278     3834 |     4195     3794     15 |  0.001 % |
|   5050023 |     300     1278     3834 |     4615     3344     12 |  0.002 % |
|   7575139 |     299     1265     3795 |     5077     3120     12 |  0.336 % |
===============================================================================
restarts              : 12476
conflicts             : 7853264        (70801 /sec)
decisions             : 9483922        (0.00 % random) (85502 /sec)
propagations          : 397143587      (3580451 /sec)
conflict literals     : 117638101      (23.70 % deleted)
Memory used           : 7.00 MB
CPU time              : 110.92 s

UNSATISFIABLE
