WARNING: for repeatability, setting FPU to use double precision
============================[ Problem Statistics ]=============================
|                                                                             |
|  Number of variables:           300                                         |
|  Number of clauses:            1278                                         |
|  Parse time:                   0.00 s                                       |
|                                                                             |
============================[ Search Statistics ]==============================
| Conflicts |          ORIGINAL         |          LEARNT          | Progress |
|           |    Vars  Clauses Literals |    Limit  Clauses Lit/Cl |          |
===============================================================================
|       100 |     300     1278     3834 |      468      100     18 |  0.001 % |
|       250 |     300     1278     3834 |      515      250     18 |  0.001 % |
|       475 |     300     1278     3834 |      567      475     18 |  0.001 % |
|       812 |     300     1278     3834 |      623      511     15 |  0.001 % |
|      1318 |     300     1278     3834 |      686      366     13 |  0.001 % |
|      2077 |     300     1278     3834 |      754      416     12 |  0.001 % |
|      3216 |     300     1278     3834 |      830      392     11 |  0.001 % |
|      4924 |     300     1278     3834 |      913      824     13 |  0.001 % |
|      7486 |     300     1278     3834 |     1004      590     13 |  0.001 % |
|     11330 |     300     1278     3834 |     1104      826     13 |  0.001 % |
|     17096 |     300     1278     3834 |     1215      911     13 |  0.001 % |
|     25745 |     300     1278     3834 |     1336      885     14 |  0.001 % |
|     38719 |     300     1278     3834 |     1470      918     13 |  0.001 % |
|     58180 |     300     1278     3834 |     1617      925     13 |  0.001 % |
|     87372 |     300     1278     3834 |     1779     1362     14 |  0.001 % |
|    131161 |     300     1278     3834 |     1957      970     13 |  0.001 % |
|    196845 |     300     1278     3834 |     2153     1183     13 |  0.001 % |
|    295371 |     300     1278     3834 |     2368     1547     14 |  0.001 % |
|    443160 |     300     1278     3834 |     2605     1824     13 |  0.001 % |
|    664843 |     300     1278     3834 |     2865     2034     15 |  0.001 % |
|    997368 |     300     1278     3834 |     3152     1655     13 |  0.001 % |
|   1496156 |     300     1278     3834 |     3467     2358     15 |  0.001 % |
|   2244338 |     300     1278     3834 |     3814     2024     14 |  0.001 % |
|   3366612 |     299     1266     3798 |     4195     3654     15 |  0.334 % |
|   5050023 |     298     1254     3762 |     4615     3060     14 |  0.668 % |
===============================================================================
restarts              : 8760
conflicts             : 5575062        (70549 /sec)
decisions             : 6762567        (0.00 % random) (85576 /sec)
propagations          : 279694244      (3539358 /sec)
conflict literals     : 85221840       (22.55 % deleted)
Memory used           : 6.00 MB
CPU time              : 79.024 s

UNSATISFIABLE
