WARNING: for repeatability, setting FPU to use double precision
============================[ Problem Statistics ]=============================
|                                                                             |
|  Number of variables:           300                                         |
|  Number of clauses:            1278                                         |
|  Parse time:                   0.00 s                                       |
|                                                                             |
============================[ Search Statistics ]==============================
| Conflicts |          ORIGINAL         |          LEARNT          | Progress |
|           |    Vars  Clauses Literals |    Limit  Clauses Lit/Cl |          |
===============================================================================
|       100 |     300     1278     3834 |      468      100     18 |  0.001 % |
|       250 |     300     1278     3834 |      515      250     17 |  0.001 % |
|       475 |     300     1278     3834 |      567      475     18 |  0.001 % |
|       812 |     300     1278     3834 |      623      511     17 |  0.001 % |
|      1318 |     300     1278     3834 |      686      354     15 |  0.001 % |
|      2077 |     300     1278     3834 |      754      389     13 |  0.001 % |
|      3216 |     300     1278     3834 |      830      748     13 |  0.001 % |
|      4924 |     300     1278     3834 |      913      743     14 |  0.001 % |
|      7486 |     300     1278     3834 |     1004      478     10 |  0.001 % |
|     11330 |     300     1278     3834 |     1104      731     13 |  0.001 % |
|     17096 |     300     1278     3834 |     1215      826     15 |  0.001 % |
|     25745 |     300     1278     3834 |     1336      794     13 |  0.001 % |
|     38719 |     300     1278     3834 |     1470      805     13 |  0.001 % |
|     58180 |     300     1278     3834 |     1617      762     12 |  0.001 % |
|     87372 |     300     1278     3834 |     1779     1154     12 |  0.001 % |
|    131161 |     300     1278     3834 |     1957     1623     15 |  0.001 % |
|    196845 |     300     1278     3834 |     2153     1835     14 |  0.001 % |
|    295371 |     300     1278     3834 |     2368     1132     14 |  0.001 % |
|    443160 |     300     1278     3834 |     2605     1301     13 |  0.001 % |
|    664843 |     300     1278     3834 |     2865     1593     14 |  0.001 % |
|    997368 |     300     1278     3834 |     3152     2498     14 |  0.001 % |
|   1496156 |     300     1278     3834 |     3467     3124     15 |  0.001 % |
|   2244338 |     300     1278     3834 |     3814     2617     13 |  0.001 % |
|   3366612 |     300     1278     3834 |     4195     3832     15 |  0.001 % |
|   5050023 |     300     1278     3834 |     4615     3021     13 |  0.001 % |
|   7575139 |     299     1270     3810 |     5077     4476     13 |  0.334 % |
===============================================================================
restarts              : 16383
conflicts             : 10794293       (69374 /sec)
decisions             : 13090995       (0.00 % random) (84135 /sec)
propagations          : 554034967      (3560728 /sec)
conflict literals     : 167719838      (22.94 % deleted)
Memory used           : 8.00 MB
CPU time              : 155.596 s

UNSATISFIABLE
