WARNING: for repeatability, setting FPU to use double precision
============================[ Problem Statistics ]=============================
|                                                                             |
|  Number of variables:           300                                         |
|  Number of clauses:            1278                                         |
|  Parse time:                   0.00 s                                       |
|                                                                             |
============================[ Search Statistics ]==============================
| Conflicts |          ORIGINAL         |          LEARNT          | Progress |
|           |    Vars  Clauses Literals |    Limit  Clauses Lit/Cl |          |
===============================================================================
|       100 |     300     1278     3834 |      468      100     16 |  0.001 % |
|       250 |     300     1278     3834 |      515      250     17 |  0.001 % |
|       475 |     300     1278     3834 |      567      475     17 |  0.001 % |
|       812 |     300     1278     3834 |      623      511     16 |  0.001 % |
|      1318 |     300     1278     3834 |      686      368     14 |  0.001 % |
|      2077 |     300     1278     3834 |      754      417     13 |  0.001 % |
|      3216 |     300     1278     3834 |      830      391     12 |  0.001 % |
|      4924 |     300     1278     3834 |      913      806     13 |  0.001 % |
|      7486 |     300     1278     3834 |     1004      532     11 |  0.001 % |
|     11330 |     300     1278     3834 |     1104      779     14 |  0.001 % |
|     17096 |     300     1278     3834 |     1215      897     14 |  0.001 % |
|     25745 |     300     1278     3834 |     1336      877     15 |  0.001 % |
|     38719 |     300     1278     3834 |     1470      910     13 |  0.001 % |
|     58180 |     300     1278     3834 |     1617      923     13 |  0.001 % |
|     87372 |     300     1278     3834 |     1779     1357     14 |  0.001 % |
|    131161 |     300     1278     3834 |     1957      915     12 |  0.001 % |
|    196845 |     300     1278     3834 |     2153     1166     12 |  0.001 % |
|    295371 |     300     1278     3834 |     2368     1523     13 |  0.001 % |
|    443160 |     300     1278     3834 |     2605     1845     14 |  0.001 % |
|    664843 |     300     1278     3834 |     2865     2190     15 |  0.001 % |
|    997368 |     300     1278     3834 |     3152     1620     14 |  0.001 % |
|   1496156 |     300     1278     3834 |     3467     2220     14 |  0.001 % |
|   2244338 |     300     1278     3834 |     3814     1780     13 |  0.001 % |
|   3366612 |     300     1278     3834 |     4195     3066     15 |  0.001 % |
|   5050023 |     299     1263     3789 |     4615     3960     15 |  0.334 % |
===============================================================================
restarts              : 10238
conflicts             : 6445302        (72108 /sec)
decisions             : 7796315        (0.00 % random) (87223 /sec)
propagations          : 321084937      (3592197 /sec)
conflict literals     : 96649256       (23.06 % deleted)
Memory used           : 7.00 MB
CPU time              : 89.384 s

UNSATISFIABLE
