WARNING: for repeatability, setting FPU to use double precision
============================[ Problem Statistics ]=============================
|                                                                             |
|  Number of variables:           300                                         |
|  Number of clauses:            1278                                         |
|  Parse time:                   0.00 s                                       |
|                                                                             |
============================[ Search Statistics ]==============================
| Conflicts |          ORIGINAL         |          LEARNT          | Progress |
|           |    Vars  Clauses Literals |    Limit  Clauses Lit/Cl |          |
===============================================================================
|       100 |     300     1278     3834 |      468      100     16 |  0.001 % |
|       250 |     300     1278     3834 |      515      250     15 |  0.001 % |
|       475 |     300     1278     3834 |      567      475     16 |  0.001 % |
|       812 |     300     1278     3834 |      623      511     15 |  0.001 % |
|      1318 |     300     1278     3834 |      686      373     12 |  0.001 % |
|      2077 |     300     1278     3834 |      754      420     12 |  0.001 % |
|      3216 |     300     1278     3834 |      830      392     11 |  0.001 % |
|      4924 |     300     1278     3834 |      913      800     14 |  0.001 % |
|      7486 |     300     1278     3834 |     1004      545     12 |  0.001 % |
|     11330 |     300     1278     3834 |     1104      768     13 |  0.001 % |
|     17096 |     300     1278     3834 |     1215      887     13 |  0.001 % |
|     25745 |     300     1278     3834 |     1336      851     13 |  0.001 % |
|     38719 |     300     1278     3834 |     1470      870     12 |  0.001 % |
|     58180 |     300     1278     3834 |     1617      926     12 |  0.001 % |
|     87372 |     300     1278     3834 |     1779     1364     14 |  0.001 % |
|    131161 |     300     1278     3834 |     1957      903     13 |  0.001 % |
|    196845 |     300     1278     3834 |     2153     1120     14 |  0.001 % |
|    295371 |     300     1278     3834 |     2368     1506     15 |  0.001 % |
|    443160 |     300     1278     3834 |     2605     1753     15 |  0.001 % |
|    664843 |     300     1278     3834 |     2865     1931     14 |  0.001 % |
|    997368 |     300     1278     3834 |     3152     2739     13 |  0.001 % |
|   1496156 |     300     1278     3834 |     3467     1665     14 |  0.001 % |
|   2244338 |     300     1278     3834 |     3814     2742     14 |  0.001 % |
|   3366612 |     300     1278     3834 |     4195     2285     13 |  0.001 % |
|   5050023 |     299     1267     3801 |     4615     3209     13 |  0.337 % |
===============================================================================
restarts              : 8573
conflicts             : 5476345        (72076 /sec)
decisions             : 6626803        (0.00 % random) (87218 /sec)
propagations          : 276184035      (3634957 /sec)
conflict literals     : 83641189       (22.97 % deleted)
Memory used           : 6.00 MB
CPU time              : 75.98 s

UNSATISFIABLE
