WARNING: for repeatability, setting FPU to use double precision
============================[ Problem Statistics ]=============================
|                                                                             |
|  Number of variables:           300                                         |
|  Number of clauses:            1278                                         |
|  Parse time:                   0.00 s                                       |
|                                                                             |
============================[ Search Statistics ]==============================
| Conflicts |          ORIGINAL         |          LEARNT          | Progress |
|           |    Vars  Clauses Literals |    Limit  Clauses Lit/Cl |          |
===============================================================================
|       100 |     300     1278     3834 |      468      100     17 |  0.001 % |
|       250 |     300     1278     3834 |      515      250     16 |  0.001 % |
|       475 |     300     1278     3834 |      567      475     16 |  0.001 % |
|       812 |     300     1278     3834 |      623      517     14 |  0.001 % |
|      1318 |     300     1278     3834 |      686      370     13 |  0.001 % |
|      2077 |     300     1278     3834 |      754      421     13 |  0.001 % |
|      3216 |     300     1278     3834 |      830      395     12 |  0.001 % |
|      4924 |     300     1278     3834 |      913      828     13 |  0.001 % |
|      7486 |     300     1278     3834 |     1004      581     13 |  0.001 % |
|     11330 |     300     1278     3834 |     1104      825     13 |  0.001 % |
|     17096 |     300     1278     3834 |     1215      925     13 |  0.001 % |
|     25745 |     300     1278     3834 |     1336      871     13 |  0.001 % |
|     38719 |     300     1278     3834 |     1470      906     12 |  0.001 % |
|     58180 |     300     1278     3834 |     1617      870     13 |  0.001 % |
|     87372 |     300     1278     3834 |     1779     1320     14 |  0.001 % |
|    131161 |     300     1278     3834 |     1957     1777     14 |  0.001 % |
|    196845 |     300     1278     3834 |     2153     1040     11 |  0.001 % |
|    295371 |     300     1278     3834 |     2368     1471     14 |  0.001 % |
|    443160 |     300     1278     3834 |     2605     1716     13 |  0.001 % |
|    664843 |     300     1278     3834 |     2865     2061     14 |  0.001 % |
|    997368 |     300     1278     3834 |     3152     1567     13 |  0.001 % |
|   1496156 |     300     1278     3834 |     3467     2302     14 |  0.001 % |
|   2244338 |     300     1278     3834 |     3814     2042     13 |  0.001 % |
|   3366612 |     300     1278     3834 |     4195     3580     14 |  0.001 % |
|   5050023 |     299     1264     3792 |     4615     3121     13 |  0.336 % |
===============================================================================
restarts              : 8247
conflicts             : 5343778        (72863 /sec)
decisions             : 6457936        (0.00 % random) (88055 /sec)
propagations          : 267232776      (3643752 /sec)
conflict literals     : 80681020       (22.95 % deleted)
Memory used           : 6.00 MB
CPU time              : 73.34 s

UNSATISFIABLE
