WARNING: for repeatability, setting FPU to use double precision
============================[ Problem Statistics ]=============================
|                                                                             |
|  Number of variables:           300                                         |
|  Number of clauses:            1278                                         |
|  Parse time:                   0.00 s                                       |
|                                                                             |
============================[ Search Statistics ]==============================
| Conflicts |          ORIGINAL         |          LEARNT          | Progress |
|           |    Vars  Clauses Literals |    Limit  Clauses Lit/Cl |          |
===============================================================================
|       100 |     300     1278     3834 |      468      100     15 |  0.001 % |
|       250 |     300     1278     3834 |      515      250     18 |  0.001 % |
|       475 |     300     1278     3834 |      567      475     19 |  0.001 % |
|       812 |     300     1278     3834 |      623      518     16 |  0.001 % |
|      1318 |     300     1278     3834 |      686      367     14 |  0.001 % |
|      2077 |     300     1278     3834 |      754      422     11 |  0.001 % |
|      3216 |     300     1278     3834 |      830      392     11 |  0.001 % |
|      4924 |     300     1278     3834 |      913      802     14 |  0.001 % |
|      7486 |     300     1278     3834 |     1004      524     13 |  0.001 % |
|     11330 |     300     1278     3834 |     1104      753     13 |  0.001 % |
|     17096 |     300     1278     3834 |     1215      873     12 |  0.001 % |
|     25745 |     300     1278     3834 |     1336      875     13 |  0.001 % |
|     38719 |     300     1278     3834 |     1470      900     13 |  0.001 % |
|     58180 |     300     1278     3834 |     1617      878     13 |  0.001 % |
|     87372 |     300     1278     3834 |     1779     1363     13 |  0.001 % |
|    131161 |     300     1278     3834 |     1957     1785     14 |  0.001 % |
|    196845 |     300     1278     3834 |     2153     1964     15 |  0.001 % |
|    295371 |     300     1278     3834 |     2368     1250     13 |  0.001 % |
|    443160 |     300     1278     3834 |     2605     1486     11 |  0.001 % |
|    664843 |     300     1278     3834 |     2865     1826     13 |  0.001 % |
|    997368 |     300     1278     3834 |     3152     2750     14 |  0.001 % |
|   1496156 |     300     1278     3834 |     3467     1651     14 |  0.001 % |
|   2244338 |     300     1278     3834 |     3814     2948     14 |  0.001 % |
|   3366612 |     300     1278     3834 |     4195     2384     15 |  0.001 % |
|   5050023 |     300     1278     3834 |     4615     3982     13 |  0.003 % |
===============================================================================
restarts              : 10747
conflicts             : 6650163        (71064 /sec)
decisions             : 8047864        (0.00 % random) (86000 /sec)
propagations          : 337980338      (3611673 /sec)
conflict literals     : 102255454      (22.37 % deleted)
Memory used           : 7.00 MB
CPU time              : 93.58 s

SATISFIABLE
