WARNING: for repeatability, setting FPU to use double precision
============================[ Problem Statistics ]=============================
|                                                                             |
|  Number of variables:           300                                         |
|  Number of clauses:            1278                                         |
|  Parse time:                   0.00 s                                       |
|                                                                             |
============================[ Search Statistics ]==============================
| Conflicts |          ORIGINAL         |          LEARNT          | Progress |
|           |    Vars  Clauses Literals |    Limit  Clauses Lit/Cl |          |
===============================================================================
|       100 |     300     1278     3834 |      468      100     19 |  0.001 % |
|       250 |     300     1278     3834 |      515      250     18 |  0.001 % |
|       475 |     300     1278     3834 |      567      475     16 |  0.001 % |
|       812 |     300     1278     3834 |      623      511     15 |  0.001 % |
|      1318 |     300     1278     3834 |      686      358     13 |  0.001 % |
|      2077 |     300     1278     3834 |      754      417     12 |  0.001 % |
|      3216 |     300     1278     3834 |      830      391     12 |  0.001 % |
|      4924 |     300     1278     3834 |      913      824     13 |  0.001 % |
|      7486 |     300     1278     3834 |     1004      579     12 |  0.001 % |
|     11330 |     300     1278     3834 |     1104      787     13 |  0.001 % |
|     17096 |     300     1278     3834 |     1215      909     13 |  0.001 % |
|     25745 |     300     1278     3834 |     1336      859     14 |  0.001 % |
|     38719 |     300     1278     3834 |     1470      883     13 |  0.001 % |
|     58180 |     300     1278     3834 |     1617      837     13 |  0.001 % |
|     87372 |     300     1278     3834 |     1779     1291     13 |  0.001 % |
|    131161 |     300     1278     3834 |     1957     1726     14 |  0.001 % |
|    196845 |     300     1278     3834 |     2153     1027     13 |  0.001 % |
|    295371 |     300     1278     3834 |     2368     1514     14 |  0.001 % |
|    443160 |     300     1278     3834 |     2605     1842     13 |  0.001 % |
|    664843 |     300     1278     3834 |     2865     2036     13 |  0.001 % |
|    997368 |     300     1278     3834 |     3152     1686     13 |  0.001 % |
|   1496156 |     300     1278     3834 |     3467     2414     14 |  0.001 % |
|   2244338 |     300     1278     3834 |     3814     1975     13 |  0.001 % |
|   3366612 |     300     1278     3834 |     4195     3288     14 |  0.001 % |
|   5050023 |     299     1265     3795 |     4615     2727     12 |  0.336 % |
===============================================================================
restarts              : 8191
conflicts             : 5316027        (72798 /sec)
decisions             : 6429546        (0.00 % random) (88047 /sec)
propagations          : 268736043      (3680106 /sec)
conflict literals     : 80780508       (23.19 % deleted)
Memory used           : 6.00 MB
CPU time              : 73.024 s

UNSATISFIABLE
