WARNING: for repeatability, setting FPU to use double precision
============================[ Problem Statistics ]=============================
|                                                                             |
|  Number of variables:           300                                         |
|  Number of clauses:            1278                                         |
|  Parse time:                   0.00 s                                       |
|                                                                             |
============================[ Search Statistics ]==============================
| Conflicts |          ORIGINAL         |          LEARNT          | Progress |
|           |    Vars  Clauses Literals |    Limit  Clauses Lit/Cl |          |
===============================================================================
|       100 |     300     1278     3834 |      468      100     18 |  0.001 % |
|       250 |     300     1278     3834 |      515      250     18 |  0.001 % |
|       475 |     300     1278     3834 |      567      475     16 |  0.001 % |
|       812 |     300     1278     3834 |      623      516     15 |  0.001 % |
|      1318 |     300     1278     3834 |      686      367     13 |  0.001 % |
|      2077 |     300     1278     3834 |      754      418     13 |  0.001 % |
|      3216 |     300     1278     3834 |      830      389     12 |  0.001 % |
|      4924 |     300     1278     3834 |      913      825     14 |  0.001 % |
|      7486 |     300     1278     3834 |     1004      580     12 |  0.001 % |
|     11330 |     300     1278     3834 |     1104      831     13 |  0.001 % |
|     17096 |     300     1278     3834 |     1215      910     15 |  0.001 % |
|     25745 |     300     1278     3834 |     1336      859     13 |  0.001 % |
|     38719 |     300     1278     3834 |     1470      867     13 |  0.001 % |
|     58180 |     300     1278     3834 |     1617      858     13 |  0.001 % |
|     87372 |     300     1278     3834 |     1779     1250     14 |  0.001 % |
|    131161 |     300     1278     3834 |     1957     1707     14 |  0.001 % |
|    196845 |     300     1278     3834 |     2153     1795     14 |  0.001 % |
|    295371 |     300     1278     3834 |     2368     2001     15 |  0.001 % |
|    443160 |     300     1278     3834 |     2605     2065     16 |  0.001 % |
|    664843 |     300     1278     3834 |     2865     2115     14 |  0.001 % |
|    997368 |     300     1278     3834 |     3152     2688     16 |  0.001 % |
|   1496156 |     300     1278     3834 |     3467     3012     14 |  0.001 % |
|   2244338 |     300     1278     3834 |     3814     2370     13 |  0.001 % |
|   3366612 |     300     1278     3834 |     4195     3258     16 |  0.001 % |
|   5050023 |     300     1278     3834 |     4615     3936     16 |  0.001 % |
|   7575139 |     300     1278     3834 |     5077     2500     15 |  0.001 % |
|  11362814 |     298     1256     3768 |     5584     4023     11 |  0.676 % |
===============================================================================
restarts              : 20477
conflicts             : 13733772       (66325 /sec)
decisions             : 16700953       (0.00 % random) (80654 /sec)
propagations          : 708823509      (3423144 /sec)
conflict literals     : 218407196      (22.80 % deleted)
Memory used           : 8.00 MB
CPU time              : 207.068 s

UNSATISFIABLE
