WARNING: for repeatability, setting FPU to use double precision
============================[ Problem Statistics ]=============================
|                                                                             |
|  Number of variables:           300                                         |
|  Number of clauses:            1278                                         |
|  Parse time:                   0.00 s                                       |
|                                                                             |
============================[ Search Statistics ]==============================
| Conflicts |          ORIGINAL         |          LEARNT          | Progress |
|           |    Vars  Clauses Literals |    Limit  Clauses Lit/Cl |          |
===============================================================================
|       100 |     300     1278     3834 |      468      100     19 |  0.001 % |
|       250 |     300     1278     3834 |      515      250     18 |  0.001 % |
|       475 |     300     1278     3834 |      567      475     16 |  0.001 % |
|       812 |     300     1278     3834 |      623      509     16 |  0.001 % |
|      1318 |     300     1278     3834 |      686      362     14 |  0.001 % |
|      2077 |     300     1278     3834 |      754      412     12 |  0.001 % |
|      3216 |     300     1278     3834 |      830      773     13 |  0.001 % |
|      4924 |     300     1278     3834 |      913      776     12 |  0.001 % |
|      7486 |     300     1278     3834 |     1004      525     11 |  0.001 % |
|     11330 |     300     1278     3834 |     1104      745     13 |  0.001 % |
|     17096 |     300     1278     3834 |     1215      873     13 |  0.001 % |
|     25745 |     300     1278     3834 |     1336      823     14 |  0.001 % |
|     38719 |     300     1278     3834 |     1470      821     13 |  0.001 % |
|     58180 |     300     1278     3834 |     1617      854     14 |  0.001 % |
|     87372 |     300     1278     3834 |     1779     1293     14 |  0.001 % |
|    131161 |     300     1278     3834 |     1957     1804     14 |  0.001 % |
|    196845 |     300     1278     3834 |     2153     1994     14 |  0.001 % |
|    295371 |     300     1278     3834 |     2368     1266     13 |  0.001 % |
|    443160 |     300     1278     3834 |     2605     1568     15 |  0.001 % |
|    664843 |     300     1278     3834 |     2865     1774     14 |  0.001 % |
|    997368 |     300     1278     3834 |     3152     2802     13 |  0.001 % |
|   1496156 |     300     1278     3834 |     3467     2039     14 |  0.001 % |
|   2244338 |     300     1278     3834 |     3814     3384     13 |  0.001 % |
|   3366612 |     300     1278     3834 |     4195     2921     13 |  0.003 % |
|   5050023 |     300     1278     3834 |     4615     4186     13 |  0.004 % |
===============================================================================
restarts              : 8382
conflicts             : 5395362        (70698 /sec)
decisions             : 6525572        (0.00 % random) (85507 /sec)
propagations          : 269294231      (3528673 /sec)
conflict literals     : 81308113       (23.38 % deleted)
Memory used           : 7.00 MB
CPU time              : 76.316 s

UNSATISFIABLE
