WARNING: for repeatability, setting FPU to use double precision
============================[ Problem Statistics ]=============================
|                                                                             |
|  Number of variables:           300                                         |
|  Number of clauses:            1278                                         |
|  Parse time:                   0.00 s                                       |
|                                                                             |
============================[ Search Statistics ]==============================
| Conflicts |          ORIGINAL         |          LEARNT          | Progress |
|           |    Vars  Clauses Literals |    Limit  Clauses Lit/Cl |          |
===============================================================================
|       100 |     300     1278     3834 |      468      100     15 |  0.001 % |
|       250 |     300     1278     3834 |      515      250     16 |  0.001 % |
|       475 |     300     1278     3834 |      567      475     16 |  0.001 % |
|       812 |     300     1278     3834 |      623      510     14 |  0.001 % |
|      1318 |     300     1278     3834 |      686      361     12 |  0.002 % |
|      2077 |     300     1278     3834 |      754      413     12 |  0.001 % |
|      3216 |     300     1278     3834 |      830      381     10 |  0.001 % |
|      4924 |     300     1278     3834 |      913      798     14 |  0.001 % |
|      7486 |     300     1278     3834 |     1004      532     12 |  0.001 % |
|     11330 |     300     1278     3834 |     1104      777     13 |  0.001 % |
|     17096 |     300     1278     3834 |     1215      904     13 |  0.001 % |
|     25745 |     300     1278     3834 |     1336      880     12 |  0.001 % |
|     38719 |     300     1278     3834 |     1470      899     12 |  0.001 % |
|     58180 |     300     1278     3834 |     1617      912     14 |  0.001 % |
|     87372 |     300     1278     3834 |     1779     1372     13 |  0.001 % |
|    131161 |     300     1278     3834 |     1957     1805     14 |  0.001 % |
|    196845 |     300     1278     3834 |     2153     1057     13 |  0.001 % |
|    295371 |     300     1278     3834 |     2368     1488     13 |  0.001 % |
|    443160 |     300     1278     3834 |     2605     1814     14 |  0.001 % |
|    664843 |     300     1278     3834 |     2865     2084     14 |  0.001 % |
|    997368 |     300     1278     3834 |     3152     1545     13 |  0.001 % |
|   1496156 |     300     1278     3834 |     3467     2312     14 |  0.001 % |
|   2244338 |     300     1278     3834 |     3814     1926     14 |  0.001 % |
|   3366612 |     300     1278     3834 |     4195     3414     14 |  0.001 % |
|   5050023 |     300     1278     3834 |     4615     3037     11 |  0.002 % |
===============================================================================
restarts              : 8191
conflicts             : 5218563        (71834 /sec)
decisions             : 6313306        (0.00 % random) (86903 /sec)
propagations          : 259414285      (3570839 /sec)
conflict literals     : 78221782       (22.99 % deleted)
Memory used           : 6.00 MB
CPU time              : 72.648 s

UNSATISFIABLE
