WARNING: for repeatability, setting FPU to use double precision
============================[ Problem Statistics ]=============================
|                                                                             |
|  Number of variables:           300                                         |
|  Number of clauses:            1278                                         |
|  Parse time:                   0.00 s                                       |
|                                                                             |
============================[ Search Statistics ]==============================
| Conflicts |          ORIGINAL         |          LEARNT          | Progress |
|           |    Vars  Clauses Literals |    Limit  Clauses Lit/Cl |          |
===============================================================================
|       100 |     300     1278     3834 |      468      100     19 |  0.001 % |
|       250 |     300     1278     3834 |      515      250     18 |  0.001 % |
|       475 |     300     1278     3834 |      567      475     17 |  0.001 % |
|       812 |     300     1278     3834 |      623      514     15 |  0.001 % |
|      1318 |     300     1278     3834 |      686      354     13 |  0.001 % |
|      2077 |     300     1278     3834 |      754      411     13 |  0.001 % |
|      3216 |     300     1278     3834 |      830      386     11 |  0.001 % |
|      4924 |     300     1278     3834 |      913      788     13 |  0.001 % |
|      7486 |     300     1278     3834 |     1004      529     12 |  0.001 % |
|     11330 |     300     1278     3834 |     1104      770     12 |  0.001 % |
|     17096 |     300     1278     3834 |     1215      883     13 |  0.001 % |
|     25745 |     300     1278     3834 |     1336      847     13 |  0.001 % |
|     38719 |     300     1278     3834 |     1470      855     14 |  0.001 % |
|     58180 |     300     1278     3834 |     1617      865     12 |  0.001 % |
|     87372 |     300     1278     3834 |     1779     1291     13 |  0.001 % |
|    131161 |     300     1278     3834 |     1957     1793     15 |  0.001 % |
|    196845 |     300     1278     3834 |     2153     1971     15 |  0.001 % |
|    295371 |     300     1278     3834 |     2368     1250     14 |  0.001 % |
|    443160 |     300     1278     3834 |     2605     1511     12 |  0.001 % |
|    664843 |     300     1278     3834 |     2865     1797     15 |  0.001 % |
|    997368 |     300     1278     3834 |     3152     2615     14 |  0.001 % |
|   1496156 |     300     1278     3834 |     3467     1602     15 |  0.001 % |
|   2244338 |     300     1278     3834 |     3814     2696     14 |  0.001 % |
|   3366612 |     300     1278     3834 |     4195     2226     15 |  0.001 % |
|   5050023 |     300     1278     3834 |     4615     3589     16 |  0.001 % |
|   7575139 |     300     1278     3834 |     5077     2946     13 |  0.001 % |
===============================================================================
restarts              : 16383
conflicts             : 10895220       (68577 /sec)
decisions             : 13201156       (0.00 % random) (83091 /sec)
propagations          : 548596636      (3452986 /sec)
conflict literals     : 168115590      (22.87 % deleted)
Memory used           : 7.00 MB
CPU time              : 158.876 s

UNSATISFIABLE
