WARNING: for repeatability, setting FPU to use double precision
============================[ Problem Statistics ]=============================
|                                                                             |
|  Number of variables:           300                                         |
|  Number of clauses:            1278                                         |
|  Parse time:                   0.00 s                                       |
|                                                                             |
============================[ Search Statistics ]==============================
| Conflicts |          ORIGINAL         |          LEARNT          | Progress |
|           |    Vars  Clauses Literals |    Limit  Clauses Lit/Cl |          |
===============================================================================
|       100 |     300     1278     3834 |      468      100     18 |  0.001 % |
|       250 |     300     1278     3834 |      515      250     18 |  0.001 % |
|       475 |     300     1278     3834 |      567      475     17 |  0.001 % |
|       812 |     300     1278     3834 |      623      512     15 |  0.001 % |
|      1318 |     300     1278     3834 |      686      358     13 |  0.001 % |
|      2077 |     300     1278     3834 |      754      413     13 |  0.001 % |
|      3216 |     300     1278     3834 |      830      381     13 |  0.001 % |
|      4924 |     300     1278     3834 |      913      791     14 |  0.001 % |
|      7486 |     300     1278     3834 |     1004      544     12 |  0.001 % |
|     11330 |     300     1278     3834 |     1104      772     13 |  0.001 % |
|     17096 |     300     1278     3834 |     1215      896     13 |  0.001 % |
|     25745 |     300     1278     3834 |     1336      842     15 |  0.001 % |
|     38719 |     300     1278     3834 |     1470      904     15 |  0.001 % |
|     58180 |     300     1278     3834 |     1617      851     12 |  0.001 % |
|     87372 |     300     1278     3834 |     1779     1263     15 |  0.001 % |
|    131161 |     300     1278     3834 |     1957     1696     15 |  0.001 % |
|    196845 |     300     1278     3834 |     2153     1854     14 |  0.001 % |
|    295371 |     300     1278     3834 |     2368     2192     15 |  0.001 % |
|    443160 |     300     1278     3834 |     2605     2402     16 |  0.001 % |
|    664843 |     300     1278     3834 |     2865     1368     14 |  0.001 % |
|    997368 |     300     1278     3834 |     3152     2293     13 |  0.001 % |
|   1496156 |     300     1278     3834 |     3467     2787     15 |  0.001 % |
|   2244338 |     300     1278     3834 |     3814     2278     14 |  0.001 % |
|   3366612 |     300     1278     3834 |     4195     3557     15 |  0.001 % |
|   5050023 |     300     1278     3834 |     4615     2608     11 |  0.002 % |
|   7575139 |     291     1195     3585 |     5077     4082     10 |  3.006 % |
===============================================================================
restarts              : 12285
conflicts             : 7581785        (69842 /sec)
decisions             : 9178966        (0.00 % random) (84555 /sec)
propagations          : 385267996      (3549025 /sec)
conflict literals     : 117190302      (23.16 % deleted)
Memory used           : 7.00 MB
CPU time              : 108.556 s

UNSATISFIABLE
