WARNING: for repeatability, setting FPU to use double precision
============================[ Problem Statistics ]=============================
|                                                                             |
|  Number of variables:           300                                         |
|  Number of clauses:            1278                                         |
|  Parse time:                   0.00 s                                       |
|                                                                             |
============================[ Search Statistics ]==============================
| Conflicts |          ORIGINAL         |          LEARNT          | Progress |
|           |    Vars  Clauses Literals |    Limit  Clauses Lit/Cl |          |
===============================================================================
|       100 |     300     1278     3834 |      468      100     16 |  0.001 % |
|       250 |     300     1278     3834 |      515      250     16 |  0.001 % |
|       475 |     300     1278     3834 |      567      475     15 |  0.001 % |
|       812 |     300     1278     3834 |      623      519     15 |  0.001 % |
|      1318 |     300     1278     3834 |      686      374     13 |  0.001 % |
|      2077 |     300     1278     3834 |      754      418     13 |  0.001 % |
|      3216 |     300     1278     3834 |      830      408     12 |  0.001 % |
|      4924 |     300     1278     3834 |      913      830     13 |  0.001 % |
|      7486 |     300     1278     3834 |     1004      575     12 |  0.001 % |
|     11330 |     300     1278     3834 |     1104      802     13 |  0.001 % |
|     17096 |     300     1278     3834 |     1215      920     12 |  0.001 % |
|     25745 |     300     1278     3834 |     1336      872     12 |  0.001 % |
|     38719 |     300     1278     3834 |     1470      926     13 |  0.001 % |
|     58180 |     300     1278     3834 |     1617      928     14 |  0.001 % |
|     87372 |     300     1278     3834 |     1779     1362     13 |  0.001 % |
|    131161 |     300     1278     3834 |     1957     1738     13 |  0.001 % |
|    196845 |     300     1278     3834 |     2153     1930     15 |  0.001 % |
|    295371 |     300     1278     3834 |     2368     1275     13 |  0.001 % |
|    443160 |     300     1278     3834 |     2605     1556     13 |  0.001 % |
|    664843 |     300     1278     3834 |     2865     1872     14 |  0.001 % |
|    997368 |     300     1278     3834 |     3152     2832     14 |  0.001 % |
|   1496156 |     300     1278     3834 |     3467     2015     14 |  0.001 % |
|   2244338 |     300     1278     3834 |     3814     3220     16 |  0.001 % |
|   3366612 |     300     1278     3834 |     4195     2536     15 |  0.001 % |
|   5050023 |     299     1266     3798 |     4615     3463     14 |  0.334 % |
===============================================================================
restarts              : 9722
conflicts             : 6027693        (71639 /sec)
decisions             : 7299699        (0.00 % random) (86757 /sec)
propagations          : 303977786      (3612762 /sec)
conflict literals     : 91445450       (23.53 % deleted)
Memory used           : 7.00 MB
CPU time              : 84.14 s

UNSATISFIABLE
