WARNING: for repeatability, setting FPU to use double precision
============================[ Problem Statistics ]=============================
|                                                                             |
|  Number of variables:           300                                         |
|  Number of clauses:            1278                                         |
|  Parse time:                   0.00 s                                       |
|                                                                             |
============================[ Search Statistics ]==============================
| Conflicts |          ORIGINAL         |          LEARNT          | Progress |
|           |    Vars  Clauses Literals |    Limit  Clauses Lit/Cl |          |
===============================================================================
|       100 |     300     1278     3834 |      468      100     16 |  0.001 % |
|       250 |     300     1278     3834 |      515      250     18 |  0.001 % |
|       475 |     300     1278     3834 |      567      475     16 |  0.001 % |
|       812 |     300     1278     3834 |      623      519     14 |  0.001 % |
|      1318 |     300     1278     3834 |      686      380     12 |  0.001 % |
|      2077 |     300     1278     3834 |      754      425     13 |  0.001 % |
|      3216 |     300     1278     3834 |      830      410     11 |  0.001 % |
|      4924 |     300     1278     3834 |      913      829     13 |  0.001 % |
|      7486 |     300     1278     3834 |     1004      597     12 |  0.001 % |
|     11330 |     300     1278     3834 |     1104      844     13 |  0.001 % |
|     17096 |     300     1278     3834 |     1215      969     13 |  0.001 % |
|     25745 |     300     1278     3834 |     1336      917     14 |  0.001 % |
|     38719 |     300     1278     3834 |     1470      950     13 |  0.001 % |
|     58180 |     300     1278     3834 |     1617      921     12 |  0.001 % |
|     87372 |     300     1278     3834 |     1779     1410     13 |  0.001 % |
|    131161 |     300     1278     3834 |     1957      920     12 |  0.001 % |
|    196845 |     300     1278     3834 |     2153     1139     13 |  0.001 % |
|    295371 |     300     1278     3834 |     2368     1545     14 |  0.001 % |
|    443160 |     300     1278     3834 |     2605     1731     14 |  0.001 % |
|    664843 |     300     1278     3834 |     2865     2002     14 |  0.001 % |
|    997368 |     300     1278     3834 |     3152     2877     14 |  0.001 % |
|   1496156 |     300     1278     3834 |     3467     1993     13 |  0.001 % |
|   2244338 |     300     1278     3834 |     3814     1757     11 |  0.001 % |
|   3366612 |     300     1278     3834 |     4195     3234     14 |  0.001 % |
|   5050023 |     300     1278     3834 |     4615     2551     13 |  0.001 % |
===============================================================================
restarts              : 11261
conflicts             : 6964795        (71235 /sec)
decisions             : 8450410        (0.00 % random) (86430 /sec)
propagations          : 348203766      (3561385 /sec)
conflict literals     : 105124194      (23.55 % deleted)
Memory used           : 7.00 MB
CPU time              : 97.772 s

UNSATISFIABLE
