WARNING: for repeatability, setting FPU to use double precision
============================[ Problem Statistics ]=============================
|                                                                             |
|  Number of variables:           300                                         |
|  Number of clauses:            1278                                         |
|  Parse time:                   0.00 s                                       |
|                                                                             |
============================[ Search Statistics ]==============================
| Conflicts |          ORIGINAL         |          LEARNT          | Progress |
|           |    Vars  Clauses Literals |    Limit  Clauses Lit/Cl |          |
===============================================================================
|       100 |     300     1278     3834 |      468      100     16 |  0.001 % |
|       250 |     300     1278     3834 |      515      250     16 |  0.001 % |
|       475 |     300     1278     3834 |      567      475     16 |  0.001 % |
|       812 |     300     1278     3834 |      623      510     15 |  0.001 % |
|      1318 |     300     1278     3834 |      686      370     13 |  0.001 % |
|      2077 |     300     1278     3834 |      754      421     13 |  0.001 % |
|      3216 |     300     1278     3834 |      830      406     12 |  0.001 % |
|      4924 |     300     1278     3834 |      913      826     13 |  0.001 % |
|      7486 |     300     1278     3834 |     1004      575     13 |  0.001 % |
|     11330 |     300     1278     3834 |     1104      816     13 |  0.001 % |
|     17096 |     300     1278     3834 |     1215      921     13 |  0.001 % |
|     25745 |     300     1278     3834 |     1336      874     12 |  0.001 % |
|     38719 |     300     1278     3834 |     1470      944     13 |  0.001 % |
|     58180 |     300     1278     3834 |     1617      977     13 |  0.001 % |
|     87372 |     300     1278     3834 |     1779     1432     14 |  0.001 % |
|    131161 |     300     1278     3834 |     1957      998     13 |  0.001 % |
|    196845 |     300     1278     3834 |     2153     1212     14 |  0.001 % |
|    295371 |     300     1278     3834 |     2368     1641     13 |  0.001 % |
|    443160 |     300     1278     3834 |     2605     1955     14 |  0.001 % |
|    664843 |     300     1278     3834 |     2865     2345     15 |  0.001 % |
|    997368 |     300     1278     3834 |     3152     1729     13 |  0.001 % |
|   1496156 |     300     1278     3834 |     3467     2440     13 |  0.001 % |
|   2244338 |     300     1278     3834 |     3814     2165     13 |  0.001 % |
|   3366612 |     300     1278     3834 |     4195     2074     14 |  0.001 % |
|   5050023 |     300     1278     3834 |     4615     3879     13 |  0.001 % |
|   7575139 |     299     1269     3807 |     5077     3188     13 |  0.336 % |
===============================================================================
restarts              : 12286
conflicts             : 7706060        (70708 /sec)
decisions             : 9331551        (0.00 % random) (85623 /sec)
propagations          : 383946290      (3522960 /sec)
conflict literals     : 116160814      (23.07 % deleted)
Memory used           : 7.00 MB
CPU time              : 108.984 s

UNSATISFIABLE
