WARNING: for repeatability, setting FPU to use double precision
============================[ Problem Statistics ]=============================
|                                                                             |
|  Number of variables:           300                                         |
|  Number of clauses:            1278                                         |
|  Parse time:                   0.00 s                                       |
|                                                                             |
============================[ Search Statistics ]==============================
| Conflicts |          ORIGINAL         |          LEARNT          | Progress |
|           |    Vars  Clauses Literals |    Limit  Clauses Lit/Cl |          |
===============================================================================
|       100 |     300     1278     3834 |      468      100     14 |  0.001 % |
|       250 |     300     1278     3834 |      515      250     15 |  0.001 % |
|       475 |     300     1278     3834 |      567      475     16 |  0.001 % |
|       812 |     300     1278     3834 |      623      511     14 |  0.001 % |
|      1318 |     300     1278     3834 |      686      368     13 |  0.001 % |
|      2077 |     300     1278     3834 |      754      418     12 |  0.001 % |
|      3216 |     300     1278     3834 |      830      398     12 |  0.001 % |
|      4924 |     300     1278     3834 |      913      829     13 |  0.001 % |
|      7486 |     300     1278     3834 |     1004      578     11 |  0.001 % |
|     11330 |     300     1278     3834 |     1104      810     14 |  0.001 % |
|     17096 |     300     1278     3834 |     1215      939     12 |  0.001 % |
|     25745 |     300     1278     3834 |     1336      917     13 |  0.001 % |
|     38719 |     300     1278     3834 |     1470      927     14 |  0.001 % |
|     58180 |     300     1278     3834 |     1617      916     13 |  0.001 % |
|     87372 |     300     1278     3834 |     1779     1362     13 |  0.001 % |
|    131161 |     300     1278     3834 |     1957      987     13 |  0.001 % |
|    196845 |     300     1278     3834 |     2153     1303     13 |  0.001 % |
|    295371 |     300     1278     3834 |     2368     1649     13 |  0.001 % |
|    443160 |     300     1278     3834 |     2605     1999     13 |  0.001 % |
|    664843 |     300     1278     3834 |     2865     2342     14 |  0.001 % |
|    997368 |     300     1278     3834 |     3152     1922     14 |  0.001 % |
|   1496156 |     300     1278     3834 |     3467     2714     14 |  0.001 % |
|   2244338 |     300     1278     3834 |     3814     2302     15 |  0.001 % |
|   3366612 |     300     1278     3834 |     4195     3784     14 |  0.001 % |
|   5050023 |     300     1278     3834 |     4615     3454     12 |  0.003 % |
===============================================================================
restarts              : 8191
conflicts             : 5207748        (73689 /sec)
decisions             : 6305770        (0.00 % random) (89226 /sec)
propagations          : 258705073      (3660645 /sec)
conflict literals     : 78193034       (22.28 % deleted)
Memory used           : 6.00 MB
CPU time              : 70.672 s

UNSATISFIABLE
