WARNING: for repeatability, setting FPU to use double precision
============================[ Problem Statistics ]=============================
|                                                                             |
|  Number of variables:           300                                         |
|  Number of clauses:            1278                                         |
|  Parse time:                   0.00 s                                       |
|                                                                             |
============================[ Search Statistics ]==============================
| Conflicts |          ORIGINAL         |          LEARNT          | Progress |
|           |    Vars  Clauses Literals |    Limit  Clauses Lit/Cl |          |
===============================================================================
|       100 |     300     1278     3834 |      468      100     16 |  0.001 % |
|       250 |     300     1278     3834 |      515      250     16 |  0.001 % |
|       475 |     300     1278     3834 |      567      475     16 |  0.001 % |
|       812 |     300     1278     3834 |      623      512     14 |  0.001 % |
|      1318 |     300     1278     3834 |      686      362     12 |  0.001 % |
|      2077 |     300     1278     3834 |      754      415     12 |  0.001 % |
|      3216 |     300     1278     3834 |      830      391     11 |  0.001 % |
|      4924 |     300     1278     3834 |      913      809     14 |  0.001 % |
|      7486 |     300     1278     3834 |     1004      560     12 |  0.001 % |
|     11330 |     300     1278     3834 |     1104      792     13 |  0.001 % |
|     17096 |     300     1278     3834 |     1215      900     13 |  0.001 % |
|     25745 |     300     1278     3834 |     1336      859     13 |  0.001 % |
|     38719 |     300     1278     3834 |     1470      860     13 |  0.001 % |
|     58180 |     300     1278     3834 |     1617      879     14 |  0.001 % |
|     87372 |     300     1278     3834 |     1779     1228     15 |  0.001 % |
|    131161 |     300     1278     3834 |     1957     1694     14 |  0.001 % |
|    196845 |     300     1278     3834 |     2153     1932     13 |  0.001 % |
|    295371 |     300     1278     3834 |     2368     2155     15 |  0.001 % |
|    443160 |     300     1278     3834 |     2605     2361     15 |  0.001 % |
|    664843 |     300     1278     3834 |     2865     1391     13 |  0.001 % |
|    997368 |     300     1278     3834 |     3152     2267     14 |  0.001 % |
|   1496156 |     300     1278     3834 |     3467     2916     15 |  0.001 % |
|   2244338 |     300     1278     3834 |     3814     2263     12 |  0.001 % |
|   3366612 |     300     1278     3834 |     4195     3662     15 |  0.001 % |
|   5050023 |     300     1278     3834 |     4615     2736     14 |  0.003 % |
===============================================================================
restarts              : 9308
conflicts             : 5869588        (71797 /sec)
decisions             : 7088605        (0.00 % random) (86709 /sec)
propagations          : 299558159      (3664230 /sec)
conflict literals     : 89977852       (23.32 % deleted)
Memory used           : 6.00 MB
CPU time              : 81.752 s

UNSATISFIABLE
