WARNING: for repeatability, setting FPU to use double precision
============================[ Problem Statistics ]=============================
|                                                                             |
|  Number of variables:           300                                         |
|  Number of clauses:            1278                                         |
|  Parse time:                   0.00 s                                       |
|                                                                             |
============================[ Search Statistics ]==============================
| Conflicts |          ORIGINAL         |          LEARNT          | Progress |
|           |    Vars  Clauses Literals |    Limit  Clauses Lit/Cl |          |
===============================================================================
|       100 |     300     1278     3834 |      468      100     17 |  0.001 % |
|       250 |     300     1278     3834 |      515      250     16 |  0.001 % |
|       475 |     300     1278     3834 |      567      475     16 |  0.001 % |
|       812 |     300     1278     3834 |      623      513     17 |  0.001 % |
|      1318 |     300     1278     3834 |      686      353     14 |  0.001 % |
|      2077 |     300     1278     3834 |      754      391     13 |  0.001 % |
|      3216 |     300     1278     3834 |      830      754     14 |  0.001 % |
|      4924 |     300     1278     3834 |      913      752     14 |  0.001 % |
|      7486 |     300     1278     3834 |     1004      489     12 |  0.001 % |
|     11330 |     300     1278     3834 |     1104      745     13 |  0.001 % |
|     17096 |     300     1278     3834 |     1215      853     13 |  0.001 % |
|     25745 |     300     1278     3834 |     1336      823     13 |  0.001 % |
|     38719 |     300     1278     3834 |     1470      898     13 |  0.001 % |
|     58180 |     300     1278     3834 |     1617      904     13 |  0.001 % |
|     87372 |     300     1278     3834 |     1779     1349     13 |  0.001 % |
|    131161 |     300     1278     3834 |     1957      985     14 |  0.001 % |
|    196845 |     300     1278     3834 |     2153     1228     13 |  0.001 % |
|    295371 |     300     1278     3834 |     2368     1637     14 |  0.001 % |
|    443160 |     300     1278     3834 |     2605     1968     15 |  0.001 % |
|    664843 |     300     1278     3834 |     2865     2299     15 |  0.001 % |
|    997368 |     300     1278     3834 |     3152     1890     13 |  0.001 % |
|   1496156 |     300     1278     3834 |     3467     2508     14 |  0.001 % |
|   2244338 |     300     1278     3834 |     3814     2236     14 |  0.001 % |
|   3366612 |     300     1278     3834 |     4195     3657     14 |  0.001 % |
|   5050023 |     298     1256     3768 |     4615     2334     12 |  0.669 % |
===============================================================================
restarts              : 8191
conflicts             : 5142770        (72258 /sec)
decisions             : 6196753        (0.00 % random) (87067 /sec)
propagations          : 256423063      (3602864 /sec)
conflict literals     : 77737953       (22.99 % deleted)
Memory used           : 6.00 MB
CPU time              : 71.172 s

UNSATISFIABLE
