WARNING: for repeatability, setting FPU to use double precision
============================[ Problem Statistics ]=============================
|                                                                             |
|  Number of variables:           300                                         |
|  Number of clauses:            1278                                         |
|  Parse time:                   0.00 s                                       |
|                                                                             |
============================[ Search Statistics ]==============================
| Conflicts |          ORIGINAL         |          LEARNT          | Progress |
|           |    Vars  Clauses Literals |    Limit  Clauses Lit/Cl |          |
===============================================================================
|       100 |     300     1278     3834 |      468      100     18 |  0.001 % |
|       250 |     300     1278     3834 |      515      250     17 |  0.001 % |
|       475 |     300     1278     3834 |      567      475     17 |  0.001 % |
|       812 |     300     1278     3834 |      623      512     15 |  0.001 % |
|      1318 |     300     1278     3834 |      686      365     13 |  0.001 % |
|      2077 |     300     1278     3834 |      754      415     12 |  0.001 % |
|      3216 |     300     1278     3834 |      830      390     12 |  0.001 % |
|      4924 |     300     1278     3834 |      913      809     14 |  0.001 % |
|      7486 |     300     1278     3834 |     1004      571     12 |  0.001 % |
|     11330 |     300     1278     3834 |     1104      809     13 |  0.001 % |
|     17096 |     300     1278     3834 |     1215      954     13 |  0.001 % |
|     25745 |     300     1278     3834 |     1336      909     14 |  0.001 % |
|     38719 |     300     1278     3834 |     1470      944     12 |  0.001 % |
|     58180 |     300     1278     3834 |     1617      933     13 |  0.001 % |
|     87372 |     300     1278     3834 |     1779     1407     15 |  0.001 % |
|    131161 |     300     1278     3834 |     1957     1806     15 |  0.001 % |
|    196845 |     300     1278     3834 |     2153     1020     13 |  0.001 % |
|    295371 |     300     1278     3834 |     2368     1282     14 |  0.001 % |
|    443160 |     300     1278     3834 |     2605     1453     14 |  0.001 % |
|    664843 |     300     1278     3834 |     2865     1698     14 |  0.001 % |
|    997368 |     300     1278     3834 |     3152     2556     15 |  0.001 % |
|   1496156 |     300     1278     3834 |     3467     3096     15 |  0.001 % |
|   2244338 |     300     1278     3834 |     3814     2575     13 |  0.001 % |
|   3366612 |     300     1278     3834 |     4195     3682     16 |  0.001 % |
|   5050023 |     300     1278     3834 |     4615     2728     11 |  0.001 % |
|   7575139 |     298     1251     3753 |     5077     3425     13 |  0.668 % |
===============================================================================
restarts              : 14693
conflicts             : 9051296        (68380 /sec)
decisions             : 10951039       (0.00 % random) (82732 /sec)
propagations          : 460837561      (3481488 /sec)
conflict literals     : 139638524      (22.70 % deleted)
Memory used           : 7.00 MB
CPU time              : 132.368 s

UNSATISFIABLE
