WARNING: for repeatability, setting FPU to use double precision
============================[ Problem Statistics ]=============================
|                                                                             |
|  Number of variables:           300                                         |
|  Number of clauses:            1278                                         |
|  Parse time:                   0.00 s                                       |
|                                                                             |
============================[ Search Statistics ]==============================
| Conflicts |          ORIGINAL         |          LEARNT          | Progress |
|           |    Vars  Clauses Literals |    Limit  Clauses Lit/Cl |          |
===============================================================================
|       100 |     300     1278     3834 |      468      100     17 |  0.001 % |
|       250 |     300     1278     3834 |      515      250     16 |  0.001 % |
|       475 |     300     1278     3834 |      567      475     16 |  0.001 % |
|       812 |     300     1278     3834 |      623      508     16 |  0.001 % |
|      1318 |     300     1278     3834 |      686      361     13 |  0.001 % |
|      2077 |     300     1278     3834 |      754      406     12 |  0.001 % |
|      3216 |     300     1278     3834 |      830      768     15 |  0.001 % |
|      4924 |     300     1278     3834 |      913      766     14 |  0.001 % |
|      7486 |     300     1278     3834 |     1004      945     14 |  0.001 % |
|     11330 |     300     1278     3834 |     1104      661     13 |  0.001 % |
|     17096 |     300     1278     3834 |     1215      751     13 |  0.001 % |
|     25745 |     300     1278     3834 |     1336      733     13 |  0.001 % |
|     38719 |     300     1278     3834 |     1470      767     12 |  0.001 % |
|     58180 |     300     1278     3834 |     1617      780     12 |  0.001 % |
|     87372 |     300     1278     3834 |     1779     1239     13 |  0.001 % |
|    131161 |     300     1278     3834 |     1957     1699     15 |  0.001 % |
|    196845 |     300     1278     3834 |     2153     1846     14 |  0.001 % |
|    295371 |     300     1278     3834 |     2368     2184     15 |  0.001 % |
|    443160 |     300     1278     3834 |     2605     2281     15 |  0.001 % |
|    664843 |     300     1278     3834 |     2865     2549     15 |  0.001 % |
|    997368 |     300     1278     3834 |     3152     1980     13 |  0.001 % |
|   1496156 |     300     1278     3834 |     3467     2457     15 |  0.001 % |
|   2244338 |     300     1278     3834 |     3814     1888     13 |  0.001 % |
|   3366612 |     300     1278     3834 |     4195     3045     15 |  0.001 % |
|   5050023 |     300     1278     3834 |     4615     2176     12 |  0.002 % |
===============================================================================
restarts              : 8231
conflicts             : 5340404        (69981 /sec)
decisions             : 6470199        (0.00 % random) (84786 /sec)
propagations          : 272394495      (3569484 /sec)
conflict literals     : 83358578       (23.08 % deleted)
Memory used           : 6.00 MB
CPU time              : 76.312 s

SATISFIABLE
