WARNING: for repeatability, setting FPU to use double precision
============================[ Problem Statistics ]=============================
|                                                                             |
|  Number of variables:           300                                         |
|  Number of clauses:            1278                                         |
|  Parse time:                   0.00 s                                       |
|                                                                             |
============================[ Search Statistics ]==============================
| Conflicts |          ORIGINAL         |          LEARNT          | Progress |
|           |    Vars  Clauses Literals |    Limit  Clauses Lit/Cl |          |
===============================================================================
|       100 |     300     1278     3834 |      468      100     15 |  0.001 % |
|       250 |     300     1278     3834 |      515      250     15 |  0.001 % |
|       475 |     300     1278     3834 |      567      475     15 |  0.001 % |
|       812 |     300     1278     3834 |      623      509     17 |  0.001 % |
|      1318 |     300     1278     3834 |      686      365     13 |  0.001 % |
|      2077 |     300     1278     3834 |      754      419     12 |  0.001 % |
|      3216 |     300     1278     3834 |      830      387     10 |  0.001 % |
|      4924 |     300     1278     3834 |      913      800     13 |  0.001 % |
|      7486 |     300     1278     3834 |     1004      547     12 |  0.001 % |
|     11330 |     300     1278     3834 |     1104      790     13 |  0.001 % |
|     17096 |     300     1278     3834 |     1215      886     13 |  0.001 % |
|     25745 |     300     1278     3834 |     1336      863     13 |  0.001 % |
|     38719 |     300     1278     3834 |     1470      907     12 |  0.001 % |
|     58180 |     300     1278     3834 |     1617      908     13 |  0.001 % |
|     87372 |     300     1278     3834 |     1779     1370     13 |  0.001 % |
|    131161 |     300     1278     3834 |     1957     1782     14 |  0.001 % |
|    196845 |     300     1278     3834 |     2153     1040     12 |  0.001 % |
|    295371 |     300     1278     3834 |     2368     1421     13 |  0.001 % |
|    443160 |     300     1278     3834 |     2605     1725     13 |  0.001 % |
|    664843 |     300     1278     3834 |     2865     2030     14 |  0.001 % |
|    997368 |     300     1278     3834 |     3152     2890     14 |  0.001 % |
|   1496156 |     300     1278     3834 |     3467     1936     16 |  0.001 % |
|   2244338 |     300     1278     3834 |     3814     3172     14 |  0.002 % |
|   3366612 |     300     1278     3834 |     4195     2441     14 |  0.001 % |
|   5050023 |     296     1239     3717 |     4615     2892     10 |  1.352 % |
===============================================================================
restarts              : 8191
conflicts             : 5058898        (72490 /sec)
decisions             : 6132985        (0.00 % random) (87880 /sec)
propagations          : 256839149      (3680277 /sec)
conflict literals     : 77006898       (23.34 % deleted)
Memory used           : 6.00 MB
CPU time              : 69.788 s

UNSATISFIABLE
