WARNING: for repeatability, setting FPU to use double precision
============================[ Problem Statistics ]=============================
|                                                                             |
|  Number of variables:           300                                         |
|  Number of clauses:            1278                                         |
|  Parse time:                   0.00 s                                       |
|                                                                             |
============================[ Search Statistics ]==============================
| Conflicts |          ORIGINAL         |          LEARNT          | Progress |
|           |    Vars  Clauses Literals |    Limit  Clauses Lit/Cl |          |
===============================================================================
|       100 |     300     1278     3834 |      468      100     17 |  0.001 % |
|       250 |     300     1278     3834 |      515      250     17 |  0.001 % |
|       475 |     300     1278     3834 |      567      475     17 |  0.001 % |
|       812 |     300     1278     3834 |      623      518     15 |  0.001 % |
|      1318 |     300     1278     3834 |      686      372     14 |  0.001 % |
|      2077 |     300     1278     3834 |      754      422     13 |  0.001 % |
|      3216 |     300     1278     3834 |      830      411     11 |  0.001 % |
|      4924 |     300     1278     3834 |      913      826     14 |  0.001 % |
|      7486 |     300     1278     3834 |     1004      575     11 |  0.001 % |
|     11330 |     300     1278     3834 |     1104      812     13 |  0.001 % |
|     17096 |     300     1278     3834 |     1215      934     13 |  0.001 % |
|     25745 |     300     1278     3834 |     1336      922     13 |  0.001 % |
|     38719 |     300     1278     3834 |     1470      971     13 |  0.001 % |
|     58180 |     300     1278     3834 |     1617      989     13 |  0.001 % |
|     87372 |     300     1278     3834 |     1779     1470     13 |  0.001 % |
|    131161 |     300     1278     3834 |     1957     1072     13 |  0.001 % |
|    196845 |     300     1278     3834 |     2153     1329     14 |  0.001 % |
|    295371 |     300     1278     3834 |     2368     1885     13 |  0.001 % |
|    443160 |     300     1278     3834 |     2605     2190     15 |  0.001 % |
|    664843 |     300     1278     3834 |     2865     2582     15 |  0.001 % |
|    997368 |     300     1278     3834 |     3152     2310     13 |  0.001 % |
|   1496156 |     300     1278     3834 |     3467     1683     12 |  0.001 % |
|   2244338 |     300     1278     3834 |     3814     3087     13 |  0.001 % |
|   3366612 |     300     1278     3834 |     4195     2953     14 |  0.001 % |
|   5050023 |     300     1278     3834 |     4615     2753     13 |  0.001 % |
===============================================================================
restarts              : 8738
conflicts             : 5570456        (73326 /sec)
decisions             : 6736097        (0.00 % random) (88670 /sec)
propagations          : 281804255      (3709513 /sec)
conflict literals     : 83855088       (23.03 % deleted)
Memory used           : 6.00 MB
CPU time              : 75.968 s

UNSATISFIABLE
