WARNING: for repeatability, setting FPU to use double precision
============================[ Problem Statistics ]=============================
|                                                                             |
|  Number of variables:           300                                         |
|  Number of clauses:            1278                                         |
|  Parse time:                   0.00 s                                       |
|                                                                             |
============================[ Search Statistics ]==============================
| Conflicts |          ORIGINAL         |          LEARNT          | Progress |
|           |    Vars  Clauses Literals |    Limit  Clauses Lit/Cl |          |
===============================================================================
|       100 |     300     1278     3834 |      468      100     20 |  0.001 % |
|       250 |     300     1278     3834 |      515      250     17 |  0.001 % |
|       475 |     300     1278     3834 |      567      475     17 |  0.001 % |
|       812 |     300     1278     3834 |      623      511     15 |  0.001 % |
|      1318 |     300     1278     3834 |      686      352     13 |  0.001 % |
|      2077 |     300     1278     3834 |      754      397     12 |  0.001 % |
|      3216 |     300     1278     3834 |      830      747     12 |  0.001 % |
|      4924 |     300     1278     3834 |      913      758     12 |  0.001 % |
|      7486 |     300     1278     3834 |     1004      949     13 |  0.001 % |
|     11330 |     300     1278     3834 |     1104      676     13 |  0.001 % |
|     17096 |     300     1278     3834 |     1215      783     13 |  0.001 % |
|     25745 |     300     1278     3834 |     1336      766     13 |  0.001 % |
|     38719 |     300     1278     3834 |     1470      797     13 |  0.001 % |
|     58180 |     300     1278     3834 |     1617      804     13 |  0.001 % |
|     87372 |     300     1278     3834 |     1779     1255     13 |  0.001 % |
|    131161 |     300     1278     3834 |     1957     1728     15 |  0.001 % |
|    196845 |     300     1278     3834 |     2153     1955     15 |  0.001 % |
|    295371 |     300     1278     3834 |     2368     1261     12 |  0.001 % |
|    443160 |     300     1278     3834 |     2605     1673     14 |  0.001 % |
|    664843 |     300     1278     3834 |     2865     2110     15 |  0.001 % |
|    997368 |     300     1278     3834 |     3152     1675     12 |  0.001 % |
|   1496156 |     300     1278     3834 |     3467     2426     15 |  0.001 % |
|   2244338 |     300     1278     3834 |     3814     1972     12 |  0.001 % |
|   3366612 |     300     1278     3834 |     4195     3318     14 |  0.001 % |
|   5050023 |     300     1278     3834 |     4615     2467     14 |  0.002 % |
===============================================================================
restarts              : 8379
conflicts             : 5390218        (72739 /sec)
decisions             : 6529699        (0.00 % random) (88115 /sec)
propagations          : 273379326      (3689130 /sec)
conflict literals     : 82179277       (22.61 % deleted)
Memory used           : 6.00 MB
CPU time              : 74.104 s

UNSATISFIABLE
