WARNING: for repeatability, setting FPU to use double precision
============================[ Problem Statistics ]=============================
|                                                                             |
|  Number of variables:           300                                         |
|  Number of clauses:            1278                                         |
|  Parse time:                   0.00 s                                       |
|                                                                             |
============================[ Search Statistics ]==============================
| Conflicts |          ORIGINAL         |          LEARNT          | Progress |
|           |    Vars  Clauses Literals |    Limit  Clauses Lit/Cl |          |
===============================================================================
|       100 |     300     1278     3834 |      468      100     17 |  0.001 % |
|       250 |     300     1278     3834 |      515      250     16 |  0.001 % |
|       475 |     300     1278     3834 |      567      475     16 |  0.001 % |
|       812 |     300     1278     3834 |      623      520     15 |  0.001 % |
|      1318 |     300     1278     3834 |      686      376     13 |  0.001 % |
|      2077 |     300     1278     3834 |      754      422     13 |  0.001 % |
|      3216 |     300     1278     3834 |      830      406     12 |  0.001 % |
|      4924 |     300     1278     3834 |      913      831     13 |  0.001 % |
|      7486 |     300     1278     3834 |     1004      575     13 |  0.001 % |
|     11330 |     300     1278     3834 |     1104      816     14 |  0.001 % |
|     17096 |     300     1278     3834 |     1215      953     13 |  0.001 % |
|     25745 |     300     1278     3834 |     1336      933     13 |  0.001 % |
|     38719 |     300     1278     3834 |     1470      975     12 |  0.001 % |
|     58180 |     300     1278     3834 |     1617     1001     13 |  0.001 % |
|     87372 |     300     1278     3834 |     1779     1481     14 |  0.001 % |
|    131161 |     300     1278     3834 |     1957     1058     13 |  0.001 % |
|    196845 |     300     1278     3834 |     2153     1294     14 |  0.001 % |
|    295371 |     300     1278     3834 |     2368     1724     14 |  0.001 % |
|    443160 |     300     1278     3834 |     2605     1997     13 |  0.001 % |
|    664843 |     300     1278     3834 |     2865     2426     15 |  0.001 % |
|    997368 |     300     1278     3834 |     3152     1872     13 |  0.001 % |
|   1496156 |     300     1278     3834 |     3467     2516     15 |  0.001 % |
|   2244338 |     300     1278     3834 |     3814     2191     12 |  0.001 % |
|   3366612 |     300     1278     3834 |     4195     3789     15 |  0.001 % |
|   5050023 |     300     1278     3834 |     4615     3400     12 |  0.008 % |
===============================================================================
restarts              : 8191
conflicts             : 5201612        (72954 /sec)
decisions             : 6276940        (0.00 % random) (88036 /sec)
propagations          : 255704790      (3586322 /sec)
conflict literals     : 78284252       (22.84 % deleted)
Memory used           : 6.00 MB
CPU time              : 71.3 s

UNSATISFIABLE
