WARNING: for repeatability, setting FPU to use double precision
============================[ Problem Statistics ]=============================
|                                                                             |
|  Number of variables:           300                                         |
|  Number of clauses:            1278                                         |
|  Parse time:                   0.00 s                                       |
|                                                                             |
============================[ Search Statistics ]==============================
| Conflicts |          ORIGINAL         |          LEARNT          | Progress |
|           |    Vars  Clauses Literals |    Limit  Clauses Lit/Cl |          |
===============================================================================
|       100 |     300     1278     3834 |      468      100     17 |  0.001 % |
|       250 |     300     1278     3834 |      515      250     16 |  0.001 % |
|       475 |     300     1278     3834 |      567      475     16 |  0.001 % |
|       812 |     300     1278     3834 |      623      514     15 |  0.001 % |
|      1318 |     300     1278     3834 |      686      361     13 |  0.001 % |
|      2077 |     300     1278     3834 |      754      416     12 |  0.001 % |
|      3216 |     300     1278     3834 |      830      391     12 |  0.001 % |
|      4924 |     300     1278     3834 |      913      826     13 |  0.001 % |
|      7486 |     300     1278     3834 |     1004      570     13 |  0.001 % |
|     11330 |     300     1278     3834 |     1104      801     13 |  0.001 % |
|     17096 |     300     1278     3834 |     1215      904     13 |  0.001 % |
|     25745 |     300     1278     3834 |     1336      861     13 |  0.001 % |
|     38719 |     300     1278     3834 |     1470      895     14 |  0.001 % |
|     58180 |     300     1278     3834 |     1617      900     13 |  0.001 % |
|     87372 |     300     1278     3834 |     1779     1318     14 |  0.001 % |
|    131161 |     300     1278     3834 |     1957      903     13 |  0.001 % |
|    196845 |     300     1278     3834 |     2153     1154     12 |  0.001 % |
|    295371 |     300     1278     3834 |     2368     1533     15 |  0.001 % |
|    443160 |     300     1278     3834 |     2605     1792     13 |  0.001 % |
|    664843 |     300     1278     3834 |     2865     2140     15 |  0.001 % |
|    997368 |     300     1278     3834 |     3152     1536     12 |  0.001 % |
|   1496156 |     300     1278     3834 |     3467     1971     15 |  0.001 % |
|   2244338 |     300     1278     3834 |     3814     3149     13 |  0.001 % |
|   3366612 |     300     1278     3834 |     4195     2480     15 |  0.001 % |
|   5050023 |     300     1278     3834 |     4615     3632     12 |  0.002 % |
===============================================================================
restarts              : 10748
conflicts             : 6655043        (71198 /sec)
decisions             : 8079843        (0.00 % random) (86441 /sec)
propagations          : 331982264      (3551676 /sec)
conflict literals     : 101689276      (23.07 % deleted)
Memory used           : 6.00 MB
CPU time              : 93.472 s

UNSATISFIABLE
