WARNING: for repeatability, setting FPU to use double precision
============================[ Problem Statistics ]=============================
|                                                                             |
|  Number of variables:           300                                         |
|  Number of clauses:            1278                                         |
|  Parse time:                   0.00 s                                       |
|                                                                             |
============================[ Search Statistics ]==============================
| Conflicts |          ORIGINAL         |          LEARNT          | Progress |
|           |    Vars  Clauses Literals |    Limit  Clauses Lit/Cl |          |
===============================================================================
|       100 |     300     1278     3834 |      468      100     17 |  0.001 % |
|       250 |     300     1278     3834 |      515      250     16 |  0.001 % |
|       475 |     300     1278     3834 |      567      475     16 |  0.001 % |
|       812 |     300     1278     3834 |      623      512     15 |  0.001 % |
|      1318 |     300     1278     3834 |      686      365     13 |  0.001 % |
|      2077 |     300     1278     3834 |      754      418     13 |  0.001 % |
|      3216 |     300     1278     3834 |      830      387     13 |  0.001 % |
|      4924 |     300     1278     3834 |      913      825     14 |  0.001 % |
|      7486 |     300     1278     3834 |     1004      592     12 |  0.001 % |
|     11330 |     300     1278     3834 |     1104      840     13 |  0.001 % |
|     17096 |     300     1278     3834 |     1215      959     13 |  0.001 % |
|     25745 |     300     1278     3834 |     1336      913     14 |  0.001 % |
|     38719 |     300     1278     3834 |     1470      917     13 |  0.001 % |
|     58180 |     300     1278     3834 |     1617      913     13 |  0.001 % |
|     87372 |     300     1278     3834 |     1779     1360     12 |  0.001 % |
|    131161 |     300     1278     3834 |     1957     1795     14 |  0.001 % |
|    196845 |     300     1278     3834 |     2153     1067     12 |  0.001 % |
|    295371 |     300     1278     3834 |     2368     1428     13 |  0.001 % |
|    443160 |     300     1278     3834 |     2605     1621     13 |  0.001 % |
|    664843 |     300     1278     3834 |     2865     1905     14 |  0.001 % |
|    997368 |     300     1278     3834 |     3152     2825     14 |  0.001 % |
|   1496156 |     300     1278     3834 |     3467     1786     14 |  0.001 % |
|   2244338 |     300     1278     3834 |     3814     2963     13 |  0.001 % |
|   3366612 |     300     1278     3834 |     4195     2540     15 |  0.001 % |
|   5050023 |     300     1278     3834 |     4615     3912     14 |  0.002 % |
|   7575139 |     299     1264     3792 |     5077     3130     12 |  0.336 % |
===============================================================================
restarts              : 13372
conflicts             : 8321822        (69727 /sec)
decisions             : 10062564       (0.00 % random) (84313 /sec)
propagations          : 417072511      (3494592 /sec)
conflict literals     : 125570613      (23.07 % deleted)
Memory used           : 7.00 MB
CPU time              : 119.348 s

UNSATISFIABLE
