WARNING: for repeatability, setting FPU to use double precision
============================[ Problem Statistics ]=============================
|                                                                             |
|  Number of variables:           300                                         |
|  Number of clauses:            1278                                         |
|  Parse time:                   0.00 s                                       |
|                                                                             |
============================[ Search Statistics ]==============================
| Conflicts |          ORIGINAL         |          LEARNT          | Progress |
|           |    Vars  Clauses Literals |    Limit  Clauses Lit/Cl |          |
===============================================================================
|       100 |     300     1278     3834 |      468      100     18 |  0.001 % |
|       250 |     300     1278     3834 |      515      250     16 |  0.001 % |
|       475 |     300     1278     3834 |      567      475     16 |  0.001 % |
|       812 |     300     1278     3834 |      623      511     15 |  0.001 % |
|      1318 |     300     1278     3834 |      686      364     13 |  0.001 % |
|      2077 |     300     1278     3834 |      754      419     13 |  0.001 % |
|      3216 |     300     1278     3834 |      830      390     11 |  0.001 % |
|      4924 |     300     1278     3834 |      913      828     14 |  0.001 % |
|      7486 |     300     1278     3834 |     1004      559     12 |  0.001 % |
|     11330 |     300     1278     3834 |     1104      783     13 |  0.001 % |
|     17096 |     300     1278     3834 |     1215      909     13 |  0.001 % |
|     25745 |     300     1278     3834 |     1336      857     13 |  0.001 % |
|     38719 |     300     1278     3834 |     1470      860     13 |  0.001 % |
|     58180 |     300     1278     3834 |     1617      889     13 |  0.001 % |
|     87372 |     300     1278     3834 |     1779     1318     13 |  0.001 % |
|    131161 |     300     1278     3834 |     1957     1794     14 |  0.001 % |
|    196845 |     300     1278     3834 |     2153     1047     12 |  0.001 % |
|    295371 |     300     1278     3834 |     2368     1480     14 |  0.001 % |
|    443160 |     300     1278     3834 |     2605     1749     14 |  0.001 % |
|    664843 |     300     1278     3834 |     2865     2188     14 |  0.001 % |
|    997368 |     300     1278     3834 |     3152     1782     13 |  0.001 % |
|   1496156 |     300     1278     3834 |     3467     2568     14 |  0.001 % |
|   2244338 |     300     1278     3834 |     3814     2205     14 |  0.001 % |
|   3366612 |     299     1265     3795 |     4195     2325     13 |  0.334 % |
|   5050023 |     296     1237     3711 |     4615     3718     12 |  1.339 % |
===============================================================================
restarts              : 8191
conflicts             : 5059096        (73615 /sec)
decisions             : 6116767        (0.00 % random) (89005 /sec)
propagations          : 250120423      (3639492 /sec)
conflict literals     : 75467633       (22.45 % deleted)
Memory used           : 6.00 MB
CPU time              : 68.724 s

UNSATISFIABLE
