WARNING: for repeatability, setting FPU to use double precision
============================[ Problem Statistics ]=============================
|                                                                             |
|  Number of variables:           300                                         |
|  Number of clauses:            1278                                         |
|  Parse time:                   0.00 s                                       |
|                                                                             |
============================[ Search Statistics ]==============================
| Conflicts |          ORIGINAL         |          LEARNT          | Progress |
|           |    Vars  Clauses Literals |    Limit  Clauses Lit/Cl |          |
===============================================================================
|       100 |     300     1278     3834 |      468      100     18 |  0.001 % |
|       250 |     300     1278     3834 |      515      250     17 |  0.001 % |
|       475 |     300     1278     3834 |      567      475     17 |  0.001 % |
|       812 |     300     1278     3834 |      623      511     16 |  0.001 % |
|      1318 |     300     1278     3834 |      686      361     14 |  0.001 % |
|      2077 |     300     1278     3834 |      754      415     12 |  0.001 % |
|      3216 |     300     1278     3834 |      830      389     11 |  0.001 % |
|      4924 |     300     1278     3834 |      913      810     14 |  0.001 % |
|      7486 |     300     1278     3834 |     1004      532     12 |  0.001 % |
|     11330 |     300     1278     3834 |     1104      741     14 |  0.001 % |
|     17096 |     300     1278     3834 |     1215      868     13 |  0.001 % |
|     25745 |     300     1278     3834 |     1336      831     13 |  0.001 % |
|     38719 |     300     1278     3834 |     1470      863     13 |  0.001 % |
|     58180 |     300     1278     3834 |     1617      838     14 |  0.001 % |
|     87372 |     300     1278     3834 |     1779     1270     15 |  0.001 % |
|    131161 |     300     1278     3834 |     1957     1708     15 |  0.001 % |
|    196845 |     300     1278     3834 |     2153     1912     15 |  0.001 % |
|    295371 |     300     1278     3834 |     2368     1245     13 |  0.001 % |
|    443160 |     300     1278     3834 |     2605     1383     13 |  0.001 % |
|    664843 |     300     1278     3834 |     2865     1734     14 |  0.001 % |
|    997368 |     300     1278     3834 |     3152     2698     13 |  0.001 % |
|   1496156 |     300     1278     3834 |     3467     1795     15 |  0.001 % |
|   2244338 |     300     1278     3834 |     3814     2955     15 |  0.001 % |
|   3366612 |     300     1278     3834 |     4195     2292     14 |  0.001 % |
|   5050023 |     299     1262     3786 |     4615     3160     13 |  0.334 % |
===============================================================================
restarts              : 10238
conflicts             : 6451040        (70627 /sec)
decisions             : 7790600        (0.00 % random) (85292 /sec)
propagations          : 328280091      (3594045 /sec)
conflict literals     : 98812876       (23.53 % deleted)
Memory used           : 7.00 MB
CPU time              : 91.34 s

UNSATISFIABLE
