WARNING: for repeatability, setting FPU to use double precision
============================[ Problem Statistics ]=============================
|                                                                             |
|  Number of variables:           300                                         |
|  Number of clauses:            1278                                         |
|  Parse time:                   0.00 s                                       |
|                                                                             |
============================[ Search Statistics ]==============================
| Conflicts |          ORIGINAL         |          LEARNT          | Progress |
|           |    Vars  Clauses Literals |    Limit  Clauses Lit/Cl |          |
===============================================================================
|       100 |     300     1278     3834 |      468      100     15 |  0.001 % |
|       250 |     300     1278     3834 |      515      250     16 |  0.001 % |
|       475 |     300     1278     3834 |      567      475     16 |  0.001 % |
|       812 |     300     1278     3834 |      623      519     15 |  0.001 % |
|      1318 |     300     1278     3834 |      686      367     12 |  0.001 % |
|      2077 |     300     1278     3834 |      754      420     13 |  0.001 % |
|      3216 |     300     1278     3834 |      830      406     12 |  0.001 % |
|      4924 |     300     1278     3834 |      913      825     14 |  0.001 % |
|      7486 |     300     1278     3834 |     1004      588     12 |  0.001 % |
|     11330 |     300     1278     3834 |     1104      815     13 |  0.001 % |
|     17096 |     300     1278     3834 |     1215      920     13 |  0.001 % |
|     25745 |     300     1278     3834 |     1336      891     13 |  0.001 % |
|     38719 |     300     1278     3834 |     1470      901     13 |  0.001 % |
|     58180 |     300     1278     3834 |     1617      881     13 |  0.001 % |
|     87372 |     300     1278     3834 |     1779     1223     13 |  0.001 % |
|    131161 |     300     1278     3834 |     1957     1682     14 |  0.001 % |
|    196845 |     300     1278     3834 |     2153     1917     14 |  0.001 % |
|    295371 |     300     1278     3834 |     2368     1147     13 |  0.001 % |
|    443160 |     300     1278     3834 |     2605     1331     13 |  0.001 % |
|    664843 |     300     1278     3834 |     2865     1771     13 |  0.001 % |
|    997368 |     300     1278     3834 |     3152     2603     14 |  0.001 % |
|   1496156 |     300     1278     3834 |     3467     3176     14 |  0.001 % |
|   2244338 |     300     1278     3834 |     3814     2629     15 |  0.001 % |
|   3366612 |     300     1278     3834 |     4195     3689     15 |  0.001 % |
|   5050023 |     300     1278     3834 |     4615     2735     14 |  0.001 % |
|   7575139 |     300     1278     3834 |     5077     2510     12 |  0.004 % |
===============================================================================
restarts              : 12667
conflicts             : 7931084        (70732 /sec)
decisions             : 9602970        (0.00 % random) (85643 /sec)
propagations          : 400939327      (3575729 /sec)
conflict literals     : 122408915      (22.91 % deleted)
Memory used           : 7.00 MB
CPU time              : 112.128 s

UNSATISFIABLE
