WARNING: for repeatability, setting FPU to use double precision
============================[ Problem Statistics ]=============================
|                                                                             |
|  Number of variables:           300                                         |
|  Number of clauses:            1278                                         |
|  Parse time:                   0.00 s                                       |
|                                                                             |
============================[ Search Statistics ]==============================
| Conflicts |          ORIGINAL         |          LEARNT          | Progress |
|           |    Vars  Clauses Literals |    Limit  Clauses Lit/Cl |          |
===============================================================================
|       100 |     300     1278     3834 |      468      100     16 |  0.001 % |
|       250 |     300     1278     3834 |      515      250     16 |  0.001 % |
|       475 |     300     1278     3834 |      567      475     15 |  0.001 % |
|       812 |     300     1278     3834 |      623      517     16 |  0.001 % |
|      1318 |     300     1278     3834 |      686      369     14 |  0.001 % |
|      2077 |     300     1278     3834 |      754      422     14 |  0.001 % |
|      3216 |     300     1278     3834 |      830      398     11 |  0.001 % |
|      4924 |     300     1278     3834 |      913      802     13 |  0.001 % |
|      7486 |     300     1278     3834 |     1004      545     11 |  0.001 % |
|     11330 |     300     1278     3834 |     1104      776     13 |  0.001 % |
|     17096 |     300     1278     3834 |     1215      841     13 |  0.001 % |
|     25745 |     300     1278     3834 |     1336      806     14 |  0.001 % |
|     38719 |     300     1278     3834 |     1470      833     13 |  0.001 % |
|     58180 |     300     1278     3834 |     1617      811     13 |  0.001 % |
|     87372 |     300     1278     3834 |     1779     1265     13 |  0.001 % |
|    131161 |     300     1278     3834 |     1957     1717     14 |  0.001 % |
|    196845 |     300     1278     3834 |     2153     1985     13 |  0.001 % |
|    295371 |     300     1278     3834 |     2368     1337     14 |  0.001 % |
|    443160 |     300     1278     3834 |     2605     1447     14 |  0.001 % |
|    664843 |     300     1278     3834 |     2865     1710     14 |  0.001 % |
|    997368 |     300     1278     3834 |     3152     2579     13 |  0.001 % |
|   1496156 |     300     1278     3834 |     3467     1675     14 |  0.001 % |
|   2244338 |     300     1278     3834 |     3814     2872     13 |  0.001 % |
|   3366612 |     300     1278     3834 |     4195     2610     13 |  0.001 % |
|   5050023 |     300     1278     3834 |     4615     4100     13 |  0.001 % |
===============================================================================
restarts              : 9503
conflicts             : 5954949        (72202 /sec)
decisions             : 7200206        (0.00 % random) (87301 /sec)
propagations          : 297559056      (3607826 /sec)
conflict literals     : 90845459       (22.56 % deleted)
Memory used           : 6.00 MB
CPU time              : 82.476 s

UNSATISFIABLE
