WARNING: for repeatability, setting FPU to use double precision
============================[ Problem Statistics ]=============================
|                                                                             |
|  Number of variables:           300                                         |
|  Number of clauses:            1278                                         |
|  Parse time:                   0.00 s                                       |
|                                                                             |
============================[ Search Statistics ]==============================
| Conflicts |          ORIGINAL         |          LEARNT          | Progress |
|           |    Vars  Clauses Literals |    Limit  Clauses Lit/Cl |          |
===============================================================================
|       100 |     300     1278     3834 |      468      100     17 |  0.001 % |
|       250 |     300     1278     3834 |      515      250     16 |  0.001 % |
|       475 |     300     1278     3834 |      567      475     15 |  0.001 % |
|       812 |     300     1278     3834 |      623      514     14 |  0.001 % |
|      1318 |     300     1278     3834 |      686      367     13 |  0.001 % |
|      2077 |     300     1278     3834 |      754      420     12 |  0.001 % |
|      3216 |     300     1278     3834 |      830      389     12 |  0.001 % |
|      4924 |     300     1278     3834 |      913      801     13 |  0.001 % |
|      7486 |     300     1278     3834 |     1004      535     13 |  0.001 % |
|     11330 |     300     1278     3834 |     1104      777     13 |  0.001 % |
|     17096 |     300     1278     3834 |     1215      898     12 |  0.001 % |
|     25745 |     300     1278     3834 |     1336      876     13 |  0.001 % |
|     38719 |     300     1278     3834 |     1470      909     12 |  0.001 % |
|     58180 |     300     1278     3834 |     1617      961     14 |  0.001 % |
|     87372 |     300     1278     3834 |     1779     1353     14 |  0.001 % |
|    131161 |     300     1278     3834 |     1957      908     12 |  0.001 % |
|    196845 |     300     1278     3834 |     2153     1112     12 |  0.001 % |
|    295371 |     300     1278     3834 |     2368     1556     13 |  0.001 % |
|    443160 |     300     1278     3834 |     2605     1816     13 |  0.001 % |
|    664843 |     300     1278     3834 |     2865     2224     14 |  0.001 % |
|    997368 |     300     1278     3834 |     3152     1788     12 |  0.001 % |
|   1496156 |     300     1278     3834 |     3467     2510     14 |  0.001 % |
|   2244338 |     300     1278     3834 |     3814     2080     14 |  0.001 % |
|   3366612 |     300     1278     3834 |     4195     3500     14 |  0.001 % |
|   5050023 |     299     1267     3801 |     4615     3613     12 |  0.339 % |
===============================================================================
restarts              : 8191
conflicts             : 5200215        (73065 /sec)
decisions             : 6281194        (0.00 % random) (88254 /sec)
propagations          : 261448953      (3673480 /sec)
conflict literals     : 78145603       (23.34 % deleted)
Memory used           : 6.00 MB
CPU time              : 71.172 s

UNSATISFIABLE
