WARNING: for repeatability, setting FPU to use double precision
============================[ Problem Statistics ]=============================
|                                                                             |
|  Number of variables:           300                                         |
|  Number of clauses:            1278                                         |
|  Parse time:                   0.00 s                                       |
|                                                                             |
============================[ Search Statistics ]==============================
| Conflicts |          ORIGINAL         |          LEARNT          | Progress |
|           |    Vars  Clauses Literals |    Limit  Clauses Lit/Cl |          |
===============================================================================
|       100 |     300     1278     3834 |      468      100     18 |  0.001 % |
|       250 |     300     1278     3834 |      515      250     18 |  0.001 % |
|       475 |     300     1278     3834 |      567      475     17 |  0.001 % |
|       812 |     300     1278     3834 |      623      519     15 |  0.001 % |
|      1318 |     300     1278     3834 |      686      371     13 |  0.001 % |
|      2077 |     300     1278     3834 |      754      422     13 |  0.001 % |
|      3216 |     300     1278     3834 |      830      395     12 |  0.001 % |
|      4924 |     300     1278     3834 |      913      807     14 |  0.001 % |
|      7486 |     300     1278     3834 |     1004      544     11 |  0.001 % |
|     11330 |     300     1278     3834 |     1104      789     13 |  0.001 % |
|     17096 |     300     1278     3834 |     1215      888     13 |  0.001 % |
|     25745 |     300     1278     3834 |     1336      850     14 |  0.001 % |
|     38719 |     300     1278     3834 |     1470      859     13 |  0.001 % |
|     58180 |     300     1278     3834 |     1617      864     13 |  0.001 % |
|     87372 |     300     1278     3834 |     1779     1323     13 |  0.001 % |
|    131161 |     300     1278     3834 |     1957     1802     14 |  0.001 % |
|    196845 |     300     1278     3834 |     2153     1010     13 |  0.001 % |
|    295371 |     300     1278     3834 |     2368     1448     15 |  0.001 % |
|    443160 |     300     1278     3834 |     2605     1729     14 |  0.001 % |
|    664843 |     300     1278     3834 |     2865     2079     14 |  0.001 % |
|    997368 |     300     1278     3834 |     3152     1604     13 |  0.001 % |
|   1496156 |     300     1278     3834 |     3467     2394     15 |  0.001 % |
|   2244338 |     300     1278     3834 |     3814     2027     13 |  0.001 % |
|   3366612 |     300     1278     3834 |     4195     3512     14 |  0.001 % |
|   5050023 |     300     1278     3834 |     4615     2830     13 |  0.002 % |
|   7575139 |     295     1230     3690 |     5077     3285     12 |  1.668 % |
===============================================================================
restarts              : 12286
conflicts             : 7618842        (70923 /sec)
decisions             : 9218742        (0.00 % random) (85816 /sec)
propagations          : 381811360      (3554246 /sec)
conflict literals     : 114661238      (23.67 % deleted)
Memory used           : 7.00 MB
CPU time              : 107.424 s

UNSATISFIABLE
