WARNING: for repeatability, setting FPU to use double precision
============================[ Problem Statistics ]=============================
|                                                                             |
|  Number of variables:           300                                         |
|  Number of clauses:            1278                                         |
|  Parse time:                   0.00 s                                       |
|                                                                             |
============================[ Search Statistics ]==============================
| Conflicts |          ORIGINAL         |          LEARNT          | Progress |
|           |    Vars  Clauses Literals |    Limit  Clauses Lit/Cl |          |
===============================================================================
|       100 |     300     1278     3834 |      468      100     18 |  0.001 % |
|       250 |     300     1278     3834 |      515      250     17 |  0.001 % |
|       475 |     300     1278     3834 |      567      475     17 |  0.001 % |
|       812 |     300     1278     3834 |      623      517     15 |  0.001 % |
|      1318 |     300     1278     3834 |      686      369     12 |  0.001 % |
|      2077 |     300     1278     3834 |      754      420     12 |  0.001 % |
|      3216 |     300     1278     3834 |      830      391     12 |  0.001 % |
|      4924 |     300     1278     3834 |      913      828     13 |  0.001 % |
|      7486 |     300     1278     3834 |     1004      571     12 |  0.001 % |
|     11330 |     300     1278     3834 |     1104      802     14 |  0.001 % |
|     17096 |     300     1278     3834 |     1215      925     13 |  0.001 % |
|     25745 |     300     1278     3834 |     1336      883     13 |  0.001 % |
|     38719 |     300     1278     3834 |     1470      912     13 |  0.001 % |
|     58180 |     300     1278     3834 |     1617      915     13 |  0.001 % |
|     87372 |     300     1278     3834 |     1779     1347     14 |  0.001 % |
|    131161 |     300     1278     3834 |     1957     1769     13 |  0.001 % |
|    196845 |     300     1278     3834 |     2153     1003     13 |  0.001 % |
|    295371 |     300     1278     3834 |     2368     1296     13 |  0.001 % |
|    443160 |     300     1278     3834 |     2605     1471     16 |  0.001 % |
|    664843 |     300     1278     3834 |     2865     1711     14 |  0.001 % |
|    997368 |     300     1278     3834 |     3152     2630     12 |  0.001 % |
|   1496156 |     300     1278     3834 |     3467     3152     14 |  0.001 % |
|   2244338 |     300     1278     3834 |     3814     2463     13 |  0.001 % |
|   3366612 |     300     1278     3834 |     4195     3416     14 |  0.001 % |
|   5050023 |     299     1267     3801 |     4615     3382     13 |  0.336 % |
===============================================================================
restarts              : 8191
conflicts             : 5277708        (72828 /sec)
decisions             : 6378590        (0.00 % random) (88019 /sec)
propagations          : 269029944      (3712396 /sec)
conflict literals     : 81910943       (22.85 % deleted)
Memory used           : 6.00 MB
CPU time              : 72.468 s

UNSATISFIABLE
