WARNING: for repeatability, setting FPU to use double precision
============================[ Problem Statistics ]=============================
|                                                                             |
|  Number of variables:           300                                         |
|  Number of clauses:            1278                                         |
|  Parse time:                   0.00 s                                       |
|                                                                             |
============================[ Search Statistics ]==============================
| Conflicts |          ORIGINAL         |          LEARNT          | Progress |
|           |    Vars  Clauses Literals |    Limit  Clauses Lit/Cl |          |
===============================================================================
|       100 |     300     1278     3834 |      468      100     17 |  0.001 % |
|       250 |     300     1278     3834 |      515      250     16 |  0.001 % |
|       475 |     300     1278     3834 |      567      475     16 |  0.001 % |
|       812 |     300     1278     3834 |      623      511     15 |  0.001 % |
|      1318 |     300     1278     3834 |      686      357     14 |  0.001 % |
|      2077 |     300     1278     3834 |      754      395     12 |  0.001 % |
|      3216 |     300     1278     3834 |      830      747     13 |  0.001 % |
|      4924 |     300     1278     3834 |      913      745     13 |  0.001 % |
|      7486 |     300     1278     3834 |     1004      494     11 |  0.001 % |
|     11330 |     300     1278     3834 |     1104      730     12 |  0.001 % |
|     17096 |     300     1278     3834 |     1215      822     13 |  0.001 % |
|     25745 |     300     1278     3834 |     1336      772     13 |  0.001 % |
|     38719 |     300     1278     3834 |     1470      820     13 |  0.001 % |
|     58180 |     300     1278     3834 |     1617      847     13 |  0.001 % |
|     87372 |     300     1278     3834 |     1779     1312     12 |  0.001 % |
|    131161 |     300     1278     3834 |     1957      914     13 |  0.001 % |
|    196845 |     300     1278     3834 |     2153     1123     12 |  0.001 % |
|    295371 |     300     1278     3834 |     2368     1575     13 |  0.001 % |
|    443160 |     300     1278     3834 |     2605     1778     15 |  0.001 % |
|    664843 |     300     1278     3834 |     2865     2211     14 |  0.001 % |
|    997368 |     300     1278     3834 |     3152     1749     13 |  0.001 % |
|   1496156 |     300     1278     3834 |     3467     2528     14 |  0.001 % |
|   2244338 |     300     1278     3834 |     3814     2014     12 |  0.001 % |
|   3366612 |     300     1278     3834 |     4195     3309     15 |  0.001 % |
|   5050023 |     300     1278     3834 |     4615     2806     12 |  0.002 % |
===============================================================================
restarts              : 8191
conflicts             : 5247943        (72646 /sec)
decisions             : 6331837        (0.00 % random) (87650 /sec)
propagations          : 259888256      (3597567 /sec)
conflict literals     : 80168184       (22.68 % deleted)
Memory used           : 6.00 MB
CPU time              : 72.24 s

UNSATISFIABLE
