WARNING: for repeatability, setting FPU to use double precision
============================[ Problem Statistics ]=============================
|                                                                             |
|  Number of variables:           300                                         |
|  Number of clauses:            1278                                         |
|  Parse time:                   0.00 s                                       |
|                                                                             |
============================[ Search Statistics ]==============================
| Conflicts |          ORIGINAL         |          LEARNT          | Progress |
|           |    Vars  Clauses Literals |    Limit  Clauses Lit/Cl |          |
===============================================================================
|       100 |     300     1278     3834 |      468      100     17 |  0.001 % |
|       250 |     300     1278     3834 |      515      250     16 |  0.001 % |
|       475 |     300     1278     3834 |      567      475     16 |  0.001 % |
|       812 |     300     1278     3834 |      623      510     14 |  0.001 % |
|      1318 |     300     1278     3834 |      686      366     12 |  0.001 % |
|      2077 |     300     1278     3834 |      754      417     12 |  0.001 % |
|      3216 |     300     1278     3834 |      830      389     11 |  0.001 % |
|      4924 |     300     1278     3834 |      913      822     14 |  0.001 % |
|      7486 |     300     1278     3834 |     1004      556     12 |  0.001 % |
|     11330 |     300     1278     3834 |     1104      782     12 |  0.001 % |
|     17096 |     300     1278     3834 |     1215      870     13 |  0.001 % |
|     25745 |     300     1278     3834 |     1336      862     12 |  0.001 % |
|     38719 |     300     1278     3834 |     1470      899     12 |  0.001 % |
|     58180 |     300     1278     3834 |     1617      918     13 |  0.001 % |
|     87372 |     300     1278     3834 |     1779     1322     14 |  0.001 % |
|    131161 |     300     1278     3834 |     1957     1801     14 |  0.001 % |
|    196845 |     300     1278     3834 |     2153     1967     16 |  0.001 % |
|    295371 |     300     1278     3834 |     2368     1277     13 |  0.001 % |
|    443160 |     300     1278     3834 |     2605     1534     14 |  0.001 % |
|    664843 |     300     1278     3834 |     2865     1889     15 |  0.001 % |
|    997368 |     300     1278     3834 |     3152     2865     14 |  0.001 % |
|   1496156 |     300     1278     3834 |     3467     2002     14 |  0.001 % |
|   2244338 |     300     1278     3834 |     3814     3489     13 |  0.001 % |
|   3366612 |     300     1278     3834 |     4195     3069     15 |  0.001 % |
|   5050023 |     295     1224     3672 |     4615     3870     11 |  1.669 % |
===============================================================================
restarts              : 8191
conflicts             : 5075880        (72812 /sec)
decisions             : 6134778        (0.00 % random) (88002 /sec)
propagations          : 255335729      (3662723 /sec)
conflict literals     : 76452682       (23.16 % deleted)
Memory used           : 6.00 MB
CPU time              : 69.712 s

UNSATISFIABLE
