WARNING: for repeatability, setting FPU to use double precision
============================[ Problem Statistics ]=============================
|                                                                             |
|  Number of variables:           300                                         |
|  Number of clauses:            1278                                         |
|  Parse time:                   0.00 s                                       |
|                                                                             |
============================[ Search Statistics ]==============================
| Conflicts |          ORIGINAL         |          LEARNT          | Progress |
|           |    Vars  Clauses Literals |    Limit  Clauses Lit/Cl |          |
===============================================================================
|       100 |     300     1278     3834 |      468      100     15 |  0.001 % |
|       250 |     300     1278     3834 |      515      250     15 |  0.001 % |
|       475 |     300     1278     3834 |      567      475     16 |  0.001 % |
|       812 |     300     1278     3834 |      623      516     15 |  0.001 % |
|      1318 |     300     1278     3834 |      686      370     13 |  0.001 % |
|      2077 |     300     1278     3834 |      754      417     12 |  0.001 % |
|      3216 |     300     1278     3834 |      830      389     11 |  0.001 % |
|      4924 |     300     1278     3834 |      913      827     13 |  0.001 % |
|      7486 |     300     1278     3834 |     1004      567     12 |  0.001 % |
|     11330 |     300     1278     3834 |     1104      804     13 |  0.001 % |
|     17096 |     300     1278     3834 |     1215      915     14 |  0.001 % |
|     25745 |     300     1278     3834 |     1336      843     14 |  0.001 % |
|     38719 |     300     1278     3834 |     1470      839     13 |  0.001 % |
|     58180 |     300     1278     3834 |     1617      895     13 |  0.001 % |
|     87372 |     300     1278     3834 |     1779     1352     13 |  0.001 % |
|    131161 |     300     1278     3834 |     1957      992     13 |  0.001 % |
|    196845 |     300     1278     3834 |     2153     1234     11 |  0.001 % |
|    295371 |     300     1278     3834 |     2368     1649     14 |  0.001 % |
|    443160 |     300     1278     3834 |     2605     1794     13 |  0.001 % |
|    664843 |     300     1278     3834 |     2865     2207     15 |  0.001 % |
|    997368 |     300     1278     3834 |     3152     1582     13 |  0.001 % |
|   1496156 |     300     1278     3834 |     3467     2122     14 |  0.001 % |
|   2244338 |     300     1278     3834 |     3814     3288     13 |  0.001 % |
|   3366612 |     300     1278     3834 |     4195     2445     14 |  0.001 % |
|   5050023 |     300     1278     3834 |     4615     3440     13 |  0.004 % |
===============================================================================
restarts              : 8446
conflicts             : 5432193        (72014 /sec)
decisions             : 6575596        (0.00 % random) (87172 /sec)
propagations          : 273352994      (3623833 /sec)
conflict literals     : 83749140       (22.99 % deleted)
Memory used           : 6.00 MB
CPU time              : 75.432 s

UNSATISFIABLE
