WARNING: for repeatability, setting FPU to use double precision
============================[ Problem Statistics ]=============================
|                                                                             |
|  Number of variables:           300                                         |
|  Number of clauses:            1278                                         |
|  Parse time:                   0.00 s                                       |
|                                                                             |
============================[ Search Statistics ]==============================
| Conflicts |          ORIGINAL         |          LEARNT          | Progress |
|           |    Vars  Clauses Literals |    Limit  Clauses Lit/Cl |          |
===============================================================================
|       100 |     300     1278     3834 |      468      100     18 |  0.001 % |
|       250 |     300     1278     3834 |      515      250     17 |  0.001 % |
|       475 |     300     1278     3834 |      567      475     16 |  0.001 % |
|       812 |     300     1278     3834 |      623      519     14 |  0.001 % |
|      1318 |     300     1278     3834 |      686      375     12 |  0.001 % |
|      2077 |     300     1278     3834 |      754      425     12 |  0.001 % |
|      3216 |     300     1278     3834 |      830      414     11 |  0.001 % |
|      4924 |     300     1278     3834 |      913      420     11 |  0.001 % |
|      7486 |     300     1278     3834 |     1004      635     13 |  0.001 % |
|     11330 |     300     1278     3834 |     1104      841     14 |  0.001 % |
|     17096 |     300     1278     3834 |     1215      951     14 |  0.001 % |
|     25745 |     300     1278     3834 |     1336      904     14 |  0.001 % |
|     38719 |     300     1278     3834 |     1470      950     12 |  0.001 % |
|     58180 |     300     1278     3834 |     1617      974     13 |  0.001 % |
|     87372 |     300     1278     3834 |     1779     1384     14 |  0.001 % |
|    131161 |     300     1278     3834 |     1957      993     13 |  0.001 % |
|    196845 |     300     1278     3834 |     2153     1256     13 |  0.001 % |
|    295371 |     300     1278     3834 |     2368     1617     15 |  0.001 % |
|    443160 |     300     1278     3834 |     2605     1919     14 |  0.001 % |
|    664843 |     300     1278     3834 |     2865     2268     14 |  0.001 % |
|    997368 |     300     1278     3834 |     3152     1713     13 |  0.001 % |
|   1496156 |     300     1278     3834 |     3467     2294     15 |  0.001 % |
|   2244338 |     300     1278     3834 |     3814     1924     14 |  0.001 % |
|   3366612 |     300     1278     3834 |     4195     3284     15 |  0.001 % |
|   5050023 |     300     1278     3834 |     4615     2627     13 |  0.002 % |
===============================================================================
restarts              : 8891
conflicts             : 5622400        (73480 /sec)
decisions             : 6829797        (0.00 % random) (89260 /sec)
propagations          : 279784181      (3656545 /sec)
conflict literals     : 85765554       (22.64 % deleted)
Memory used           : 6.00 MB
CPU time              : 76.516 s

UNSATISFIABLE
