WARNING: for repeatability, setting FPU to use double precision
============================[ Problem Statistics ]=============================
|                                                                             |
|  Number of variables:           300                                         |
|  Number of clauses:            1278                                         |
|  Parse time:                   0.00 s                                       |
|                                                                             |
============================[ Search Statistics ]==============================
| Conflicts |          ORIGINAL         |          LEARNT          | Progress |
|           |    Vars  Clauses Literals |    Limit  Clauses Lit/Cl |          |
===============================================================================
|       100 |     300     1278     3834 |      468      100     18 |  0.001 % |
|       250 |     300     1278     3834 |      515      250     17 |  0.001 % |
|       475 |     300     1278     3834 |      567      475     16 |  0.001 % |
|       812 |     300     1278     3834 |      623      519     15 |  0.001 % |
|      1318 |     300     1278     3834 |      686      360     13 |  0.001 % |
|      2077 |     300     1278     3834 |      754      413     13 |  0.001 % |
|      3216 |     300     1278     3834 |      830      385     12 |  0.001 % |
|      4924 |     300     1278     3834 |      913      802     14 |  0.001 % |
|      7486 |     300     1278     3834 |     1004      541     12 |  0.001 % |
|     11330 |     300     1278     3834 |     1104      778     14 |  0.001 % |
|     17096 |     300     1278     3834 |     1215      885     14 |  0.001 % |
|     25745 |     300     1278     3834 |     1336      831     12 |  0.001 % |
|     38719 |     300     1278     3834 |     1470      906     11 |  0.001 % |
|     58180 |     300     1278     3834 |     1617      918     14 |  0.001 % |
|     87372 |     300     1278     3834 |     1779     1352     13 |  0.001 % |
|    131161 |     300     1278     3834 |     1957      903     13 |  0.001 % |
|    196845 |     300     1278     3834 |     2153     1062     12 |  0.001 % |
|    295371 |     300     1278     3834 |     2368     1434     12 |  0.001 % |
|    443160 |     300     1278     3834 |     2605     1861     13 |  0.001 % |
|    664843 |     300     1278     3834 |     2865     2309     15 |  0.001 % |
|    997368 |     300     1278     3834 |     3152     1948     14 |  0.001 % |
|   1496156 |     300     1278     3834 |     3467     2602     13 |  0.001 % |
|   2244338 |     300     1278     3834 |     3814     2312     12 |  0.001 % |
|   3366612 |     300     1278     3834 |     4195     2018     14 |  0.001 % |
|   5050023 |     299     1269     3807 |     4615     4221     13 |  0.334 % |
===============================================================================
restarts              : 8260
conflicts             : 5351067        (73122 /sec)
decisions             : 6473606        (0.00 % random) (88461 /sec)
propagations          : 268008884      (3662324 /sec)
conflict literals     : 80333877       (22.97 % deleted)
Memory used           : 6.00 MB
CPU time              : 73.18 s

UNSATISFIABLE
