WARNING: for repeatability, setting FPU to use double precision
============================[ Problem Statistics ]=============================
|                                                                             |
|  Number of variables:           300                                         |
|  Number of clauses:            1278                                         |
|  Parse time:                   0.00 s                                       |
|                                                                             |
============================[ Search Statistics ]==============================
| Conflicts |          ORIGINAL         |          LEARNT          | Progress |
|           |    Vars  Clauses Literals |    Limit  Clauses Lit/Cl |          |
===============================================================================
|       100 |     300     1278     3834 |      468      100     17 |  0.001 % |
|       250 |     300     1278     3834 |      515      250     16 |  0.001 % |
|       475 |     300     1278     3834 |      567      475     16 |  0.001 % |
|       812 |     300     1278     3834 |      623      510     15 |  0.001 % |
|      1318 |     300     1278     3834 |      686      366     13 |  0.001 % |
|      2077 |     300     1278     3834 |      754      415     14 |  0.001 % |
|      3216 |     300     1278     3834 |      830      771     14 |  0.001 % |
|      4924 |     300     1278     3834 |      913      753     13 |  0.001 % |
|      7486 |     300     1278     3834 |     1004      490     10 |  0.001 % |
|     11330 |     300     1278     3834 |     1104      750     12 |  0.001 % |
|     17096 |     300     1278     3834 |     1215      853     13 |  0.001 % |
|     25745 |     300     1278     3834 |     1336      818     12 |  0.001 % |
|     38719 |     300     1278     3834 |     1470      843     12 |  0.001 % |
|     58180 |     300     1278     3834 |     1617      883     12 |  0.001 % |
|     87372 |     300     1278     3834 |     1779     1324     12 |  0.001 % |
|    131161 |     300     1278     3834 |     1957      972     12 |  0.001 % |
|    196845 |     300     1278     3834 |     2153     1205     13 |  0.001 % |
|    295371 |     300     1278     3834 |     2368     1686     13 |  0.001 % |
|    443160 |     300     1278     3834 |     2605     2005     13 |  0.001 % |
|    664843 |     300     1278     3834 |     2865     2338     14 |  0.001 % |
|    997368 |     300     1278     3834 |     3152     1995     13 |  0.001 % |
|   1496156 |     300     1278     3834 |     3467     2914     14 |  0.001 % |
|   2244338 |     300     1278     3834 |     3814     2859     13 |  0.001 % |
|   3366612 |     300     1278     3834 |     4195     2885     14 |  0.001 % |
|   5050023 |     299     1269     3807 |     4615     3641     11 |  0.334 % |
===============================================================================
restarts              : 8191
conflicts             : 5123710        (73752 /sec)
decisions             : 6174101        (0.00 % random) (88872 /sec)
propagations          : 251485365      (3619953 /sec)
conflict literals     : 76140167       (22.62 % deleted)
Memory used           : 6.00 MB
CPU time              : 69.472 s

UNSATISFIABLE
