WARNING: for repeatability, setting FPU to use double precision
============================[ Problem Statistics ]=============================
|                                                                             |
|  Number of variables:           300                                         |
|  Number of clauses:            1278                                         |
|  Parse time:                   0.00 s                                       |
|                                                                             |
============================[ Search Statistics ]==============================
| Conflicts |          ORIGINAL         |          LEARNT          | Progress |
|           |    Vars  Clauses Literals |    Limit  Clauses Lit/Cl |          |
===============================================================================
|       100 |     300     1278     3834 |      468      100     16 |  0.001 % |
|       250 |     300     1278     3834 |      515      250     15 |  0.001 % |
|       475 |     300     1278     3834 |      567      475     16 |  0.001 % |
|       812 |     300     1278     3834 |      623      515     15 |  0.001 % |
|      1318 |     300     1278     3834 |      686      353     14 |  0.001 % |
|      2077 |     300     1278     3834 |      754      392     12 |  0.001 % |
|      3216 |     300     1278     3834 |      830      752     14 |  0.001 % |
|      4924 |     300     1278     3834 |      913      743     12 |  0.001 % |
|      7486 |     300     1278     3834 |     1004      953     13 |  0.001 % |
|     11330 |     300     1278     3834 |     1104      686     12 |  0.001 % |
|     17096 |     300     1278     3834 |     1215      821     12 |  0.001 % |
|     25745 |     300     1278     3834 |     1336      776     12 |  0.001 % |
|     38719 |     300     1278     3834 |     1470      834     13 |  0.001 % |
|     58180 |     300     1278     3834 |     1617      810     12 |  0.001 % |
|     87372 |     300     1278     3834 |     1779     1240     13 |  0.001 % |
|    131161 |     300     1278     3834 |     1957     1714     15 |  0.001 % |
|    196845 |     300     1278     3834 |     2153     1945     15 |  0.001 % |
|    295371 |     300     1278     3834 |     2368     1282     12 |  0.001 % |
|    443160 |     300     1278     3834 |     2605     1511     13 |  0.001 % |
|    664843 |     300     1278     3834 |     2865     1867     14 |  0.001 % |
|    997368 |     300     1278     3834 |     3152     2916     13 |  0.001 % |
|   1496156 |     300     1278     3834 |     3467     1919     13 |  0.001 % |
|   2244338 |     300     1278     3834 |     3814     3260     12 |  0.001 % |
|   3366612 |     300     1278     3834 |     4195     2917     14 |  0.001 % |
|   5050023 |     298     1262     3786 |     4615     4171     11 |  0.670 % |
===============================================================================
restarts              : 8191
conflicts             : 5077783        (72860 /sec)
decisions             : 6160480        (0.00 % random) (88396 /sec)
propagations          : 253632689      (3639337 /sec)
conflict literals     : 76955600       (22.73 % deleted)
Memory used           : 6.00 MB
CPU time              : 69.692 s

UNSATISFIABLE
