WARNING: for repeatability, setting FPU to use double precision
============================[ Problem Statistics ]=============================
|                                                                             |
|  Number of variables:           300                                         |
|  Number of clauses:            1278                                         |
|  Parse time:                   0.00 s                                       |
|                                                                             |
============================[ Search Statistics ]==============================
| Conflicts |          ORIGINAL         |          LEARNT          | Progress |
|           |    Vars  Clauses Literals |    Limit  Clauses Lit/Cl |          |
===============================================================================
|       100 |     300     1278     3834 |      468      100     19 |  0.001 % |
|       250 |     300     1278     3834 |      515      250     18 |  0.001 % |
|       475 |     300     1278     3834 |      567      475     18 |  0.001 % |
|       812 |     300     1278     3834 |      623      511     15 |  0.001 % |
|      1318 |     300     1278     3834 |      686      366     13 |  0.001 % |
|      2077 |     300     1278     3834 |      754      423     11 |  0.001 % |
|      3216 |     300     1278     3834 |      830      395     11 |  0.001 % |
|      4924 |     300     1278     3834 |      913      829     13 |  0.001 % |
|      7486 |     300     1278     3834 |     1004      574     12 |  0.001 % |
|     11330 |     300     1278     3834 |     1104      809     12 |  0.001 % |
|     17096 |     300     1278     3834 |     1215      922     14 |  0.001 % |
|     25745 |     300     1278     3834 |     1336      883     13 |  0.001 % |
|     38719 |     300     1278     3834 |     1470      930     13 |  0.001 % |
|     58180 |     300     1278     3834 |     1617      939     13 |  0.001 % |
|     87372 |     300     1278     3834 |     1779     1388     13 |  0.001 % |
|    131161 |     300     1278     3834 |     1957     1005     12 |  0.001 % |
|    196845 |     300     1278     3834 |     2153     1206     14 |  0.001 % |
|    295371 |     300     1278     3834 |     2368     1603     14 |  0.001 % |
|    443160 |     300     1278     3834 |     2605     1939     15 |  0.001 % |
|    664843 |     300     1278     3834 |     2865     2189     14 |  0.001 % |
|    997368 |     300     1278     3834 |     3152     1765     12 |  0.001 % |
|   1496156 |     300     1278     3834 |     3467     2483     14 |  0.001 % |
|   2244338 |     300     1278     3834 |     3814     2327     11 |  0.001 % |
|   3366612 |     300     1278     3834 |     4195     3797     15 |  0.001 % |
|   5050023 |     297     1245     3735 |     4615     3335     12 |  1.007 % |
===============================================================================
restarts              : 8191
conflicts             : 5095823        (73686 /sec)
decisions             : 6164701        (0.00 % random) (89142 /sec)
propagations          : 254457578      (3679472 /sec)
conflict literals     : 76520008       (23.80 % deleted)
Memory used           : 6.00 MB
CPU time              : 69.156 s

UNSATISFIABLE
