WARNING: for repeatability, setting FPU to use double precision
============================[ Problem Statistics ]=============================
|                                                                             |
|  Number of variables:           300                                         |
|  Number of clauses:            1278                                         |
|  Parse time:                   0.00 s                                       |
|                                                                             |
============================[ Search Statistics ]==============================
| Conflicts |          ORIGINAL         |          LEARNT          | Progress |
|           |    Vars  Clauses Literals |    Limit  Clauses Lit/Cl |          |
===============================================================================
|       100 |     300     1278     3834 |      468      100     16 |  0.001 % |
|       250 |     300     1278     3834 |      515      250     16 |  0.001 % |
|       475 |     300     1278     3834 |      567      475     16 |  0.001 % |
|       812 |     300     1278     3834 |      623      511     15 |  0.001 % |
|      1318 |     300     1278     3834 |      686      361     12 |  0.001 % |
|      2077 |     300     1278     3834 |      754      412     12 |  0.001 % |
|      3216 |     300     1278     3834 |      830      386     11 |  0.001 % |
|      4924 |     300     1278     3834 |      913      799     13 |  0.001 % |
|      7486 |     300     1278     3834 |     1004      553     11 |  0.001 % |
|     11330 |     300     1278     3834 |     1104      795     12 |  0.001 % |
|     17096 |     300     1278     3834 |     1215      907     13 |  0.001 % |
|     25745 |     300     1278     3834 |     1336      870     13 |  0.001 % |
|     38719 |     300     1278     3834 |     1470      908     12 |  0.001 % |
|     58180 |     300     1278     3834 |     1617      929     13 |  0.001 % |
|     87372 |     300     1278     3834 |     1779     1370     14 |  0.001 % |
|    131161 |     300     1278     3834 |     1957      919     12 |  0.001 % |
|    196845 |     300     1278     3834 |     2153     1141     13 |  0.001 % |
|    295371 |     300     1278     3834 |     2368     1547     14 |  0.001 % |
|    443160 |     300     1278     3834 |     2605     1865     14 |  0.001 % |
|    664843 |     300     1278     3834 |     2865     2217     14 |  0.001 % |
|    997368 |     300     1278     3834 |     3152     1724     12 |  0.001 % |
|   1496156 |     300     1278     3834 |     3467     2318     15 |  0.001 % |
|   2244338 |     300     1278     3834 |     3814     2030     14 |  0.001 % |
|   3366612 |     300     1278     3834 |     4195     3408     14 |  0.001 % |
|   5050023 |     300     1278     3834 |     4615     2740     15 |  0.001 % |
===============================================================================
restarts              : 9469
conflicts             : 5937236        (72764 /sec)
decisions             : 7198586        (0.00 % random) (88222 /sec)
propagations          : 298566869      (3659087 /sec)
conflict literals     : 89374030       (23.14 % deleted)
Memory used           : 6.00 MB
CPU time              : 81.596 s

SATISFIABLE
