WARNING: for repeatability, setting FPU to use double precision
============================[ Problem Statistics ]=============================
|                                                                             |
|  Number of variables:           300                                         |
|  Number of clauses:            1278                                         |
|  Parse time:                   0.00 s                                       |
|                                                                             |
============================[ Search Statistics ]==============================
| Conflicts |          ORIGINAL         |          LEARNT          | Progress |
|           |    Vars  Clauses Literals |    Limit  Clauses Lit/Cl |          |
===============================================================================
|       100 |     300     1278     3834 |      468      100     17 |  0.001 % |
|       250 |     300     1278     3834 |      515      250     16 |  0.001 % |
|       475 |     300     1278     3834 |      567      475     16 |  0.001 % |
|       812 |     300     1278     3834 |      623      509     15 |  0.001 % |
|      1318 |     300     1278     3834 |      686      361     13 |  0.001 % |
|      2077 |     300     1278     3834 |      754      414     13 |  0.001 % |
|      3216 |     300     1278     3834 |      830      392     11 |  0.001 % |
|      4924 |     300     1278     3834 |      913      828     13 |  0.001 % |
|      7486 |     300     1278     3834 |     1004      592     12 |  0.001 % |
|     11330 |     300     1278     3834 |     1104      830     13 |  0.001 % |
|     17096 |     300     1278     3834 |     1215      916     14 |  0.001 % |
|     25745 |     300     1278     3834 |     1336      881     15 |  0.001 % |
|     38719 |     300     1278     3834 |     1470      908     13 |  0.001 % |
|     58180 |     300     1278     3834 |     1617      907     13 |  0.001 % |
|     87372 |     300     1278     3834 |     1779     1231     13 |  0.001 % |
|    131161 |     300     1278     3834 |     1957     1711     15 |  0.001 % |
|    196845 |     300     1278     3834 |     2153     1933     14 |  0.001 % |
|    295371 |     300     1278     3834 |     2368     1224     13 |  0.001 % |
|    443160 |     300     1278     3834 |     2605     1368     14 |  0.001 % |
|    664843 |     300     1278     3834 |     2865     1641     14 |  0.001 % |
|    997368 |     300     1278     3834 |     3152     2593     14 |  0.001 % |
|   1496156 |     300     1278     3834 |     3467     3176     14 |  0.001 % |
|   2244338 |     300     1278     3834 |     3814     2825     13 |  0.001 % |
|   3366612 |     300     1278     3834 |     4195     2260     13 |  0.001 % |
|   5050023 |     300     1278     3834 |     4615     3822     14 |  0.001 % |
|   7575139 |     299     1268     3804 |     5077     3649     14 |  0.334 % |
===============================================================================
restarts              : 12286
conflicts             : 7783492        (70808 /sec)
decisions             : 9431144        (0.00 % random) (85797 /sec)
propagations          : 392503717      (3570683 /sec)
conflict literals     : 118865287      (23.41 % deleted)
Memory used           : 7.00 MB
CPU time              : 109.924 s

UNSATISFIABLE
