WARNING: for repeatability, setting FPU to use double precision
============================[ Problem Statistics ]=============================
|                                                                             |
|  Number of variables:           300                                         |
|  Number of clauses:            1278                                         |
|  Parse time:                   0.00 s                                       |
|                                                                             |
============================[ Search Statistics ]==============================
| Conflicts |          ORIGINAL         |          LEARNT          | Progress |
|           |    Vars  Clauses Literals |    Limit  Clauses Lit/Cl |          |
===============================================================================
|       100 |     300     1278     3834 |      468      100     16 |  0.001 % |
|       250 |     300     1278     3834 |      515      250     16 |  0.001 % |
|       475 |     300     1278     3834 |      567      475     16 |  0.001 % |
|       812 |     300     1278     3834 |      623      510     14 |  0.001 % |
|      1318 |     300     1278     3834 |      686      357     13 |  0.001 % |
|      2077 |     300     1278     3834 |      754      410     12 |  0.001 % |
|      3216 |     300     1278     3834 |      830      773     14 |  0.001 % |
|      4924 |     300     1278     3834 |      913      759     13 |  0.001 % |
|      7486 |     300     1278     3834 |     1004      490     13 |  0.001 % |
|     11330 |     300     1278     3834 |     1104      734     12 |  0.001 % |
|     17096 |     300     1278     3834 |     1215      849     14 |  0.001 % |
|     25745 |     300     1278     3834 |     1336      821     13 |  0.001 % |
|     38719 |     300     1278     3834 |     1470      886     13 |  0.001 % |
|     58180 |     300     1278     3834 |     1617      888     13 |  0.001 % |
|     87372 |     300     1278     3834 |     1779     1413     13 |  0.001 % |
|    131161 |     300     1278     3834 |     1957     1018     13 |  0.001 % |
|    196845 |     300     1278     3834 |     2153     1212     13 |  0.001 % |
|    295371 |     300     1278     3834 |     2368     1635     12 |  0.001 % |
|    443160 |     300     1278     3834 |     2605     1896     13 |  0.001 % |
|    664843 |     300     1278     3834 |     2865     2349     15 |  0.001 % |
|    997368 |     300     1278     3834 |     3152     1970     14 |  0.001 % |
|   1496156 |     300     1278     3834 |     3467     2515     14 |  0.001 % |
|   2244338 |     300     1278     3834 |     3814     2234     14 |  0.001 % |
|   3366612 |     300     1278     3834 |     4195     3620     14 |  0.001 % |
|   5050023 |     300     1278     3834 |     4615     3323     13 |  0.002 % |
===============================================================================
restarts              : 10949
conflicts             : 6755516        (71324 /sec)
decisions             : 8171170        (0.00 % random) (86270 /sec)
propagations          : 341367257      (3604114 /sec)
conflict literals     : 101695916      (22.86 % deleted)
Memory used           : 6.00 MB
CPU time              : 94.716 s

UNSATISFIABLE
