WARNING: for repeatability, setting FPU to use double precision
============================[ Problem Statistics ]=============================
|                                                                             |
|  Number of variables:           300                                         |
|  Number of clauses:            1278                                         |
|  Parse time:                   0.00 s                                       |
|                                                                             |
============================[ Search Statistics ]==============================
| Conflicts |          ORIGINAL         |          LEARNT          | Progress |
|           |    Vars  Clauses Literals |    Limit  Clauses Lit/Cl |          |
===============================================================================
|       100 |     300     1278     3834 |      468      100     18 |  0.001 % |
|       250 |     300     1278     3834 |      515      250     18 |  0.001 % |
|       475 |     300     1278     3834 |      567      475     18 |  0.001 % |
|       812 |     300     1278     3834 |      623      509     17 |  0.001 % |
|      1318 |     300     1278     3834 |      686      371     13 |  0.001 % |
|      2077 |     300     1278     3834 |      754      419     12 |  0.001 % |
|      3216 |     300     1278     3834 |      830      408     11 |  0.001 % |
|      4924 |     300     1278     3834 |      913      417     12 |  0.001 % |
|      7486 |     300     1278     3834 |     1004      633     12 |  0.001 % |
|     11330 |     300     1278     3834 |     1104      885     14 |  0.001 % |
|     17096 |     300     1278     3834 |     1215      972     15 |  0.001 % |
|     25745 |     300     1278     3834 |     1336      916     13 |  0.001 % |
|     38719 |     300     1278     3834 |     1470      940     12 |  0.001 % |
|     58180 |     300     1278     3834 |     1617      985     13 |  0.001 % |
|     87372 |     300     1278     3834 |     1779     1424     15 |  0.001 % |
|    131161 |     300     1278     3834 |     1957      954     12 |  0.001 % |
|    196845 |     300     1278     3834 |     2153     1192     13 |  0.001 % |
|    295371 |     300     1278     3834 |     2368     1554     14 |  0.001 % |
|    443160 |     300     1278     3834 |     2605     1744     16 |  0.001 % |
|    664843 |     300     1278     3834 |     2865     1931     14 |  0.001 % |
|    997368 |     300     1278     3834 |     3152     2710     13 |  0.001 % |
|   1496156 |     300     1278     3834 |     3467     1698     14 |  0.001 % |
|   2244338 |     300     1278     3834 |     3814     2826     13 |  0.001 % |
|   3366612 |     300     1278     3834 |     4195     2107     14 |  0.001 % |
|   5050023 |     300     1278     3834 |     4615     3275     13 |  0.001 % |
|   7575139 |     300     1278     3834 |     5077     2737     14 |  0.002 % |
===============================================================================
restarts              : 16383
conflicts             : 11154927       (68176 /sec)
decisions             : 13526968       (0.00 % random) (82673 /sec)
propagations          : 561677456      (3432817 /sec)
conflict literals     : 174562397      (22.72 % deleted)
Memory used           : 8.00 MB
CPU time              : 163.62 s

UNSATISFIABLE
