WARNING: for repeatability, setting FPU to use double precision
============================[ Problem Statistics ]=============================
|                                                                             |
|  Number of variables:           300                                         |
|  Number of clauses:            1278                                         |
|  Parse time:                   0.00 s                                       |
|                                                                             |
============================[ Search Statistics ]==============================
| Conflicts |          ORIGINAL         |          LEARNT          | Progress |
|           |    Vars  Clauses Literals |    Limit  Clauses Lit/Cl |          |
===============================================================================
|       100 |     300     1278     3834 |      468      100     17 |  0.001 % |
|       250 |     300     1278     3834 |      515      250     16 |  0.001 % |
|       475 |     300     1278     3834 |      567      475     16 |  0.001 % |
|       812 |     300     1278     3834 |      623      516     15 |  0.001 % |
|      1318 |     300     1278     3834 |      686      368     13 |  0.001 % |
|      2077 |     300     1278     3834 |      754      413     12 |  0.001 % |
|      3216 |     300     1278     3834 |      830      773     13 |  0.001 % |
|      4924 |     300     1278     3834 |      913      756     12 |  0.001 % |
|      7486 |     300     1278     3834 |     1004      489     12 |  0.001 % |
|     11330 |     300     1278     3834 |     1104      743     13 |  0.001 % |
|     17096 |     300     1278     3834 |     1215      849     13 |  0.001 % |
|     25745 |     300     1278     3834 |     1336      822     13 |  0.001 % |
|     38719 |     300     1278     3834 |     1470      863     12 |  0.001 % |
|     58180 |     300     1278     3834 |     1617      806     12 |  0.001 % |
|     87372 |     300     1278     3834 |     1779     1235     14 |  0.001 % |
|    131161 |     300     1278     3834 |     1957     1742     14 |  0.001 % |
|    196845 |     300     1278     3834 |     2153     1013     13 |  0.001 % |
|    295371 |     300     1278     3834 |     2368     1342     13 |  0.001 % |
|    443160 |     300     1278     3834 |     2605     1556     14 |  0.001 % |
|    664843 |     300     1278     3834 |     2865     1917     13 |  0.001 % |
|    997368 |     300     1278     3834 |     3152     2751     12 |  0.001 % |
|   1496156 |     300     1278     3834 |     3467     1760     14 |  0.001 % |
|   2244338 |     300     1278     3834 |     3814     3093     14 |  0.001 % |
|   3366612 |     300     1278     3834 |     4195     2460     14 |  0.001 % |
|   5050023 |     299     1268     3804 |     4615     3510     14 |  0.334 % |
===============================================================================
restarts              : 8191
conflicts             : 5198532        (70890 /sec)
decisions             : 6293488        (0.00 % random) (85822 /sec)
propagations          : 259415066      (3537542 /sec)
conflict literals     : 79153930       (22.54 % deleted)
Memory used           : 6.00 MB
CPU time              : 73.332 s

UNSATISFIABLE
