WARNING: for repeatability, setting FPU to use double precision
============================[ Problem Statistics ]=============================
|                                                                             |
|  Number of variables:           300                                         |
|  Number of clauses:            1278                                         |
|  Parse time:                   0.00 s                                       |
|                                                                             |
============================[ Search Statistics ]==============================
| Conflicts |          ORIGINAL         |          LEARNT          | Progress |
|           |    Vars  Clauses Literals |    Limit  Clauses Lit/Cl |          |
===============================================================================
|       100 |     300     1278     3834 |      468      100     18 |  0.001 % |
|       250 |     300     1278     3834 |      515      250     17 |  0.001 % |
|       475 |     300     1278     3834 |      567      475     17 |  0.001 % |
|       812 |     300     1278     3834 |      623      512     16 |  0.001 % |
|      1318 |     300     1278     3834 |      686      365     14 |  0.001 % |
|      2077 |     300     1278     3834 |      754      417     13 |  0.001 % |
|      3216 |     300     1278     3834 |      830      392     12 |  0.001 % |
|      4924 |     300     1278     3834 |      913      801     14 |  0.001 % |
|      7486 |     300     1278     3834 |     1004      537     13 |  0.001 % |
|     11330 |     300     1278     3834 |     1104      781     14 |  0.001 % |
|     17096 |     300     1278     3834 |     1215      889     13 |  0.001 % |
|     25745 |     300     1278     3834 |     1336      874     14 |  0.001 % |
|     38719 |     300     1278     3834 |     1470      943     14 |  0.001 % |
|     58180 |     300     1278     3834 |     1617      932     14 |  0.001 % |
|     87372 |     300     1278     3834 |     1779     1375     13 |  0.001 % |
|    131161 |     300     1278     3834 |     1957      926     13 |  0.001 % |
|    196845 |     300     1278     3834 |     2153     1060     13 |  0.001 % |
|    295371 |     300     1278     3834 |     2368     1505     13 |  0.001 % |
|    443160 |     300     1278     3834 |     2605     1859     13 |  0.001 % |
|    664843 |     300     1278     3834 |     2865     2336     15 |  0.001 % |
|    997368 |     300     1278     3834 |     3152     1915     14 |  0.001 % |
|   1496156 |     300     1278     3834 |     3467     2754     14 |  0.001 % |
|   2244338 |     300     1278     3834 |     3814     2385     14 |  0.001 % |
|   3366612 |     300     1278     3834 |     4195     3842     14 |  0.001 % |
|   5050023 |     299     1264     3792 |     4615     2975     13 |  0.334 % |
===============================================================================
restarts              : 10238
conflicts             : 6453625        (71771 /sec)
decisions             : 7810465        (0.00 % random) (86860 /sec)
propagations          : 317253553      (3528176 /sec)
conflict literals     : 97662861       (22.48 % deleted)
Memory used           : 7.00 MB
CPU time              : 89.92 s

UNSATISFIABLE
