WARNING: for repeatability, setting FPU to use double precision
============================[ Problem Statistics ]=============================
|                                                                             |
|  Number of variables:           300                                         |
|  Number of clauses:            1278                                         |
|  Parse time:                   0.00 s                                       |
|                                                                             |
============================[ Search Statistics ]==============================
| Conflicts |          ORIGINAL         |          LEARNT          | Progress |
|           |    Vars  Clauses Literals |    Limit  Clauses Lit/Cl |          |
===============================================================================
|       100 |     300     1278     3834 |      468      100     17 |  0.001 % |
|       250 |     300     1278     3834 |      515      250     17 |  0.001 % |
|       475 |     300     1278     3834 |      567      475     16 |  0.001 % |
|       812 |     300     1278     3834 |      623      511     15 |  0.001 % |
|      1318 |     300     1278     3834 |      686      373     13 |  0.001 % |
|      2077 |     300     1278     3834 |      754      418     12 |  0.001 % |
|      3216 |     300     1278     3834 |      830      409     11 |  0.001 % |
|      4924 |     300     1278     3834 |      913      824     14 |  0.001 % |
|      7486 |     300     1278     3834 |     1004      586     11 |  0.001 % |
|     11330 |     300     1278     3834 |     1104      832     12 |  0.001 % |
|     17096 |     300     1278     3834 |     1215      956     12 |  0.001 % |
|     25745 |     300     1278     3834 |     1336      920     14 |  0.001 % |
|     38719 |     300     1278     3834 |     1470      913     12 |  0.001 % |
|     58180 |     300     1278     3834 |     1617      939     13 |  0.001 % |
|     87372 |     300     1278     3834 |     1779     1356     12 |  0.001 % |
|    131161 |     300     1278     3834 |     1957     1793     14 |  0.001 % |
|    196845 |     300     1278     3834 |     2153     1961     14 |  0.001 % |
|    295371 |     300     1278     3834 |     2368     1247     13 |  0.001 % |
|    443160 |     300     1278     3834 |     2605     1445     14 |  0.001 % |
|    664843 |     300     1278     3834 |     2865     1760     14 |  0.001 % |
|    997368 |     300     1278     3834 |     3152     2649     15 |  0.001 % |
|   1496156 |     300     1278     3834 |     3467     1605     13 |  0.001 % |
|   2244338 |     300     1278     3834 |     3814     2725     13 |  0.001 % |
|   3366612 |     300     1278     3834 |     4195     2315     13 |  0.001 % |
|   5050023 |     300     1278     3834 |     4615     3847     13 |  0.002 % |
===============================================================================
restarts              : 8191
conflicts             : 5257086        (70686 /sec)
decisions             : 6366930        (0.00 % random) (85609 /sec)
propagations          : 265156143      (3565268 /sec)
conflict literals     : 80576570       (23.06 % deleted)
Memory used           : 6.00 MB
CPU time              : 74.372 s

UNSATISFIABLE
