WARNING: for repeatability, setting FPU to use double precision
============================[ Problem Statistics ]=============================
|                                                                             |
|  Number of variables:           300                                         |
|  Number of clauses:            1278                                         |
|  Parse time:                   0.00 s                                       |
|                                                                             |
============================[ Search Statistics ]==============================
| Conflicts |          ORIGINAL         |          LEARNT          | Progress |
|           |    Vars  Clauses Literals |    Limit  Clauses Lit/Cl |          |
===============================================================================
|       100 |     300     1278     3834 |      468      100     18 |  0.001 % |
|       250 |     300     1278     3834 |      515      250     16 |  0.001 % |
|       475 |     300     1278     3834 |      567      475     16 |  0.001 % |
|       812 |     300     1278     3834 |      623      511     16 |  0.001 % |
|      1318 |     300     1278     3834 |      686      363     13 |  0.001 % |
|      2077 |     300     1278     3834 |      754      414     14 |  0.001 % |
|      3216 |     300     1278     3834 |      830      754     14 |  0.001 % |
|      4924 |     300     1278     3834 |      913      751     14 |  0.001 % |
|      7486 |     300     1278     3834 |     1004      495     11 |  0.001 % |
|     11330 |     300     1278     3834 |     1104      734     14 |  0.001 % |
|     17096 |     300     1278     3834 |     1215      853     12 |  0.001 % |
|     25745 |     300     1278     3834 |     1336      831     13 |  0.001 % |
|     38719 |     300     1278     3834 |     1470      822     13 |  0.001 % |
|     58180 |     300     1278     3834 |     1617      819     12 |  0.001 % |
|     87372 |     300     1278     3834 |     1779     1211     14 |  0.001 % |
|    131161 |     300     1278     3834 |     1957     1669     15 |  0.001 % |
|    196845 |     300     1278     3834 |     2153     1886     15 |  0.001 % |
|    295371 |     300     1278     3834 |     2368     1228     13 |  0.001 % |
|    443160 |     300     1278     3834 |     2605     1429     14 |  0.001 % |
|    664843 |     300     1278     3834 |     2865     1555     14 |  0.001 % |
|    997368 |     300     1278     3834 |     3152     2251     14 |  0.001 % |
|   1496156 |     300     1278     3834 |     3467     2696     14 |  0.001 % |
|   2244338 |     300     1278     3834 |     3814     2161     14 |  0.001 % |
|   3366612 |     300     1278     3834 |     4195     3193     16 |  0.001 % |
|   5050023 |     300     1278     3834 |     4615     4142     15 |  0.001 % |
===============================================================================
restarts              : 10493
conflicts             : 6550960        (70247 /sec)
decisions             : 7950330        (0.00 % random) (85253 /sec)
propagations          : 339991757      (3645790 /sec)
conflict literals     : 103178594      (22.59 % deleted)
Memory used           : 6.00 MB
CPU time              : 93.256 s

SATISFIABLE
