WARNING: for repeatability, setting FPU to use double precision
============================[ Problem Statistics ]=============================
|                                                                             |
|  Number of variables:           300                                         |
|  Number of clauses:            1278                                         |
|  Parse time:                   0.00 s                                       |
|                                                                             |
============================[ Search Statistics ]==============================
| Conflicts |          ORIGINAL         |          LEARNT          | Progress |
|           |    Vars  Clauses Literals |    Limit  Clauses Lit/Cl |          |
===============================================================================
|       100 |     300     1278     3834 |      468      100     18 |  0.001 % |
|       250 |     300     1278     3834 |      515      250     17 |  0.001 % |
|       475 |     300     1278     3834 |      567      475     16 |  0.001 % |
|       812 |     300     1278     3834 |      623      516     16 |  0.001 % |
|      1318 |     300     1278     3834 |      686      373     14 |  0.001 % |
|      2077 |     300     1278     3834 |      754      420     13 |  0.001 % |
|      3216 |     300     1278     3834 |      830      387     12 |  0.001 % |
|      4924 |     300     1278     3834 |      913      828     12 |  0.001 % |
|      7486 |     300     1278     3834 |     1004      594     12 |  0.001 % |
|     11330 |     300     1278     3834 |     1104      832     13 |  0.001 % |
|     17096 |     300     1278     3834 |     1215      942     13 |  0.001 % |
|     25745 |     300     1278     3834 |     1336      922     13 |  0.001 % |
|     38719 |     300     1278     3834 |     1470      967     13 |  0.001 % |
|     58180 |     300     1278     3834 |     1617      990     13 |  0.001 % |
|     87372 |     300     1278     3834 |     1779     1448     13 |  0.001 % |
|    131161 |     300     1278     3834 |     1957      993     13 |  0.001 % |
|    196845 |     300     1278     3834 |     2153     1217     14 |  0.001 % |
|    295371 |     300     1278     3834 |     2368     1625     13 |  0.001 % |
|    443160 |     300     1278     3834 |     2605     1828     14 |  0.001 % |
|    664843 |     300     1278     3834 |     2865     2228     13 |  0.001 % |
|    997368 |     300     1278     3834 |     3152     1728     12 |  0.001 % |
|   1496156 |     300     1278     3834 |     3467     2482     14 |  0.001 % |
|   2244338 |     300     1278     3834 |     3814     2254     13 |  0.001 % |
|   3366612 |     300     1278     3834 |     4195     3704     14 |  0.002 % |
|   5050023 |     300     1278     3834 |     4615     2898     14 |  0.002 % |
===============================================================================
restarts              : 8191
conflicts             : 5330593        (72545 /sec)
decisions             : 6436699        (0.00 % random) (87598 /sec)
propagations          : 267433177      (3639537 /sec)
conflict literals     : 80799166       (22.74 % deleted)
Memory used           : 6.00 MB
CPU time              : 73.48 s

UNSATISFIABLE
