WARNING: for repeatability, setting FPU to use double precision
============================[ Problem Statistics ]=============================
|                                                                             |
|  Number of variables:           300                                         |
|  Number of clauses:            1278                                         |
|  Parse time:                   0.00 s                                       |
|                                                                             |
============================[ Search Statistics ]==============================
| Conflicts |          ORIGINAL         |          LEARNT          | Progress |
|           |    Vars  Clauses Literals |    Limit  Clauses Lit/Cl |          |
===============================================================================
|       100 |     300     1278     3834 |      468      100     18 |  0.001 % |
|       250 |     300     1278     3834 |      515      250     16 |  0.001 % |
|       475 |     300     1278     3834 |      567      475     15 |  0.001 % |
|       812 |     300     1278     3834 |      623      520     14 |  0.001 % |
|      1318 |     300     1278     3834 |      686      359     13 |  0.001 % |
|      2077 |     300     1278     3834 |      754      415     12 |  0.001 % |
|      3216 |     300     1278     3834 |      830      396     12 |  0.001 % |
|      4924 |     300     1278     3834 |      913      806     13 |  0.001 % |
|      7486 |     300     1278     3834 |     1004      549     13 |  0.001 % |
|     11330 |     300     1278     3834 |     1104      794     12 |  0.001 % |
|     17096 |     300     1278     3834 |     1215      898     13 |  0.001 % |
|     25745 |     300     1278     3834 |     1336      858     12 |  0.001 % |
|     38719 |     300     1278     3834 |     1470      888     13 |  0.001 % |
|     58180 |     300     1278     3834 |     1617      934     13 |  0.001 % |
|     87372 |     300     1278     3834 |     1779     1388     14 |  0.001 % |
|    131161 |     300     1278     3834 |     1957      925     12 |  0.001 % |
|    196845 |     300     1278     3834 |     2153     1155     12 |  0.001 % |
|    295371 |     300     1278     3834 |     2368     1639     13 |  0.001 % |
|    443160 |     300     1278     3834 |     2605     1912     13 |  0.001 % |
|    664843 |     300     1278     3834 |     2865     2422     15 |  0.001 % |
|    997368 |     300     1278     3834 |     3152     1824     12 |  0.001 % |
|   1496156 |     300     1278     3834 |     3467     2552     14 |  0.001 % |
|   2244338 |     300     1278     3834 |     3814     2166     12 |  0.001 % |
|   3366612 |     300     1278     3834 |     4195     3430     14 |  0.001 % |
|   5050023 |     299     1263     3789 |     4615     3287     13 |  0.334 % |
===============================================================================
restarts              : 8191
conflicts             : 5288532        (72347 /sec)
decisions             : 6399882        (0.00 % random) (87550 /sec)
propagations          : 263343109      (3602505 /sec)
conflict literals     : 79987565       (23.06 % deleted)
Memory used           : 6.00 MB
CPU time              : 73.1 s

UNSATISFIABLE
