WARNING: for repeatability, setting FPU to use double precision
============================[ Problem Statistics ]=============================
|                                                                             |
|  Number of variables:           300                                         |
|  Number of clauses:            1278                                         |
|  Parse time:                   0.00 s                                       |
|                                                                             |
============================[ Search Statistics ]==============================
| Conflicts |          ORIGINAL         |          LEARNT          | Progress |
|           |    Vars  Clauses Literals |    Limit  Clauses Lit/Cl |          |
===============================================================================
|       100 |     300     1278     3834 |      468      100     17 |  0.001 % |
|       250 |     300     1278     3834 |      515      250     15 |  0.001 % |
|       475 |     300     1278     3834 |      567      475     15 |  0.001 % |
|       812 |     300     1278     3834 |      623      512     14 |  0.001 % |
|      1318 |     300     1278     3834 |      686      367     13 |  0.001 % |
|      2077 |     300     1278     3834 |      754      419     13 |  0.001 % |
|      3216 |     300     1278     3834 |      830      392     11 |  0.001 % |
|      4924 |     300     1278     3834 |      913      826     14 |  0.001 % |
|      7486 |     300     1278     3834 |     1004      597     12 |  0.001 % |
|     11330 |     300     1278     3834 |     1104      827     12 |  0.001 % |
|     17096 |     300     1278     3834 |     1215      955     13 |  0.001 % |
|     25745 |     300     1278     3834 |     1336      907     13 |  0.001 % |
|     38719 |     300     1278     3834 |     1470      945     13 |  0.001 % |
|     58180 |     300     1278     3834 |     1617      914     13 |  0.001 % |
|     87372 |     300     1278     3834 |     1779     1340     14 |  0.001 % |
|    131161 |     300     1278     3834 |     1957      909     13 |  0.001 % |
|    196845 |     300     1278     3834 |     2153     1149     13 |  0.001 % |
|    295371 |     300     1278     3834 |     2368     1537     14 |  0.001 % |
|    443160 |     300     1278     3834 |     2605     1848     13 |  0.001 % |
|    664843 |     300     1278     3834 |     2865     2189     14 |  0.001 % |
|    997368 |     300     1278     3834 |     3152     1931     13 |  0.001 % |
|   1496156 |     300     1278     3834 |     3467     2580     14 |  0.001 % |
|   2244338 |     300     1278     3834 |     3814     2184     12 |  0.001 % |
|   3366612 |     300     1278     3834 |     4195     3587     15 |  0.001 % |
|   5050023 |     300     1278     3834 |     4615     3199     13 |  0.003 % |
===============================================================================
restarts              : 8191
conflicts             : 5244856        (73269 /sec)
decisions             : 6338183        (0.00 % random) (88542 /sec)
propagations          : 256970574      (3589777 /sec)
conflict literals     : 79408311       (22.42 % deleted)
Memory used           : 6.00 MB
CPU time              : 71.584 s

UNSATISFIABLE
