WARNING: for repeatability, setting FPU to use double precision
============================[ Problem Statistics ]=============================
|                                                                             |
|  Number of variables:           300                                         |
|  Number of clauses:            1278                                         |
|  Parse time:                   0.00 s                                       |
|                                                                             |
============================[ Search Statistics ]==============================
| Conflicts |          ORIGINAL         |          LEARNT          | Progress |
|           |    Vars  Clauses Literals |    Limit  Clauses Lit/Cl |          |
===============================================================================
|       100 |     300     1278     3834 |      468      100     16 |  0.001 % |
|       250 |     300     1278     3834 |      515      250     15 |  0.001 % |
|       475 |     300     1278     3834 |      567      475     16 |  0.001 % |
|       812 |     300     1278     3834 |      623      510     16 |  0.001 % |
|      1318 |     300     1278     3834 |      686      364     12 |  0.001 % |
|      2077 |     300     1278     3834 |      754      414     13 |  0.001 % |
|      3216 |     300     1278     3834 |      830      387     12 |  0.001 % |
|      4924 |     300     1278     3834 |      913      807     14 |  0.001 % |
|      7486 |     300     1278     3834 |     1004      528     12 |  0.001 % |
|     11330 |     300     1278     3834 |     1104      752     14 |  0.001 % |
|     17096 |     300     1278     3834 |     1215      868     13 |  0.001 % |
|     25745 |     300     1278     3834 |     1336      843     14 |  0.001 % |
|     38719 |     300     1278     3834 |     1470      829     13 |  0.001 % |
|     58180 |     300     1278     3834 |     1617      847     13 |  0.001 % |
|     87372 |     300     1278     3834 |     1779     1282     14 |  0.001 % |
|    131161 |     300     1278     3834 |     1957     1712     14 |  0.001 % |
|    196845 |     300     1278     3834 |     2153     1898     15 |  0.001 % |
|    295371 |     300     1278     3834 |     2368     1143     14 |  0.001 % |
|    443160 |     300     1278     3834 |     2605     1339     12 |  0.001 % |
|    664843 |     300     1278     3834 |     2865     1529     14 |  0.001 % |
|    997368 |     300     1278     3834 |     3152     2321     14 |  0.001 % |
|   1496156 |     300     1278     3834 |     3467     2721     15 |  0.001 % |
|   2244338 |     300     1278     3834 |     3814     2183     15 |  0.001 % |
|   3366612 |     300     1278     3834 |     4195     3430     15 |  0.001 % |
|   5050023 |     300     1278     3834 |     4615     2172     13 |  0.001 % |
|   7575139 |     299     1266     3798 |     5077     2973     13 |  0.336 % |
===============================================================================
restarts              : 16380
conflicts             : 10045149       (68631 /sec)
decisions             : 12184690       (0.00 % random) (83249 /sec)
propagations          : 505968757      (3456921 /sec)
conflict literals     : 155047920      (23.16 % deleted)
Memory used           : 7.00 MB
CPU time              : 146.364 s

UNSATISFIABLE
