WARNING: for repeatability, setting FPU to use double precision
============================[ Problem Statistics ]=============================
|                                                                             |
|  Number of variables:           300                                         |
|  Number of clauses:            1278                                         |
|  Parse time:                   0.00 s                                       |
|                                                                             |
============================[ Search Statistics ]==============================
| Conflicts |          ORIGINAL         |          LEARNT          | Progress |
|           |    Vars  Clauses Literals |    Limit  Clauses Lit/Cl |          |
===============================================================================
|       100 |     300     1278     3834 |      468      100     15 |  0.001 % |
|       250 |     300     1278     3834 |      515      250     16 |  0.001 % |
|       475 |     300     1278     3834 |      567      475     16 |  0.001 % |
|       812 |     300     1278     3834 |      623      512     16 |  0.001 % |
|      1318 |     300     1278     3834 |      686      364     13 |  0.001 % |
|      2077 |     300     1278     3834 |      754      417     13 |  0.001 % |
|      3216 |     300     1278     3834 |      830      398     12 |  0.001 % |
|      4924 |     300     1278     3834 |      913      808     13 |  0.001 % |
|      7486 |     300     1278     3834 |     1004      548     13 |  0.001 % |
|     11330 |     300     1278     3834 |     1104      777     13 |  0.001 % |
|     17096 |     300     1278     3834 |     1215      875     14 |  0.001 % |
|     25745 |     300     1278     3834 |     1336      849     14 |  0.001 % |
|     38719 |     300     1278     3834 |     1470      916     13 |  0.001 % |
|     58180 |     300     1278     3834 |     1617      921     13 |  0.001 % |
|     87372 |     300     1278     3834 |     1779     1347     13 |  0.001 % |
|    131161 |     300     1278     3834 |     1957     1754     14 |  0.001 % |
|    196845 |     300     1278     3834 |     2153     1960     14 |  0.001 % |
|    295371 |     300     1278     3834 |     2368     1251     13 |  0.001 % |
|    443160 |     300     1278     3834 |     2605     1470     15 |  0.001 % |
|    664843 |     300     1278     3834 |     2865     1749     14 |  0.001 % |
|    997368 |     300     1278     3834 |     3152     2756     13 |  0.001 % |
|   1496156 |     300     1278     3834 |     3467     1800     14 |  0.001 % |
|   2244338 |     300     1278     3834 |     3814     3185     13 |  0.001 % |
|   3366612 |     300     1278     3834 |     4195     2468     14 |  0.001 % |
|   5050023 |     299     1264     3792 |     4615     3017     12 |  0.337 % |
===============================================================================
restarts              : 8191
conflicts             : 5211774        (72430 /sec)
decisions             : 6308162        (0.00 % random) (87667 /sec)
propagations          : 259833037      (3610999 /sec)
conflict literals     : 79533585       (23.14 % deleted)
Memory used           : 7.00 MB
CPU time              : 71.956 s

SATISFIABLE
