WARNING: for repeatability, setting FPU to use double precision
============================[ Problem Statistics ]=============================
|                                                                             |
|  Number of variables:           300                                         |
|  Number of clauses:            1278                                         |
|  Parse time:                   0.00 s                                       |
|                                                                             |
============================[ Search Statistics ]==============================
| Conflicts |          ORIGINAL         |          LEARNT          | Progress |
|           |    Vars  Clauses Literals |    Limit  Clauses Lit/Cl |          |
===============================================================================
|       100 |     300     1278     3834 |      468      100     19 |  0.001 % |
|       250 |     300     1278     3834 |      515      250     18 |  0.001 % |
|       475 |     300     1278     3834 |      567      475     17 |  0.001 % |
|       812 |     300     1278     3834 |      623      511     15 |  0.001 % |
|      1318 |     300     1278     3834 |      686      370     14 |  0.001 % |
|      2077 |     300     1278     3834 |      754      419     13 |  0.001 % |
|      3216 |     300     1278     3834 |      830      392     12 |  0.001 % |
|      4924 |     300     1278     3834 |      913      809     13 |  0.001 % |
|      7486 |     300     1278     3834 |     1004      542     12 |  0.001 % |
|     11330 |     300     1278     3834 |     1104      750     12 |  0.001 % |
|     17096 |     300     1278     3834 |     1215      869     13 |  0.001 % |
|     25745 |     300     1278     3834 |     1336      820     12 |  0.001 % |
|     38719 |     300     1278     3834 |     1470      842     13 |  0.001 % |
|     58180 |     300     1278     3834 |     1617      828     13 |  0.001 % |
|     87372 |     300     1278     3834 |     1779     1267     14 |  0.001 % |
|    131161 |     300     1278     3834 |     1957     1787     15 |  0.001 % |
|    196845 |     300     1278     3834 |     2153     1041     13 |  0.001 % |
|    295371 |     300     1278     3834 |     2368     1433     14 |  0.001 % |
|    443160 |     300     1278     3834 |     2605     1674     14 |  0.001 % |
|    664843 |     300     1278     3834 |     2865     1984     14 |  0.001 % |
|    997368 |     300     1278     3834 |     3152     1478     13 |  0.001 % |
|   1496156 |     300     1278     3834 |     3467     1962     14 |  0.001 % |
|   2244338 |     300     1278     3834 |     3814     3283     14 |  0.001 % |
|   3366612 |     300     1278     3834 |     4195     3055     15 |  0.001 % |
|   5050023 |     295     1233     3699 |     4615     2654     10 |  1.668 % |
===============================================================================
restarts              : 8191
conflicts             : 5064274        (73922 /sec)
decisions             : 6109606        (0.00 % random) (89181 /sec)
propagations          : 253884721      (3705913 /sec)
conflict literals     : 76242465       (23.34 % deleted)
Memory used           : 6.00 MB
CPU time              : 68.508 s

UNSATISFIABLE
