WARNING: for repeatability, setting FPU to use double precision
============================[ Problem Statistics ]=============================
|                                                                             |
|  Number of variables:           300                                         |
|  Number of clauses:            1278                                         |
|  Parse time:                   0.00 s                                       |
|                                                                             |
============================[ Search Statistics ]==============================
| Conflicts |          ORIGINAL         |          LEARNT          | Progress |
|           |    Vars  Clauses Literals |    Limit  Clauses Lit/Cl |          |
===============================================================================
|       100 |     300     1278     3834 |      468      100     19 |  0.001 % |
|       250 |     300     1278     3834 |      515      250     18 |  0.001 % |
|       475 |     300     1278     3834 |      567      475     17 |  0.001 % |
|       812 |     300     1278     3834 |      623      515     16 |  0.001 % |
|      1318 |     300     1278     3834 |      686      373     13 |  0.001 % |
|      2077 |     300     1278     3834 |      754      422     13 |  0.001 % |
|      3216 |     300     1278     3834 |      830      398     12 |  0.001 % |
|      4924 |     300     1278     3834 |      913      812     13 |  0.001 % |
|      7486 |     300     1278     3834 |     1004      543     12 |  0.001 % |
|     11330 |     300     1278     3834 |     1104      772     14 |  0.001 % |
|     17096 |     300     1278     3834 |     1215      872     13 |  0.001 % |
|     25745 |     300     1278     3834 |     1336      849     15 |  0.001 % |
|     38719 |     300     1278     3834 |     1470      805     14 |  0.001 % |
|     58180 |     300     1278     3834 |     1617      792     13 |  0.001 % |
|     87372 |     300     1278     3834 |     1779     1248     14 |  0.001 % |
|    131161 |     300     1278     3834 |     1957     1694     16 |  0.001 % |
|    196845 |     300     1278     3834 |     2153     1891     15 |  0.001 % |
|    295371 |     300     1278     3834 |     2368     1259     14 |  0.001 % |
|    443160 |     300     1278     3834 |     2605     1392     13 |  0.001 % |
|    664843 |     300     1278     3834 |     2865     1721     15 |  0.001 % |
|    997368 |     300     1278     3834 |     3152     2531     15 |  0.001 % |
|   1496156 |     300     1278     3834 |     3467     3053     15 |  0.001 % |
|   2244338 |     300     1278     3834 |     3814     2328     13 |  0.001 % |
|   3366612 |     300     1278     3834 |     4195     3430     16 |  0.001 % |
|   5050023 |     300     1278     3834 |     4615     2798     13 |  0.001 % |
|   7575139 |     300     1278     3834 |     5077     4248     14 |  0.001 % |
===============================================================================
restarts              : 16383
conflicts             : 10934730       (70374 /sec)
decisions             : 13226917       (0.00 % random) (85126 /sec)
propagations          : 558986598      (3597545 /sec)
conflict literals     : 170072847      (23.08 % deleted)
Memory used           : 8.00 MB
CPU time              : 155.38 s

UNSATISFIABLE
