WARNING: for repeatability, setting FPU to use double precision
============================[ Problem Statistics ]=============================
|                                                                             |
|  Number of variables:           300                                         |
|  Number of clauses:            1278                                         |
|  Parse time:                   0.00 s                                       |
|                                                                             |
============================[ Search Statistics ]==============================
| Conflicts |          ORIGINAL         |          LEARNT          | Progress |
|           |    Vars  Clauses Literals |    Limit  Clauses Lit/Cl |          |
===============================================================================
|       100 |     300     1278     3834 |      468      100     17 |  0.001 % |
|       250 |     300     1278     3834 |      515      250     16 |  0.001 % |
|       475 |     300     1278     3834 |      567      475     16 |  0.001 % |
|       812 |     300     1278     3834 |      623      517     15 |  0.001 % |
|      1318 |     300     1278     3834 |      686      373     13 |  0.001 % |
|      2077 |     300     1278     3834 |      754      421     12 |  0.001 % |
|      3216 |     300     1278     3834 |      830      792     13 |  0.001 % |
|      4924 |     300     1278     3834 |      913      800     13 |  0.001 % |
|      7486 |     300     1278     3834 |     1004      536     12 |  0.001 % |
|     11330 |     300     1278     3834 |     1104      794     12 |  0.001 % |
|     17096 |     300     1278     3834 |     1215      923     11 |  0.001 % |
|     25745 |     300     1278     3834 |     1336      908     13 |  0.001 % |
|     38719 |     300     1278     3834 |     1470      957     12 |  0.001 % |
|     58180 |     300     1278     3834 |     1617      969     13 |  0.001 % |
|     87372 |     300     1278     3834 |     1779     1377     13 |  0.001 % |
|    131161 |     300     1278     3834 |     1957      949     12 |  0.001 % |
|    196845 |     300     1278     3834 |     2153     1183     13 |  0.001 % |
|    295371 |     300     1278     3834 |     2368     1564     14 |  0.001 % |
|    443160 |     300     1278     3834 |     2605     1771     15 |  0.001 % |
|    664843 |     300     1278     3834 |     2865     2138     14 |  0.001 % |
|    997368 |     300     1278     3834 |     3152     1650     14 |  0.001 % |
|   1496156 |     300     1278     3834 |     3467     2403     13 |  0.001 % |
|   2244338 |     300     1278     3834 |     3814     2019     12 |  0.002 % |
|   3366612 |     300     1278     3834 |     4195     3444     14 |  0.001 % |
|   5050023 |     300     1278     3834 |     4615     2761     13 |  0.004 % |
===============================================================================
restarts              : 8191
conflicts             : 5305348        (72876 /sec)
decisions             : 6444569        (0.00 % random) (88524 /sec)
propagations          : 264290450      (3630363 /sec)
conflict literals     : 80734521       (22.86 % deleted)
Memory used           : 6.00 MB
CPU time              : 72.8 s

UNSATISFIABLE
