103.cnf 300 4.26 0.495827 0.294164 0 1 0.504695 0.495305 1 0.1 0.496509 0.14476 0.226622 1.13228 0.160282 0 0 0 0 0.0203443 0.00391236 0.01 0.00275147 1
100.cnf 300 4.26 0.504695 0.288486 0 1 0.502347 0.497653 1 0.1 0.508087 0.145771 0.231382 1.14375 0.160874 0 0 0 0 0.0187793 0.00391236 0.01 0.00258393 1
111.cnf 300 4.26 0.503912 0.285468 0 1 0.495305 0.504695 1 0.111111 0.503037 0.14776 0.233536 1.22686 0.138951 0 0 0 0 0.0179969 0.00312989 0.01 0.00279927 1
10.cnf 300 4.26 0.50939 0.279803 0 1 0.477308 0.522692 1 0 0.506911 0.155841 0.24642 1.1592 0.142222 0 0 0 0 0.018794 0.00313234 0.01 0.0029816 1
118.cnf 300 4.26 0.497913 0.28972 0 1 0.507042 0.492958 0.875 0.0666667 0.497611 0.14723 0.227576 1.07129 0.16335 0 0 0 0 0.0172144 0.00391236 0.01 0.0023498 1
119.cnf 300 4.26 0.48409 0.29049 0 1 0.515649 0.484351 1 0 0.484077 0.154268 0.239066 1.02734 0.165543 0 0 0 0 0.0187793 0.00312989 0.01 0.00270736 1
116.cnf 300 4.26 0.485655 0.286048 0 1 0.519562 0.480438 0.916667 0.111111 0.487811 0.145444 0.235189 1.02929 0.154773 0 0 0 0 0.0179969 0.00391236 0.01 0.00264713 1
11.cnf 300 4.26 0.501304 0.294487 0 1 0.50939 0.49061 1 0.1 0.505827 0.152659 0.242436 1.04149 0.154721 0 0 0 0 0.0187793 0.00312989 0.01 0.00278025 1
122.cnf 300 4.26 0.506521 0.285421 0 1 0.484351 0.515649 1 0 0.508565 0.16146 0.252601 1.15219 0.140052 0 0 0 0 0.0211268 0.00312989 0.01 0.00291499 1
124.cnf 300 4.26 0.48096 0.295349 0 1 0.533646 0.466354 1 0.1 0.483322 0.141006 0.21662 1.07389 0.152333 0 0 0 0 0.0179969 0.00234742 0.01 0.00282395 1
128.cnf 300 4.26 0.496088 0.291198 0 1 0.500782 0.499218 0.909091 0.0666667 0.494541 0.156786 0.254953 1.09041 0.152267 0 0 0 0 0.0179969 0.00312989 0.01 0.00275444 1
123.cnf 300 4.26 0.496088 0.292389 0 1 0.508607 0.491393 0.875 0 0.494622 0.149403 0.234164 1.09727 0.147701 0 0 0 0 0.0211433 0.00391543 0.01 0.00278303 1
131.cnf 300 4.26 0.495827 0.287589 0 1 0.50939 0.49061 1 0.0714286 0.496627 0.159785 0.257699 1.04242 0.165862 0 0 0 0 0.0179969 0.00391236 0.01 0.00262468 1
133.cnf 300 4.26 0.505477 0.293551 0 1 0.485133 0.514867 0.875 0.111111 0.503291 0.147102 0.229613 1.07995 0.165533 0 0 0 0 0.0187793 0.00234742 0.01 0.002862 1
132.cnf 300 4.26 0.494001 0.286041 0 1 0.50626 0.49374 0.833333 0.166667 0.490417 0.140098 0.229067 1.1222 0.149309 0 0 0 0 0.0172144 0.00391236 0.01 0.00257681 1
134.cnf 300 4.26 0.5 0.2858 0 1 0.514085 0.485915 1 0 0.495279 0.154693 0.237653 1.12532 0.164884 0 0 0 0 0.018011 0.00234926 0.01 0.00292904 1
135.cnf 300 4.26 0.493479 0.280195 0 1 0.507042 0.492958 1 0.111111 0.496083 0.149072 0.234145 1.08239 0.152011 0 0 0 0 0.0179969 0.00234742 0.01 0.0025863 1
137.cnf 300 4.26 0.505216 0.285752 0 1 0.50313 0.49687 1 0 0.507933 0.155241 0.245544 1.18386 0.136925 0 0 0 0 0.0195618 0.00156495 0.01 0.00297939 1
13.cnf 300 4.26 0.476265 0.290554 0 1 0.543818 0.456182 1 0.0833333 0.474994 0.155008 0.246079 1.08598 0.155951 0 0 0 0 0.0179969 0.00312989 0.01 0.00273585 1
141.cnf 300 4.26 0.498435 0.281195 0 1 0.496088 0.503912 1 0 0.494143 0.159032 0.249904 1.12762 0.160921 0 0 0 0 0.0172144 0.00391236 0.01 0.00280728 1
142.cnf 300 4.26 0.504173 0.289697 0 1 0.486698 0.513302 0.888889 0.142857 0.508119 0.141653 0.224103 1.09516 0.146249 0 0 0 0 0.018794 0.00391543 0.01 0.00278303 1
144.cnf 300 4.26 0.511998 0.290378 0 1 0.481221 0.518779 1 0.111111 0.510739 0.15183 0.242362 1.18565 0.132973 0 0 0 0 0.0195771 0.00391543 0.01 0.00272964 1
151.cnf 300 4.26 0.508086 0.291112 0 1 0.483568 0.516432 0.923077 0.111111 0.504638 0.151277 0.244375 1.10295 0.156039 0 0 0 0 0.0195771 0.00391543 0.01 0.00258265 1
149.cnf 300 4.26 0.49061 0.286557 0 1 0.517997 0.482003 1 0 0.492381 0.158934 0.248001 1.1869 0.151725 0 0 0 0 0.0203443 0.00234742 0.01 0.00290728 1
163.cnf 300 4.26 0.495827 0.290297 0 1 0.513302 0.486698 1 0 0.488272 0.152522 0.235308 1.11252 0.149722 0 0 0 0 0.018011 0.00313234 0.01 0.00282459 1
152.cnf 300 4.26 0.506521 0.280195 0 1 0.494523 0.505477 0.846154 0 0.503913 0.148872 0.245695 1.13214 0.157411 0 0 0 0 0.0179969 0.00234742 0.01 0.00283045 1
156.cnf 300 4.26 0.513302 0.277772 0 1 0.464006 0.535994 0.875 0 0.511351 0.138946 0.218088 1.13025 0.152593 0 0 0 0 0.0179969 0.00312989 0.01 0.00265637 1
162.cnf 300 4.26 0.494784 0.296796 0 1 0.500782 0.499218 0.875 0 0.490173 0.142404 0.219067 1.08257 0.147151 0 0 0 0 0.0172144 0.00312989 0.01 0.00269905 1
169.cnf 300 4.26 0.489045 0.291018 0 1 0.521909 0.478091 0.888889 0.0833333 0.487272 0.149493 0.237852 1.13885 0.176042 0 0 0 0 0.0179969 0.00391236 0.01 0.0026556 1
166.cnf 300 4.26 0.511737 0.29009 0 1 0.479656 0.520344 1 0.1 0.51175 0.142052 0.221664 1.08052 0.156568 0 0 0 0 0.0172144 0.00312989 0.01 0.0027366 1
16.cnf 300 4.26 0.505216 0.291476 0 1 0.497653 0.502347 1 0.0909091 0.508839 0.154755 0.238605 1.23275 0.128974 0 0 0 0 0.018794 0.00156617 0.01 0.00287409 1
172.cnf 300 4.26 0.510955 0.28922 0 1 0.484351 0.515649 0.857143 0.142857 0.508452 0.139334 0.226469 1.15784 0.166044 0 0 0 0 0.0179969 0.00234742 0.01 0.00277584 1
174.cnf 300 4.26 0.500522 0.287921 0 1 0.494523 0.505477 1 0.1 0.499571 0.151793 0.242281 1.09266 0.158333 0 0 0 0 0.0187793 0.00391236 0.01 0.00284268 1
173.cnf 300 4.26 0.485655 0.281761 0 1 0.527387 0.472613 0.818182 0 0.483353 0.146932 0.237199 1.17663 0.14 0 0 0 0 0.0195618 0.000782473 0.01 0.00287125 1
176.cnf 300 4.26 0.492436 0.291424 0 1 0.517214 0.482786 0.9 0 0.494467 0.148645 0.240113 1.23849 0.134836 0 0 0 0 0.0172144 0.00391236 0.01 0.00278025 1
179.cnf 300 4.26 0.507825 0.289321 0 1 0.484351 0.515649 0.875 0.142857 0.509258 0.143424 0.227193 1.102 0.156488 0 0 0 0 0.0195618 0.00156495 0.01 0.00288048 1
177.cnf 300 4.26 0.491393 0.289299 0 1 0.508607 0.491393 1 0.1 0.493591 0.1524 0.240351 1.05752 0.164798 0 0 0 0 0.0172144 0.00391236 0.01 0.00276184 1
175.cnf 300 4.26 0.504434 0.288792 0 1 0.485133 0.514867 0.875 0 0.498626 0.152279 0.232313 1.00446 0.178039 0 0 0 0 0.0172144 0.00234742 0.01 0.00272464 1
180.cnf 300 4.26 0.497131 0.285481 0 1 0.514085 0.485915 1 0 0.497152 0.156981 0.239097 1.17931 0.123325 0 0 0 0 0.0187793 0.00391236 0.01 0.00284913 1
182.cnf 300 4.26 0.481742 0.293923 0 1 0.519562 0.480438 1 0.111111 0.481681 0.156841 0.251605 1.25349 0.12305 0 0 0 0 0.0227095 0.00313234 0.01 0.00289464 1
184.cnf 300 4.26 0.489567 0.291932 0 1 0.517997 0.482003 0.846154 0 0.48563 0.144379 0.23038 1.10974 0.154664 0 0 0 0 0.0187793 0.00156495 0.01 0.00267093 1
187.cnf 300 4.26 0.489567 0.291634 0 1 0.50939 0.49061 0.916667 0.153846 0.493296 0.13879 0.222078 1.11214 0.155347 0 0 0 0 0.0187793 0.00391236 0.01 0.00269224 1
192.cnf 300 4.26 0.5 0.288223 0 1 0.50313 0.49687 0.9 0.166667 0.5018 0.146046 0.231816 1.40131 0.132202 0 0 0 0 0.0179969 0.00234742 0.01 0.00291919 1
194.cnf 300 4.26 0.495566 0.290592 0 1 0.511737 0.488263 0.818182 0.0769231 0.493709 0.14854 0.241148 1.15428 0.144672 0 0 0 0 0.0179969 0.00234742 0.01 0.00282323 1
198.cnf 300 4.26 0.497653 0.294775 0 1 0.494523 0.505477 0.916667 0 0.498404 0.156083 0.24666 1.14698 0.163708 0 0 0 0 0.0172144 0.00312989 0.01 0.00274479 1
1.cnf 300 4.26 0.496609 0.283028 0 1 0.498435 0.501565 0.857143 0 0.49427 0.156268 0.251972 1.10143 0.165482 0 0 0 0 0.0195618 0.00391236 0.01 0.00276848 1
201.cnf 300 4.26 0.503912 0.286684 0 1 0.48748 0.51252 0.909091 0.125 0.508709 0.150376 0.240388 1.26764 0.113936 0 0 0 0 0.0203602 0.00313234 0.01 0.00285983 1
203.cnf 300 4.26 0.507303 0.292919 0 1 0.489045 0.510955 0.846154 0 0.504707 0.154006 0.246572 1.22954 0.12125 0 0 0 0 0.0203443 0.00469484 0.01 0.00270585 1
205.cnf 300 4.26 0.496088 0.289401 0 1 0.505477 0.494523 1 0.1 0.497643 0.150729 0.239656 1.12868 0.161245 0 0 0 0 0.0211433 0.00391543 0.01 0.00285267 1
20.cnf 300 4.25667 0.504307 0.283088 0 1 0.492561 0.507439 0.909091 0.0666667 0.507172 0.15348 0.239132 1.16767 0.147698 0 0 0 0 0.0203602 0.00313234 0.01 0.00276165 1
208.cnf 300 4.26 0.502347 0.291513 0 1 0.507825 0.492175 0.933333 0 0.502149 0.150612 0.236649 1.06834 0.171679 0 0 0 0 0.0187793 0.00234742 0.01 0.00268541 1
211.cnf 300 4.26 0.506521 0.292937 0 1 0.478873 0.521127 1 0.1 0.503 0.147903 0.230451 1.18641 0.153472 0 0 0 0 0.0187793 0.00312989 0.01 0.00288614 1
212.cnf 300 4.26 0.497131 0.286089 0 1 0.510955 0.489045 0.857143 0 0.499153 0.141555 0.224672 1.10158 0.154444 0 0 0 0 0.0219092 0.00156495 0.01 0.00278612 1
214.cnf 300 4.26 0.496348 0.289103 0 1 0.510172 0.489828 0.818182 0 0.496658 0.13753 0.210436 1.08674 0.153404 0 0 0 0 0.0172144 0.00312989 0.01 0.00263787 1
219.cnf 300 4.25667 0.496476 0.293363 0 1 0.511355 0.488645 0.875 0 0.492203 0.153538 0.253923 1.16554 0.13566 0 0 0 0 0.018011 0.00391543 0.01 0.00280425 1
21.cnf 300 4.26 0.508086 0.283853 0 1 0.486698 0.513302 1 0.1 0.50675 0.141543 0.219365 1.19919 0.131955 0 0 0 0 0.018011 0.00391543 0.01 0.00262815 1
221.cnf 300 4.26 0.495827 0.288796 0 1 0.501565 0.498435 1 0 0.494159 0.152973 0.2349 1.42489 0.165 0 0 0 0 0.0226917 0.00234742 0.01 0.00295048 1
22.cnf 300 4.26 0.488263 0.292774 0 1 0.527387 0.472613 0.909091 0.1 0.491442 0.159502 0.258583 1.24906 0.126149 0 0 0 0 0.0195618 0.00312989 0.01 0.00285771 1
230.cnf 300 4.26 0.498174 0.295662 0 1 0.501565 0.498435 1 0.1 0.497212 0.148562 0.23489 1.12417 0.145459 0 0 0 0 0.0211268 0.00312989 0.01 0.00290447 1
232.cnf 300 4.26 0.494262 0.286957 0 1 0.514085 0.485915 0.916667 0 0.490616 0.159421 0.250044 1.09453 0.172339 0 0 0 0 0.0179969 0.00312989 0.01 0.00274627 1
241.cnf 300 4.26 0.507303 0.287829 0 1 0.486698 0.513302 1 0.0909091 0.512225 0.150642 0.238053 1.31353 0.135417 0 0 0 0 0.0219264 0.00313234 0.01 0.00267594 1
233.cnf 300 4.26 0.497913 0.294777 0 1 0.495305 0.504695 0.857143 0.0909091 0.496137 0.141427 0.226287 1.03994 0.168386 0 0 0 0 0.0187793 0.00234742 0.01 0.00289743 1
242.cnf 300 4.26 0.507042 0.283881 0 1 0.475743 0.524257 1 0 0.513886 0.153569 0.245959 1.04481 0.153432 0 0 0 0 0.0179969 0.00312989 0.01 0.00284913 1
240.cnf 300 4.26 0.501826 0.278709 0 1 0.504695 0.495305 0.857143 0 0.498957 0.148504 0.237783 1.09956 0.152379 0 0 0 0 0.0187793 0.00312989 0.01 0.00270207 1
244.cnf 300 4.26 0.485655 0.283606 0 1 0.522692 0.477308 0.909091 0.166667 0.484535 0.143679 0.235383 1.1236 0.144874 0 0 0 0 0.0179969 0.00312989 0.01 0.00267627 1
246.cnf 300 4.26 0.488263 0.285863 0 1 0.520344 0.479656 1 0.125 0.485227 0.150218 0.236515 1.09298 0.154008 0 0 0 0 0.0179969 0.00391236 0.01 0.00265329 1
251.cnf 300 4.26 0.501043 0.283967 0 1 0.50939 0.49061 0.9 0.166667 0.49951 0.130933 0.212389 1.08787 0.150755 0 0 0 0 0.0179969 0.00312989 0.01 0.00267856 1
24.cnf 300 4.26 0.506781 0.290846 0 1 0.492958 0.507042 0.909091 0.1 0.506522 0.150824 0.24613 1.12298 0.15176 0 0 0 0 0.0179969 0.00234742 0.01 0.00287551 1
252.cnf 300 4.26 0.505738 0.28937 0 1 0.481221 0.518779 1 0.125 0.510325 0.155516 0.241318 1.12318 0.155606 0 0 0 0 0.0195618 0.00312989 0.01 0.00294563 1
258.cnf 300 4.26 0.50313 0.28911 0 1 0.494523 0.505477 0.928571 0 0.504672 0.148312 0.228861 1.18766 0.147631 0 0 0 0 0.0179969 0.00312989 0.01 0.00272014 1
253.cnf 300 4.26 0.492958 0.297344 0 1 0.514085 0.485915 0.9 0.0833333 0.492217 0.141559 0.226492 1.08869 0.161972 0 0 0 0 0.018011 0.00313234 0.01 0.00282748 1
261.cnf 300 4.26 0.495305 0.288788 0 1 0.50313 0.49687 0.909091 0 0.493831 0.14362 0.223904 1.03529 0.172755 0 0 0 0 0.0187793 0.00469484 0.01 0.00261455 1
262.cnf 300 4.26 0.51591 0.286573 0 1 0.460094 0.539906 0.875 0.0909091 0.511896 0.148242 0.230627 1.33551 0.121948 0 0 0 0 0.0187793 0.00312989 0.01 0.0028677 1
264.cnf 300 4.26 0.497131 0.289713 0 1 0.510955 0.489045 0.928571 0.0769231 0.493513 0.154264 0.241486 1.18333 0.147171 0 0 0 0 0.0195618 0.00391236 0.01 0.00285986 1
26.cnf 300 4.26 0.498174 0.286402 0 1 0.497653 0.502347 1 0.142857 0.49921 0.150102 0.241333 1.10663 0.179762 0 0 0 0 0.018794 0.00313234 0.01 0.00272289 1
274.cnf 300 4.26 0.513824 0.28055 0 1 0.480438 0.519562 0.888889 0.125 0.517851 0.148504 0.233952 1.09509 0.157917 0 0 0 0 0.0179969 0.00312989 0.01 0.00267016 1
273.cnf 300 4.26 0.501043 0.293897 0 1 0.500782 0.499218 1 0.0833333 0.504129 0.154119 0.241544 1.1544 0.152557 0 0 0 0 0.0219092 0.00312989 0.01 0.00298486 1
280.cnf 300 4.25667 0.499869 0.287088 0 1 0.516053 0.483947 0.909091 0 0.498986 0.153942 0.246244 1.14699 0.175877 0 0 0 0 0.018011 0.00391543 0.01 0.00262115 1
281.cnf 300 4.26 0.507303 0.282031 0 1 0.49061 0.50939 1 0.125 0.511613 0.142048 0.227584 1.20415 0.147515 0 0 0 0 0.0172144 0.00234742 0.01 0.00275888 1
283.cnf 300 4.26 0.493219 0.286631 0 1 0.503912 0.496088 0.916667 0.133333 0.492656 0.143586 0.225326 1.03264 0.169386 0 0 0 0 0.0187793 0.00312989 0.01 0.00267093 1
284.cnf 300 4.26 0.50939 0.28807 0 1 0.476526 0.523474 0.9 0 0.50405 0.137825 0.219828 1.12821 0.149591 0 0 0 0 0.0179969 0.00469484 0.01 0.00254253 1
286.cnf 300 4.26 0.497392 0.287305 0 1 0.514867 0.485133 0.888889 0 0.496669 0.151504 0.233727 1.21755 0.12713 0 0 0 0 0.0211433 0.00313234 0.01 0.00279256 1
292.cnf 300 4.26 0.508868 0.284136 0 1 0.486698 0.513302 1 0 0.505353 0.157948 0.253419 1.38064 0.124872 0 0 0 0 0.0164448 0.00234926 0.01 0.00271612 1
28.cnf 300 4.26 0.511476 0.292488 0 1 0.488263 0.511737 1 0.142857 0.508738 0.1394 0.221752 1.1315 0.149103 0 0 0 0 0.0187793 0.00312989 0.01 0.00278685 1
289.cnf 300 4.25667 0.503524 0.285547 0 1 0.509005 0.490995 0.909091 0 0.503295 0.149124 0.234796 1.05605 0.1532 0 0 0 0 0.0219264 0.00234926 0.01 0.00293392 1
293.cnf 300 4.26 0.496609 0.293583 0 1 0.508607 0.491393 0.866667 0.125 0.497798 0.150127 0.241165 1.24231 0.142342 0 0 0 0 0.0203443 0.00312989 0.01 0.00292896 1
294.cnf 300 4.26 0.502347 0.287912 0 1 0.479656 0.520344 1 0 0.497416 0.142289 0.223838 1.19523 0.134615 0 0 0 0 0.0179969 0.000782473 0.01 0.00276258 1
295.cnf 300 4.26 0.511737 0.294255 0 1 0.474961 0.525039 0.909091 0.125 0.512521 0.148056 0.238185 1.19131 0.149931 0 0 0 0 0.0179969 0.00391236 0.01 0.00269451 1
298.cnf 300 4.26 0.502087 0.29002 0 1 0.495305 0.504695 0.888889 0.125 0.503116 0.142194 0.224589 1.16764 0.13628 0 0 0 0 0.0187793 0.00312989 0.01 0.00259889 1
299.cnf 300 4.26 0.491914 0.289314 0 1 0.511737 0.488263 0.9 0.0909091 0.493272 0.157849 0.246651 1.21303 0.127443 0 0 0 0 0.0195618 0.00391236 0.01 0.00272314 1
301.cnf 300 4.26 0.502869 0.287 0 1 0.489828 0.510172 1 0.111111 0.503652 0.146601 0.228696 1.27605 0.135194 0 0 0 0 0.0203443 0.00234742 0.01 0.00291149 1
303.cnf 300 4.26 0.515649 0.291102 0 1 0.480438 0.519562 1 0.111111 0.512146 0.146201 0.229755 1.16118 0.168452 0 0 0 0 0.0172144 0.00391236 0.01 0.00273734 1
315.cnf 300 4.26 0.500522 0.269839 0 1 0.494523 0.505477 1 0 0.501743 0.147673 0.22794 1.0699 0.155146 0 0 0 0 0.0219092 0.00234742 0.01 0.00287196 1
307.cnf 300 4.26 0.498957 0.286709 0 1 0.503912 0.496088 0.888889 0 0.496581 0.141869 0.21787 1.25063 0.151754 0 0 0 0 0.0203443 0.00234742 0.01 0.00281744 1
312.cnf 300 4.26 0.500782 0.295373 0 1 0.485133 0.514867 1 0 0.497621 0.146182 0.22649 1.24612 0.149664 0 0 0 0 0.0179969 0.00312989 0.01 0.00262468 1
317.cnf 300 4.26 0.502087 0.283041 0 1 0.494523 0.505477 1 0.0909091 0.502098 0.145882 0.225892 1.13338 0.137673 0 0 0 0 0.0195771 0.00313234 0.01 0.0029651 1
318.cnf 300 4.26 0.517997 0.290966 0 1 0.481221 0.518779 0.916667 0 0.516923 0.140066 0.217615 1.05835 0.176183 0 0 0 0 0.0187793 0.00312989 0.01 0.00278172 1
322.cnf 300 4.26 0.502087 0.294187 0 1 0.495305 0.504695 1 0 0.503621 0.149174 0.238609 1.18073 0.147292 0 0 0 0 0.018011 0.00469851 0.01 0.00270934 1
327.cnf 300 4.26 0.501043 0.29152 0 1 0.496088 0.503912 1 0 0.499972 0.152948 0.239003 1.1778 0.148797 0 0 0 0 0.0203602 0.00313234 0.01 0.00291715 1
328.cnf 300 4.26 0.48409 0.285965 0 1 0.517997 0.482003 0.875 0.0909091 0.485267 0.138999 0.22294 1.13704 0.143652 0 0 0 0 0.0187793 0.00391236 0.01 0.00272014 1
333.cnf 300 4.26 0.49374 0.285122 0 1 0.50939 0.49061 0.875 0.111111 0.492819 0.148005 0.236423 1.22225 0.120064 0 0 0 0 0.0179969 0.00391236 0.01 0.00262468 1
32.cnf 300 4.26 0.501304 0.290623 0 1 0.503912 0.496088 1 0.0769231 0.502818 0.149713 0.241111 1.16731 0.147299 0 0 0 0 0.0164319 0.00312989 0.01 0.00285343 1
336.cnf 300 4.26 0.501043 0.285493 0 1 0.500782 0.499218 0.909091 0.1 0.500744 0.147316 0.228939 1.16407 0.138725 0 0 0 0 0.0187793 0.00312989 0.01 0.0026694 1
337.cnf 300 4.26 0.497913 0.274305 0 1 0.502347 0.497653 1 0.125 0.496923 0.143238 0.227735 1.09799 0.157986 0 0 0 0 0.0203443 0.00312989 0.01 0.00309365 1
341.cnf 300 4.26 0.516432 0.28624 0 1 0.462441 0.537559 1 0.142857 0.512148 0.148074 0.237748 1.1394 0.160317 0 0 0 0 0.0164319 0.00391236 0.01 0.00254734 1
343.cnf 300 4.26 0.494001 0.281753 0 1 0.492175 0.507825 1 0.111111 0.491767 0.141849 0.222971 1.1454 0.155473 0 0 0 0 0.0164319 0.00234742 0.01 0.00271338 1
348.cnf 300 4.26 0.504695 0.284542 0 1 0.49687 0.50313 1 0 0.507041 0.145723 0.226926 1.08943 0.155566 0 0 0 0 0.0172144 0.00234742 0.01 0.00269754 1
344.cnf 300 4.26 0.507303 0.28601 0 1 0.478873 0.521127 0.857143 0.0833333 0.503438 0.138781 0.218008 1.07209 0.157607 0 0 0 0 0.0187793 0.00312989 0.01 0.00272763 1
355.cnf 300 4.26 0.499478 0.288524 0 1 0.496088 0.503912 0.888889 0.142857 0.501526 0.145872 0.234033 1.15493 0.13616 0 0 0 0 0.0179969 0.00391236 0.01 0.00257919 1
350.cnf 300 4.26 0.501826 0.29062 0 1 0.499218 0.500782 1 0 0.504318 0.154696 0.24024 1.18191 0.146714 0 0 0 0 0.0172144 0.00156495 0.01 0.00267169 1
35.cnf 300 4.25667 0.483686 0.295591 0 1 0.530149 0.469851 1 0 0.484365 0.143944 0.226048 1.07671 0.162526 0 0 0 0 0.0203602 0.00313234 0.01 0.00287409 1
363.cnf 300 4.26 0.504434 0.303471 0 1 0.489828 0.510172 1 0 0.505272 0.147943 0.237353 1.13572 0.136867 0 0 0 0 0.0195618 0.00312989 0.01 0.00271187 1
370.cnf 300 4.26 0.495305 0.278987 0 1 0.50939 0.49061 0.909091 0.1 0.498041 0.146744 0.233442 1.15337 0.151084 0 0 0 0 0.0172144 0.00312989 0.01 0.00281599 1
371.cnf 300 4.26 0.505216 0.285143 0 1 0.49061 0.50939 0.9 0.0833333 0.504027 0.144499 0.22992 1.10236 0.159158 0 0 0 0 0.0179969 0.00234742 0.01 0.00280146 1
374.cnf 300 4.26 0.494523 0.284528 0 1 0.503912 0.496088 0.916667 0 0.49295 0.138709 0.218602 1.10374 0.143377 0 0 0 0 0.0179969 0.00391236 0.01 0.0025657 1
376.cnf 300 4.26 0.498435 0.284576 0 1 0.507825 0.492175 0.888889 0.142857 0.49905 0.141086 0.225911 1.12174 0.141481 0 0 0 0 0.0179969 0.00234742 0.01 0.00277143 1
387.cnf 300 4.26 0.5 0.286407 0 1 0.501565 0.498435 1 0 0.500572 0.145813 0.229746 1.11726 0.143255 0 0 0 0 0.0195771 0.00313234 0.01 0.00283758 1
388.cnf 300 4.26 0.509911 0.29609 0 1 0.469484 0.530516 1 0.111111 0.508331 0.145191 0.226231 1.04288 0.15408 0 0 0 0 0.0172144 0.00312989 0.01 0.00271639 1
391.cnf 300 4.26 0.501043 0.289425 0 1 0.50626 0.49374 0.916667 0.181818 0.50205 0.145955 0.230335 1.14533 0.140123 0 0 0 0 0.0203443 0.00391236 0.01 0.00277658 1
392.cnf 300 4.26 0.492958 0.285408 0 1 0.510955 0.489045 0.916667 0.0909091 0.494396 0.151496 0.23783 1.25849 0.134768 0 0 0 0 0.0179969 0.00391236 0.01 0.00260203 1
393.cnf 300 4.26 0.501043 0.290923 0 1 0.491393 0.508607 1 0.0833333 0.501979 0.148385 0.230534 1.21921 0.148107 0 0 0 0 0.0195618 0.00312989 0.01 0.0027433 1
397.cnf 300 4.26 0.498174 0.28488 0 1 0.501565 0.498435 0.888889 0.1 0.502984 0.154709 0.250618 1.07924 0.170226 0 0 0 0 0.0234742 0.00391236 0.01 0.00282539 1
399.cnf 300 4.26 0.499739 0.288223 0 1 0.482003 0.517997 0.923077 0 0.497679 0.157272 0.250152 1.15391 0.159167 0 0 0 0 0.018794 0.00313234 0.01 0.00275424 1
39.cnf 300 4.26 0.492958 0.294405 0 1 0.50939 0.49061 0.846154 0 0.490213 0.143391 0.225011 1.12109 0.158889 0 0 0 0 0.0187793 0.00234742 0.01 0.00260986 1
40.cnf 300 4.26 0.494262 0.293546 0 1 0.510955 0.489045 0.909091 0 0.493559 0.142907 0.222486 1.25268 0.113333 0 0 0 0 0.0179969 0.00312989 0.01 0.00273361 1
408.cnf 300 4.26 0.504956 0.279605 0 1 0.486698 0.513302 0.857143 0.1 0.504548 0.141814 0.224499 1.1951 0.140972 0 0 0 0 0.0187793 0.00312989 0.01 0.00291779 1
417.cnf 300 4.26 0.495044 0.289084 0 1 0.520344 0.479656 0.888889 0 0.494395 0.14458 0.227253 1.14052 0.159583 0 0 0 0 0.0179969 0.00312989 0.01 0.00274702 1
418.cnf 300 4.26 0.500261 0.299466 0 1 0.508607 0.491393 0.888889 0.0909091 0.503377 0.149224 0.236898 1.24072 0.144389 0 0 0 0 0.0203443 0.00234742 0.01 0.00278098 1
419.cnf 300 4.26 0.5 0.292713 0 1 0.492958 0.507042 0.909091 0.1 0.500017 0.152945 0.235593 1.08411 0.160299 0 0 0 0 0.0172144 0.00312989 0.01 0.00278465 1
426.cnf 300 4.26 0.500522 0.293306 0 1 0.503912 0.496088 1 0.111111 0.50102 0.15838 0.250224 1.1361 0.147551 0 0 0 0 0.0179969 0.00156495 0.01 0.00278758 1
422.cnf 300 4.26 0.508607 0.288094 0 1 0.472613 0.527387 1 0.125 0.511402 0.144939 0.230517 1.0646 0.16759 0 0 0 0 0.018794 0.00313234 0.01 0.00281807 1
42.cnf 300 4.26 0.500522 0.289727 0 1 0.480438 0.519562 1 0.111111 0.505089 0.14987 0.238256 1.1312 0.148667 0 0 0 0 0.0187793 0.00234742 0.01 0.00301073 1
433.cnf 300 4.26 0.498174 0.283656 0 1 0.5 0.5 1 0.0909091 0.500512 0.145644 0.228633 1.17512 0.146891 0 0 0 0 0.0203443 0.00312989 0.01 0.00292408 1
435.cnf 300 4.26 0.508607 0.293476 0 1 0.480438 0.519562 1 0.125 0.510678 0.15771 0.246299 1.27547 0.163333 0 0 0 0 0.0195771 0.00391543 0.01 0.00291715 1
434.cnf 300 4.26 0.49374 0.288457 0 1 0.522692 0.477308 1 0 0.496183 0.161284 0.253433 1.10554 0.150704 0 0 0 0 0.0172144 0.00312989 0.01 0.00267932 1
436.cnf 300 4.26 0.507303 0.289635 0 1 0.485133 0.514867 0.923077 0 0.505341 0.144514 0.226874 1.08577 0.151764 0 0 0 0 0.0179969 0.00312989 0.01 0.00262157 1
439.cnf 300 4.26 0.502347 0.294775 0 1 0.496088 0.503912 0.923077 0.111111 0.500993 0.146098 0.226516 1.15873 0.159417 0 0 0 0 0.0172144 0.00391236 0.01 0.00256172 1
444.cnf 300 4.26 0.499478 0.290326 0 1 0.499218 0.500782 0.9 0.1 0.500127 0.141845 0.222794 1.25819 0.144052 0 0 0 0 0.0195618 0.00391236 0.01 0.00269072 1
448.cnf 300 4.26 0.497913 0.289119 0 1 0.511737 0.488263 1 0.125 0.501767 0.157423 0.250407 1.17433 0.15375 0 0 0 0 0.0179969 0.00312989 0.01 0.0028434 1
44.cnf 300 4.26 0.498435 0.28852 0 1 0.497653 0.502347 0.875 0.0833333 0.497051 0.147916 0.237076 1.14995 0.141444 0 0 0 0 0.0179969 0.00234742 0.01 0.00274107 1
450.cnf 300 4.26 0.513563 0.28971 0 1 0.492175 0.507825 1 0 0.513342 0.156686 0.245976 1.13992 0.152847 0 0 0 0 0.0187793 0.000782473 0.01 0.00278685 1
451.cnf 300 4.26 0.507303 0.286618 0 1 0.489828 0.510172 0.888889 0.0833333 0.507733 0.140467 0.220166 1.1305 0.167601 0 0 0 0 0.0211268 0.00391236 0.01 0.00274999 1
453.cnf 300 4.26 0.49061 0.289875 0 1 0.517214 0.482786 1 0.0909091 0.493501 0.150856 0.234343 1.15768 0.146056 0 0 0 0 0.0203443 0.00312989 0.0100334 0.00286539 1
456.cnf 300 4.26 0.50939 0.287163 0 1 0.486698 0.513302 0.866667 0 0.509978 0.143918 0.227921 1.11559 0.158587 0 0 0 0 0.0187793 0.00391236 0.01 0.0029567 1
457.cnf 300 4.26 0.513824 0.285465 0 1 0.482003 0.517997 0.888889 0.0714286 0.512654 0.146692 0.229198 1.09896 0.141615 0 0 0 0 0.0172279 0.00391543 0.01 0.00263592 1
461.cnf 300 4.26 0.502608 0.28365 0 1 0.500782 0.499218 0.9 0 0.500646 0.163428 0.25281 1.42489 0.11 0 0 0 0 0.0211268 0.00234742 0.01 0.00280364 1
460.cnf 300 4.26 0.485394 0.285121 0 1 0.530516 0.469484 0.846154 0 0.481111 0.144758 0.23344 1.18078 0.135676 0 0 0 0 0.0179969 0.00312989 0.01 0.00304243 1
458.cnf 300 4.26 0.494001 0.289965 0 1 0.516432 0.483568 1 0 0.495998 0.151315 0.2385 1.05002 0.155739 0 0 0 0 0.0187793 0.00234742 0.01 0.00285986 1
464.cnf 300 4.26 0.48722 0.28276 0 1 0.523474 0.476526 0.875 0 0.486741 0.152233 0.240012 1.13583 0.155556 0 0 0 0 0.0203443 0.00391236 0.01 0.00277363 1
469.cnf 300 4.26 0.489828 0.280706 0 1 0.510172 0.489828 0.909091 0 0.48723 0.148773 0.236681 1.06629 0.148404 0 0 0 0 0.0179969 0.00391236 0.01 0.00264405 1
470.cnf 300 4.26 0.49374 0.293832 0 1 0.502347 0.497653 0.928571 0 0.490911 0.154061 0.245533 1.11837 0.152593 0 0 0 0 0.0187793 0.00312989 0.01 0.0027351 1
473.cnf 300 4.26 0.495566 0.296516 0 1 0.514867 0.485133 0.923077 0.111111 0.49633 0.156373 0.24753 1.10784 0.145306 0 0 0 0 0.018011 0.00391543 0.01 0.00266292 1
474.cnf 300 4.26 0.508868 0.29079 0 1 0.488263 0.511737 1 0.111111 0.506968 0.142737 0.220599 1.04332 0.166667 0 0 0 0 0.0179969 0.00391236 0.01 0.00289179 1
475.cnf 300 4.26 0.501043 0.293008 0 1 0.50626 0.49374 0.833333 0 0.500448 0.136598 0.212761 1.11867 0.145802 0 0 0 0 0.0187793 0.00469484 0.01 0.00269981 1
477.cnf 300 4.26 0.513302 0.29241 0 1 0.489045 0.510955 0.916667 0.1 0.512855 0.144719 0.231508 1.21856 0.149259 0 0 0 0 0.0172279 0.00391543 0.01 0.00270481 1
480.cnf 300 4.26 0.502869 0.288811 0 1 0.502347 0.497653 1 0.1 0.505932 0.14366 0.226721 1.14758 0.135562 0 0 0 0 0.0179969 0.00312989 0.01 0.0027537 1
482.cnf 300 4.26 0.50313 0.288206 0 1 0.501565 0.498435 1 0 0.505566 0.151154 0.231684 1.12097 0.165677 0 0 0 0 0.0187793 0.00234742 0.01 0.00280873 1
485.cnf 300 4.25667 0.497781 0.278776 0 1 0.496476 0.503524 0.888889 0 0.498105 0.146585 0.227386 1.08109 0.176761 0 0 0 0 0.018794 0.00313234 0.01 0.00296648 1
486.cnf 300 4.26 0.498174 0.294188 0 1 0.514867 0.485133 0.875 0.111111 0.498384 0.145081 0.228349 1.09694 0.166991 0 0 0 0 0.0187793 0.00312989 0.01 0.00303907 1
493.cnf 300 4.26 0.498174 0.279332 0 1 0.495305 0.504695 1 0.1 0.502671 0.142848 0.224832 1.12837 0.154611 0 0 0 0 0.0226917 0.00234742 0.01 0.00285557 1
495.cnf 300 4.26 0.500261 0.289727 0 1 0.50939 0.49061 0.909091 0.0909091 0.501415 0.156004 0.247573 1.09225 0.158826 0 0 0 0 0.0203443 0.00312989 0.01 0.00290728 1
49.cnf 300 4.26 0.510694 0.294885 0 1 0.484351 0.515649 1 0.0909091 0.511453 0.142688 0.225536 1.2548 0.131785 0 0 0 0 0.0179969 0.00469484 0.01 0.00270509 1
499.cnf 300 4.26 0.516432 0.293735 0 1 0.472613 0.527387 1 0.0769231 0.521043 0.150802 0.239385 1.22953 0.134925 0 0 0 0 0.0172144 0.00234742 0.01 0.00287054 1
501.cnf 300 4.26 0.498174 0.286705 0 1 0.50313 0.49687 0.928571 0.0833333 0.501122 0.14873 0.229031 1.21524 0.140194 0 0 0 0 0.0195618 0.00391236 0.01 0.00263864 1
500.cnf 300 4.26 0.494262 0.296786 0 1 0.513302 0.486698 0.9 0.0769231 0.49261 0.138183 0.216411 1.11452 0.160522 0 0 0 0 0.0179969 0.00391236 0.01 0.00252481 1
515.cnf 300 4.26 0.502347 0.285486 0 1 0.49374 0.50626 1 0.111111 0.507437 0.144309 0.228114 1.14164 0.141282 0 0 0 0 0.0195618 0.00391236 0.01 0.00271488 1
517.cnf 300 4.26 0.49035 0.290166 0 1 0.520344 0.479656 0.875 0 0.492269 0.146737 0.231055 1.07294 0.156613 0 0 0 0 0.0203443 0.00234742 0.01 0.00279197 1
520.cnf 300 4.26 0.497392 0.289115 0 1 0.505477 0.494523 1 0.0909091 0.49428 0.147303 0.225635 1.14633 0.153458 0 0 0 0 0.0187793 0.00312989 0.01 0.00287125 1
525.cnf 300 4.26 0.486437 0.294767 0 1 0.527387 0.472613 0.846154 0.0769231 0.48418 0.147713 0.233847 1.14871 0.139506 0 0 0 0 0.0211268 0.00234742 0.01 0.00285056 1
523.cnf 300 4.26 0.503912 0.285773 0 1 0.496088 0.503912 0.928571 0.125 0.503071 0.141075 0.226233 1.10264 0.147802 0 0 0 0 0.0179969 0.00312989 0.01 0.00260203 1
527.cnf 300 4.26 0.502087 0.288215 0 1 0.504695 0.495305 0.833333 0.1 0.497363 0.134669 0.212652 1.20105 0.140487 0 0 0 0 0.0172144 0.00312989 0.01 0.00262001 1
52.cnf 300 4.26 0.495044 0.293857 0 1 0.50626 0.49374 0.916667 0.1 0.490996 0.152499 0.242773 1.19733 0.134109 0 0 0 0 0.0179969 0.00312989 0.01 0.00263012 1
530.cnf 300 4.26 0.495827 0.281786 0 1 0.510172 0.489828 1 0.1 0.495672 0.15458 0.244997 1.14014 0.150939 0 0 0 0 0.0187793 0.00312989 0.01 0.00289179 1
532.cnf 300 4.26 0.486959 0.291529 0 1 0.525039 0.474961 1 0 0.488824 0.154118 0.23988 1.1175 0.162031 0 0 0 0 0.0179969 0.00312989 0.01 0.00263399 1
534.cnf 300 4.26 0.495305 0.291186 0 1 0.514085 0.485915 1 0.1 0.497431 0.142964 0.226103 1.15032 0.143125 0 0 0 0 0.0172144 0.00312989 0.01 0.00280437 1
537.cnf 300 4.26 0.504695 0.292675 0 1 0.491393 0.508607 0.823529 0.0769231 0.502649 0.149596 0.236374 1.23407 0.122512 0 0 0 0 0.0203443 0.00391236 0.01 0.00270886 1
541.cnf 300 4.26 0.503652 0.292393 0 1 0.501565 0.498435 0.846154 0.125 0.503068 0.141063 0.22828 1.081 0.157673 0 0 0 0 0.0179969 0.00312989 0.01 0.0026892 1
540.cnf 300 4.26 0.501826 0.287613 0 1 0.497653 0.502347 0.9 0 0.50365 0.145888 0.233942 1.11813 0.142968 0 0 0 0 0.0179969 0.00391236 0.01 0.00266557 1
543.cnf 300 4.26 0.504173 0.286073 0 1 0.494523 0.505477 1 0.111111 0.503929 0.154335 0.243746 1.12613 0.143373 0 0 0 0 0.0164319 0.00391236 0.01 0.00256967 1
544.cnf 300 4.26 0.506781 0.290846 0 1 0.489828 0.510172 1 0.0909091 0.506465 0.151004 0.241981 1.17113 0.157482 0 0 0 0 0.0179969 0.00156495 0.01 0.00262079 1
54.cnf 300 4.26 0.510433 0.290439 0 1 0.481221 0.518779 0.916667 0 0.511195 0.152964 0.24148 1.02913 0.162163 0 0 0 0 0.0179969 0.00312989 0.01 0.00288402 1
551.cnf 300 4.26 0.508086 0.286293 0 1 0.485133 0.514867 1 0 0.507182 0.153587 0.242224 1.28022 0.129855 0 0 0 0 0.018011 0.00234926 0.01 0.0028282 1
552.cnf 300 4.26 0.511998 0.286763 0 1 0.482786 0.517214 0.857143 0.0714286 0.510239 0.147631 0.23864 1.18917 0.158333 0 0 0 0 0.0179969 0.00391236 0.01 0.00274181 1
558.cnf 300 4.26 0.505999 0.283599 0 1 0.485915 0.514085 0.923077 0.0833333 0.50591 0.146372 0.23406 1.3731 0.124722 0 0 0 0 0.0179969 0.00234742 0.01 0.00267016 1
561.cnf 300 4.26 0.497392 0.295657 0 1 0.503912 0.496088 0.928571 0.0769231 0.497457 0.142491 0.225776 1.09301 0.154656 0 0 0 0 0.0187793 0.00391236 0.01 0.00251184 1
559.cnf 300 4.26 0.500261 0.288524 0 1 0.49374 0.50626 0.9 0.0909091 0.498619 0.151383 0.240397 1.16675 0.15 0 0 0 0 0.0179969 0.00312989 0.01 0.00281381 1
565.cnf 300 4.26 0.500522 0.29182 0 1 0.5 0.5 1 0 0.504545 0.154822 0.237724 1.10739 0.163255 0 0 0 0 0.0187793 0.00391236 0.01 0.00280291 1
569.cnf 300 4.26 0.496348 0.281485 0 1 0.518779 0.481221 0.888889 0.111111 0.496003 0.145549 0.227252 1.11999 0.146459 0 0 0 0 0.0187793 0.00234742 0.01 0.00268996 1
56.cnf 300 4.26 0.493219 0.283888 0 1 0.504695 0.495305 0.923077 0 0.492606 0.153777 0.240215 1.29024 0.137574 0 0 0 0 0.0179969 0.00391236 0.01 0.00258393 1
571.cnf 300 4.26 0.498174 0.280884 0 1 0.508607 0.491393 1 0.1 0.499184 0.159119 0.254306 1.38079 0.141667 0 0 0 0 0.0203443 0.00312989 0.01 0.0026671 1
573.cnf 300 4.26 0.500782 0.292415 0 1 0.497653 0.502347 0.857143 0 0.496822 0.152588 0.239525 1.18382 0.144082 0 0 0 0 0.0187793 0.00312989 0.01 0.00282106 1
574.cnf 300 4.26 0.501565 0.286099 0 1 0.494523 0.505477 0.888889 0 0.497552 0.141368 0.225979 1.12471 0.158118 0 0 0 0 0.0187793 0.00234742 0.01 0.00279051 1
580.cnf 300 4.26 0.494001 0.278338 0 1 0.505477 0.494523 1 0.1 0.495438 0.151535 0.242304 1.21024 0.142368 0 0 0 0 0.0179969 0.00312989 0.01 0.00273809 1
578.cnf 300 4.26 0.497392 0.282729 0 1 0.507825 0.492175 0.875 0.0909091 0.49375 0.148552 0.240507 1.0722 0.14488 0 0 0 0 0.018794 0.00234926 0.01 0.00286268 1
582.cnf 300 4.26 0.492697 0.284487 0 1 0.50939 0.49061 0.833333 0.111111 0.489452 0.146538 0.234435 1.20165 0.1362 0 0 0 0 0.0179969 0.00312989 0.01 0.00284124 1
591.cnf 300 4.26 0.505999 0.285737 0 1 0.499218 0.500782 1 0 0.500796 0.15434 0.243078 1.07485 0.1438 0 0 0 0 0.0179969 0.00156495 0.01 0.00289743 1
587.cnf 300 4.26 0.498696 0.293007 0 1 0.505477 0.494523 0.9 0 0.497974 0.144574 0.228114 1.21358 0.133425 0 0 0 0 0.0172144 0.00391236 0.01 0.0026671 1
58.cnf 300 4.26 0.500522 0.291522 0 1 0.502347 0.497653 0.8 0 0.492392 0.149173 0.23242 1.16496 0.144277 0 0 0 0 0.0172144 0.00312989 0.01 0.00276479 1
592.cnf 300 4.25667 0.504307 0.287359 0 1 0.487862 0.512138 0.875 0 0.504512 0.157029 0.2478 1.19535 0.140208 0 0 0 0 0.0195771 0.00313234 0.01 0.00284406 1
594.cnf 300 4.26 0.492175 0.285997 0 1 0.522692 0.477308 0.875 0 0.487588 0.147202 0.236441 1.05418 0.160012 0 0 0 0 0.0172144 0.00312989 0.01 0.002767 1
600.cnf 300 4.26 0.491132 0.285966 0 1 0.510172 0.489828 0.875 0 0.490443 0.14739 0.231074 1.04933 0.167989 0 0 0 0 0.0226917 0.00312989 0.01 0.00294008 1
59.cnf 300 4.26 0.501304 0.291221 0 1 0.502347 0.497653 1 0.111111 0.50406 0.154025 0.238621 1.27596 0.14519 0 0 0 0 0.0172144 0.00156495 0.01 0.00277878 1
608.cnf 300 4.26 0.503652 0.291797 0 1 0.49061 0.50939 0.916667 0 0.501657 0.153355 0.238638 1.23656 0.136727 0 0 0 0 0.0187793 0.00391236 0.01 0.00275592 1
601.cnf 300 4.26 0.493479 0.289954 0 1 0.513302 0.486698 1 0 0.49196 0.156846 0.241871 1.1715 0.142758 0 0 0 0 0.0179969 0.00312989 0.01 0.00275592 1
602.cnf 300 4.26 0.501304 0.294782 0 1 0.502347 0.497653 1 0.111111 0.50788 0.149458 0.243947 1.16452 0.156014 0 0 0 0 0.0203443 0.00312989 0.01 0.00286983 1
610.cnf 300 4.26 0.502087 0.290619 0 1 0.504695 0.495305 0.888889 0 0.501685 0.152599 0.242096 1.11031 0.156318 0 0 0 0 0.0187793 0.00312989 0.01 0.00266021 1
612.cnf 300 4.25667 0.512399 0.289237 0 1 0.497259 0.502741 1 0.153846 0.513363 0.146866 0.231563 1.16669 0.149841 0 0 0 0 0.0180251 0.0039185 0.01 0.00255744 1
617.cnf 300 4.26 0.488785 0.285275 0 1 0.518779 0.481221 1 0.0833333 0.488634 0.156807 0.253678 1.37862 0.133163 0 0 0 0 0.0203602 0.00391543 0.01 0.00278156 1
613.cnf 300 4.25667 0.493605 0.292423 0 1 0.511355 0.488645 0.888889 0.142857 0.495148 0.14188 0.230005 1.1544 0.152009 0 0 0 0 0.0211433 0.00391543 0.01 0.00290591 1
615.cnf 300 4.26 0.479656 0.289613 0 1 0.522692 0.477308 1 0.0714286 0.47658 0.150592 0.241174 1.09522 0.155501 0 0 0 0 0.0179969 0.00234742 0.01 0.00277069 1
618.cnf 300 4.26 0.500261 0.281199 0 1 0.50939 0.49061 1 0 0.498535 0.15169 0.238732 1.04926 0.161429 0 0 0 0 0.0179969 0.00312989 0.01 0.00271112 1
619.cnf 300 4.26 0.513041 0.298309 0 1 0.489828 0.510172 1 0.0833333 0.514162 0.151521 0.239238 1.10135 0.172578 0 0 0 0 0.0187793 0.00391236 0.01 0.00282323 1
623.cnf 300 4.26 0.500782 0.288825 0 1 0.494523 0.505477 0.857143 0.142857 0.499514 0.148035 0.236334 1.16286 0.151 0 0 0 0 0.0203443 0.00391236 0.01 0.00279927 1
626.cnf 300 4.26 0.497653 0.294185 0 1 0.507042 0.492958 0.875 0.0714286 0.498934 0.142478 0.225766 1.12752 0.161808 0 0 0 0 0.0211268 0.00234742 0.01 0.0028398 1
628.cnf 300 4.25667 0.500914 0.284346 0 1 0.501175 0.498825 0.923077 0.1 0.502194 0.145336 0.237637 1.12428 0.147771 0 0 0 0 0.018794 0.00391543 0.01 0.00282459 1
635.cnf 300 4.26 0.510955 0.292805 0 1 0.478091 0.521909 0.909091 0.1 0.512715 0.146287 0.231895 1.17829 0.150048 0 0 0 0 0.0172144 0.00312989 0.01 0.00258788 1
638.cnf 300 4.26 0.497392 0.290913 0 1 0.517997 0.482003 1 0.1 0.497967 0.151492 0.236736 1.13986 0.149603 0 0 0 0 0.0195771 0.00391543 0.01 0.00287338 1
63.cnf 300 4.26 0.499478 0.285799 0 1 0.49687 0.50313 0.8 0 0.495421 0.143646 0.228574 1.07341 0.149368 0 0 0 0 0.0179969 0.00234742 0.01 0.00272913 1
641.cnf 300 4.26 0.489567 0.295778 0 1 0.510955 0.489045 0.9 0.0833333 0.488114 0.141324 0.223611 1.22929 0.14359 0 0 0 0 0.0187793 0.00312989 0.01 0.00258235 1
644.cnf 300 4.26 0.502347 0.288515 0 1 0.484351 0.515649 0.9 0 0.50589 0.148475 0.228704 1.08307 0.160229 0 0 0 0 0.0195618 0.00391236 0.01 0.00286912 1
643.cnf 300 4.26 0.502608 0.29595 0 1 0.49687 0.50313 0.916667 0 0.500496 0.155614 0.243305 1.05743 0.165086 0 0 0 0 0.0203443 0.00312989 0.01 0.00267703 1
653.cnf 300 4.26 0.517214 0.290415 0 1 0.472613 0.527387 1 0.166667 0.519351 0.150419 0.236271 1.12473 0.151364 0 0 0 0 0.0172414 0.0039185 0.01 0.00248352 1
654.cnf 300 4.26 0.498435 0.29122 0 1 0.49374 0.50626 0.888889 0.125 0.499826 0.143195 0.231753 1.09101 0.149847 0 0 0 0 0.0195618 0.00312989 0.01 0.00296015 1
656.cnf 300 4.26 0.498174 0.285489 0 1 0.51252 0.48748 0.9 0.125 0.499133 0.144435 0.225877 1.10366 0.149333 0 0 0 0 0.0172144 0.00391236 0.01 0.00287764 1
655.cnf 300 4.26 0.515649 0.291997 0 1 0.481221 0.518779 0.909091 0 0.513913 0.151612 0.244461 1.1373 0.157121 0 0 0 0 0.0203443 0.00234742 0.01 0.00280073 1
65.cnf 300 4.26 0.510955 0.297225 0 1 0.482003 0.517997 0.909091 0.142857 0.511478 0.147915 0.239152 1.03479 0.170254 0 0 0 0 0.0164319 0.00312989 0.01 0.00262157 1
659.cnf 300 4.26 0.494784 0.285448 0 1 0.508607 0.491393 1 0 0.493331 0.153998 0.242053 1.20153 0.123863 0 0 0 0 0.0187793 0.00312989 0.01 0.00291429 1
667.cnf 300 4.26 0.502347 0.290617 0 1 0.497653 0.502347 1 0.0909091 0.502584 0.15861 0.244231 1.10109 0.152648 0 0 0 0 0.0195618 0.00156495 0.01 0.00260282 1
668.cnf 300 4.26 0.51252 0.288855 0 1 0.488263 0.511737 1 0 0.517703 0.171849 0.265069 1.16072 0.141282 0 0 0 0 0.0179969 0.00312989 0.01 0.00296978 1
673.cnf 300 4.26 0.491132 0.284442 0 1 0.50626 0.49374 1 0.0909091 0.490322 0.146014 0.233945 1.18872 0.1415 0 0 0 0 0.0203443 0.00312989 0.01 0.00298281 1
674.cnf 300 4.26 0.507042 0.28874 0 1 0.488263 0.511737 0.846154 0 0.506831 0.142258 0.223187 1.19485 0.130286 0 0 0 0 0.0195618 0.00391236 0.01 0.00266787 1
680.cnf 300 4.26 0.499218 0.290625 0 1 0.500782 0.499218 1 0.142857 0.504085 0.149561 0.239638 1.29208 0.121111 0 0 0 0 0.0179969 0.00312989 0.01 0.00272988 1
677.cnf 300 4.26 0.501826 0.286402 0 1 0.494523 0.505477 0.9 0 0.500613 0.14963 0.232684 1.17352 0.170833 0 0 0 0 0.018794 0.00313234 0.01 0.00260158 1
683.cnf 300 4.26 0.506781 0.293524 0 1 0.49061 0.50939 1 0 0.505103 0.152739 0.237624 1.12359 0.158565 0 0 0 0 0.0195618 0.00312989 0.01 0.00292477 1
685.cnf 300 4.26 0.509911 0.289257 0 1 0.484351 0.515649 0.909091 0.181818 0.507516 0.14247 0.227452 1.12437 0.149162 0 0 0 0 0.0203443 0.00312989 0.01 0.00276479 1
688.cnf 300 4.26 0.505999 0.291461 0 1 0.476526 0.523474 0.9 0.125 0.505286 0.144112 0.227511 1.17579 0.148359 0 0 0 0 0.0172279 0.00391543 0.01 0.00275201 1
694.cnf 300 4.26 0.506521 0.287243 0 1 0.492175 0.507825 1 0 0.506228 0.14933 0.235705 1.21594 0.142094 0 0 0 0 0.0179969 0.00391236 0.01 0.00272014 1
697.cnf 300 4.26 0.503391 0.290007 0 1 0.492958 0.507042 1 0.111111 0.502814 0.152224 0.242438 1.07009 0.169409 0 0 0 0 0.0179969 0.00312989 0.01 0.00284196 1
6.cnf 300 4.26 0.510955 0.29012 0 1 0.492958 0.507042 1 0.125 0.509789 0.148929 0.232949 1.31897 0.104042 0 0 0 0 0.0187793 0.00312989 0.01 0.00281816 1
700.cnf 300 4.26 0.502347 0.290916 0 1 0.50313 0.49687 1 0.1 0.504106 0.14544 0.224737 1.19092 0.170185 0 0 0 0 0.018794 0.00234926 0.01 0.00283686 1
707.cnf 300 4.26 0.486176 0.289698 0 1 0.519562 0.480438 0.916667 0.111111 0.488514 0.145834 0.232404 1.1508 0.14752 0 0 0 0 0.0172144 0.00391236 0.01 0.0027927 1
710.cnf 300 4.26 0.492958 0.289341 0 1 0.517997 0.482003 0.928571 0 0.492204 0.145163 0.225767 1.10237 0.151071 0 0 0 0 0.018011 0.00391543 0.01 0.00256757 1
723.cnf 300 4.26 0.497131 0.279324 0 1 0.504695 0.495305 0.888889 0.1 0.497261 0.143868 0.22983 1.09952 0.139567 0 0 0 0 0.0219092 0.00234742 0.01 0.00312189 1
719.cnf 300 4.26 0.49035 0.296685 0 1 0.51252 0.48748 0.833333 0.111111 0.488551 0.14148 0.228438 1.20372 0.142212 0 0 0 0 0.0203443 0.00391236 0.01 0.00289954 1
716.cnf 300 4.26 0.5 0.302068 0 1 0.494523 0.505477 0.85 0 0.499622 0.138572 0.215996 1.04489 0.168713 0 0 0 0 0.018011 0.00234926 0.01 0.00272514 1
725.cnf 300 4.26 0.49374 0.288758 0 1 0.520344 0.479656 0.888889 0.1 0.492573 0.149554 0.238831 1.08669 0.150706 0 0 0 0 0.018011 0.00313234 0.01 0.0028584 1
733.cnf 300 4.26 0.495305 0.288788 0 1 0.517214 0.482786 0.916667 0 0.494487 0.141227 0.221857 1.11244 0.161761 0 0 0 0 0.0172144 0.00234742 0.01 0.00261065 1
729.cnf 300 4.26 0.505738 0.285742 0 1 0.49061 0.50939 1 0.1 0.500991 0.144809 0.232394 1.19448 0.128845 0 0 0 0 0.0187793 0.00156495 0.01 0.00290447 1
737.cnf 300 4.26 0.507825 0.29527 0 1 0.48748 0.51252 1 0.0769231 0.509813 0.145922 0.224956 1.1235 0.145449 0 0 0 0 0.0203443 0.00391236 0.01 0.00269981 1
738.cnf 300 4.26 0.501565 0.284576 0 1 0.492175 0.507825 0.888889 0 0.500948 0.143293 0.221224 1.24804 0.142917 0 0 0 0 0.0187793 0.00156495 0.01 0.00279708 1
73.cnf 300 4.26 0.513824 0.284244 0 1 0.483568 0.516432 0.916667 0.111111 0.515072 0.149146 0.245098 1.18922 0.148889 0 0 0 0 0.0179969 0.00312989 0.01 0.00274107 1
741.cnf 300 4.26 0.491393 0.285974 0 1 0.514085 0.485915 0.9 0.142857 0.489304 0.143866 0.231518 1.22383 0.127456 0 0 0 0 0.0179969 0.00156495 0.01 0.00274181 1
742.cnf 300 4.26 0.498174 0.284574 0 1 0.513302 0.486698 0.888889 0.117647 0.502158 0.150849 0.239491 1.28147 0.133148 0 0 0 0 0.0187793 0.00234742 0.01 0.00295601 1
743.cnf 300 4.26 0.506521 0.292045 0 1 0.484351 0.515649 0.875 0.125 0.506886 0.147763 0.238981 1.0586 0.170058 0 0 0 0 0.0179969 0.00391236 0.01 0.00273436 1
749.cnf 300 4.26 0.513302 0.287009 0 1 0.484351 0.515649 0.916667 0.0833333 0.516112 0.147565 0.233232 1.23221 0.151444 0 0 0 0 0.0172144 0.00312989 0.01 0.00272089 1
746.cnf 300 4.26 0.504173 0.288193 0 1 0.492175 0.507825 1 0 0.505994 0.156398 0.243637 1.18818 0.147374 0 0 0 0 0.0195618 0.00391236 0.01 0.00288402 1
74.cnf 300 4.26 0.491393 0.294068 0 1 0.508607 0.491393 0.909091 0 0.494034 0.151498 0.238245 1.09158 0.159752 0 0 0 0 0.0187793 0.00312989 0.01 0.00277511 1
752.cnf 300 4.26 0.485655 0.297373 0 1 0.522692 0.477308 1 0 0.48035 0.155736 0.243448 1.11069 0.155076 0 0 0 0 0.0187793 0.00234742 0.01 0.00293313 1
753.cnf 300 4.26 0.50313 0.291207 0 1 0.481221 0.518779 1 0 0.501946 0.154827 0.240944 1.42489 0.11 0 0 0 0 0.0187793 0.00312989 0.01 0.00295324 1
754.cnf 300 4.26 0.501826 0.285794 0 1 0.500782 0.499218 1 0.0833333 0.498801 0.140048 0.219094 1.05063 0.166566 0 0 0 0 0.0195771 0.00391543 0.01 0.00262582 1
755.cnf 300 4.26 0.503912 0.290899 0 1 0.48748 0.51252 0.857143 0.0833333 0.505587 0.143866 0.224259 1.04568 0.162783 0 0 0 0 0.0187793 0.00312989 0.01 0.00285914 1
757.cnf 300 4.26 0.503652 0.296233 0 1 0.502347 0.497653 1 0.142857 0.508029 0.152042 0.241157 1.15846 0.153602 0 0 0 0 0.018794 0.00313234 0.01 0.00275053 1
767.cnf 300 4.26 0.504173 0.29446 0 1 0.488263 0.511737 0.928571 0.125 0.499668 0.152879 0.243551 1.25074 0.128406 0 0 0 0 0.0195618 0.00312989 0.01 0.00265637 1
766.cnf 300 4.25667 0.502219 0.288893 0 1 0.480814 0.519186 1 0.0714286 0.501664 0.144632 0.228055 1.02893 0.165915 0 0 0 0 0.0180251 0.0031348 0.01 0.00288543 1
768.cnf 300 4.25667 0.505612 0.280285 0 1 0.495693 0.504307 0.916667 0.1 0.503352 0.145372 0.229298 1.22379 0.136136 0 0 0 0 0.0195925 0.0031348 0.01 0.00267329 1
769.cnf 300 4.26 0.488002 0.283408 0 1 0.516432 0.483568 1 0.0769231 0.485527 0.152142 0.241409 1.05465 0.163333 0 0 0 0 0.018011 0.00313234 0.01 0.00285339 1
772.cnf 300 4.26 0.499478 0.292118 0 1 0.510172 0.489828 0.888889 0 0.496797 0.154399 0.246137 1.3478 0.108542 0 0 0 0 0.0195618 0.00312989 0.01 0.00287054 1
771.cnf 300 4.26 0.491654 0.288705 0 1 0.501565 0.498435 0.857143 0.0714286 0.489439 0.143207 0.226635 1.11371 0.149403 0 0 0 0 0.018011 0.00391543 0.01 0.0029024 1
77.cnf 300 4.26 0.50313 0.282416 0 1 0.497653 0.502347 0.875 0 0.49682 0.143112 0.22567 1.00091 0.175784 0 0 0 0 0.0242567 0.00391236 0.01 0.00298965 1
780.cnf 300 4.26 0.494523 0.291769 0 1 0.510172 0.489828 1 0.125 0.500414 0.155414 0.244038 1.2782 0.123492 0 0 0 0 0.0187793 0.00391236 0.01 0.00274776 1
781.cnf 300 4.26 0.486437 0.283338 0 1 0.514867 0.485133 0.923077 0 0.485496 0.152368 0.243898 1.27777 0.133673 0 0 0 0 0.0188088 0.0031348 0.01 0.00295276 1
785.cnf 300 4.26 0.486176 0.290297 0 1 0.524257 0.475743 0.9 0.111111 0.48846 0.147112 0.239057 1.20164 0.159583 0 0 0 0 0.0211268 0.00156495 0.01 0.00294286 1
786.cnf 300 4.26 0.501043 0.282432 0 1 0.489828 0.510172 1 0.0714286 0.502729 0.149762 0.23515 1.25941 0.145833 0 0 0 0 0.0172144 0.00312989 0.01 0.00263554 1
790.cnf 300 4.26 0.485915 0.286668 0 1 0.518779 0.481221 1 0.111111 0.488487 0.152351 0.242253 1.28515 0.134222 0 0 0 0 0.0179969 0.00234742 0.01 0.00269981 1
78.cnf 300 4.26 0.50939 0.278869 0 1 0.48748 0.51252 0.909091 0 0.503929 0.148591 0.234074 1.24626 0.13247 0 0 0 0 0.0179969 0.00312989 0.01 0.00283045 1
787.cnf 300 4.26 0.510955 0.285894 0 1 0.496088 0.503912 1 0.111111 0.512209 0.149027 0.245585 1.01347 0.166306 0 0 0 0 0.0195618 0.00312989 0.01 0.00264636 1
796.cnf 300 4.26 0.508086 0.293491 0 1 0.482003 0.517997 1 0 0.508189 0.150481 0.233708 1.17823 0.144931 0 0 0 0 0.0195771 0.00313234 0.01 0.00275053 1
797.cnf 300 4.26 0.508346 0.279836 0 1 0.500782 0.499218 0.9 0.0909091 0.510258 0.143027 0.222391 1.16728 0.156138 0 0 0 0 0.0187793 0.00312989 0.01 0.002852 1
801.cnf 300 4.26 0.504173 0.292088 0 1 0.496088 0.503912 0.909091 0.0909091 0.506037 0.154055 0.241961 1.11568 0.15586 0 0 0 0 0.0172279 0.00391543 0.01 0.00276091 1
807.cnf 300 4.26 0.510172 0.296081 0 1 0.479656 0.520344 0.909091 0 0.50945 0.153035 0.243823 1.13413 0.133903 0 0 0 0 0.0195618 0.00312989 0.01 0.00288755 1
809.cnf 300 4.26 0.49687 0.274929 0 1 0.503912 0.496088 1 0.0625 0.498196 0.147862 0.23384 1.07863 0.15852 0 0 0 0 0.0211268 0.00234742 0.01 0.00280073 1
810.cnf 300 4.26 0.496609 0.286387 0 1 0.510172 0.489828 0.909091 0 0.494437 0.143958 0.225983 1.07425 0.160809 0 0 0 0 0.0226917 0.00391236 0.01 0.00290657 1
812.cnf 300 4.26 0.502608 0.292404 0 1 0.479656 0.520344 0.9 0 0.503026 0.155129 0.246922 1.1496 0.145746 0 0 0 0 0.0179969 0.00391236 0.01 0.00278098 1
813.cnf 300 4.26 0.491914 0.294083 0 1 0.499218 0.500782 1 0 0.493468 0.151947 0.24442 1.21412 0.131333 0 0 0 0 0.0187793 0.00312989 0.01 0.0027537 1
816.cnf 300 4.26 0.492436 0.280788 0 1 0.524257 0.475743 0.857143 0.111111 0.495641 0.141016 0.228797 1.16816 0.149492 0 0 0 0 0.0179969 0.00312989 0.01 0.00271338 1
817.cnf 300 4.26 0.492958 0.286017 0 1 0.504695 0.495305 1 0.125 0.489867 0.145581 0.22978 1.3154 0.160833 0 0 0 0 0.0172144 0.00391236 0.01 0.00277216 1
818.cnf 300 4.26 0.513563 0.28941 0 1 0.500782 0.499218 1 0.142857 0.515986 0.150042 0.239893 1.11067 0.143671 0 0 0 0 0.0187793 0.00312989 0.01 0.0027611 1
81.cnf 300 4.26 0.511998 0.290977 0 1 0.473396 0.526604 0.857143 0.111111 0.511119 0.14061 0.229786 1.05013 0.173084 0 0 0 0 0.018011 0.00391543 0.01 0.00259371 1
821.cnf 300 4.26 0.485133 0.291143 0 1 0.523474 0.476526 0.888889 0.111111 0.489473 0.1358 0.214985 1.14657 0.147526 0 0 0 0 0.0187793 0.00234742 0.01 0.0028051 1
822.cnf 300 4.26 0.492175 0.289922 0 1 0.49687 0.50313 1 0 0.495274 0.155647 0.24871 1.25482 0.126598 0 0 0 0 0.0172279 0.00156617 0.01 0.00277568 1
836.cnf 300 4.26 0.492958 0.292331 0 1 0.502347 0.497653 0.9 0.166667 0.495976 0.145262 0.231648 1.55075 0.103036 0 0 0 0 0.0203443 0.00391236 0.01 0.00263399 1
823.cnf 300 4.26 0.502347 0.287004 0 1 0.492958 0.507042 1 0.0909091 0.50348 0.153246 0.241141 1.07455 0.155586 0 0 0 0 0.0179969 0.00234742 0.01 0.00271338 1
825.cnf 300 4.26 0.514606 0.292348 0 1 0.482003 0.517997 0.909091 0.111111 0.515923 0.144328 0.22742 1.15806 0.139499 0 0 0 0 0.0195618 0.00312989 0.01 0.00265637 1
832.cnf 300 4.26 0.501826 0.293004 0 1 0.488263 0.511737 0.888889 0 0.498365 0.141949 0.226668 1.11729 0.15966 0 0 0 0 0.018794 0.00313234 0.01 0.00266676 1
841.cnf 300 4.26 0.503652 0.286991 0 1 0.49687 0.50313 0.9 0 0.501369 0.149742 0.227068 1.19878 0.153869 0 0 0 0 0.0203443 0.00156495 0.01 0.00274553 1
845.cnf 300 4.26 0.506521 0.291449 0 1 0.481221 0.518779 1 0.1 0.503249 0.15485 0.243882 1.13473 0.149333 0 0 0 0 0.0195618 0.00312989 0.01 0.00281671 1
846.cnf 300 4.26 0.503912 0.283329 0 1 0.499218 0.500782 1 0 0.503003 0.147621 0.228858 1.08358 0.158488 0 0 0 0 0.0187793 0.00312989 0.01 0.00268768 1
847.cnf 300 4.26 0.493479 0.285725 0 1 0.508607 0.491393 1 0.142857 0.498277 0.152836 0.241976 1.1951 0.144103 0 0 0 0 0.018794 0.00313234 0.01 0.00266446 1
848.cnf 300 4.26 0.50939 0.290474 0 1 0.49061 0.50939 0.9 0 0.510056 0.148954 0.240233 1.18588 0.135646 0 0 0 0 0.0179969 0.00391236 0.01 0.00272838 1
855.cnf 300 4.26 0.495827 0.281786 0 1 0.517997 0.482003 0.9 0 0.497862 0.152083 0.24465 1.22561 0.137559 0 0 0 0 0.018011 0.00313234 0.01 0.00286126 1
850.cnf 300 4.26 0.505477 0.289075 0 1 0.49061 0.50939 1 0 0.506759 0.156179 0.250895 1.1774 0.144001 0 0 0 0 0.0203443 0.00156495 0.01 0.00304108 1
854.cnf 300 4.26 0.49035 0.291064 0 1 0.533646 0.466354 1 0.125 0.490951 0.146855 0.226583 1.06543 0.150256 0 0 0 0 0.0172144 0.00156495 0.01 0.00277216 1
857.cnf 300 4.26 0.489045 0.288316 0 1 0.503912 0.496088 0.866667 0.0833333 0.490731 0.135817 0.214723 1.08257 0.158768 0 0 0 0 0.0172144 0.00391236 0.01 0.0026036 1
858.cnf 300 4.26 0.507825 0.295858 0 1 0.48748 0.51252 0.916667 0 0.507747 0.149038 0.23417 1.27715 0.131977 0 0 0 0 0.018794 0.00313234 0.01 0.00265678 1
861.cnf 300 4.26 0.491914 0.2869 0 1 0.502347 0.497653 0.9 0.1 0.492042 0.155914 0.247102 1.41751 0.152986 0 0 0 0 0.0195618 0.00391236 0.01 0.00261845 1
859.cnf 300 4.26 0.49374 0.283593 0 1 0.503912 0.496088 0.888889 0.133333 0.49057 0.146664 0.230004 1.16162 0.143714 0 0 0 0 0.0172144 0.00312989 0.01 0.00270056 1
862.cnf 300 4.26 0.495044 0.292968 0 1 0.511737 0.488263 1 0.133333 0.499727 0.152073 0.239296 1.09359 0.139984 0 0 0 0 0.018011 0.00234926 0.01 0.0025596 1
865.cnf 300 4.26 0.49374 0.291455 0 1 0.505477 0.494523 1 0.1 0.49218 0.149562 0.23377 1.19898 0.139568 0 0 0 0 0.0219092 0.00469484 0.01 0.00272014 1
876.cnf 300 4.26 0.504956 0.299135 0 1 0.49061 0.50939 1 0 0.501315 0.156312 0.250913 1.16686 0.133564 0 0 0 0 0.0179969 0.00391236 0.01 0.00275444 1
877.cnf 300 4.26 0.49687 0.275876 0 1 0.49687 0.50313 0.888889 0.111111 0.499713 0.149315 0.241967 1.11786 0.150128 0 0 0 0 0.0179969 0.00312989 0.01 0.00281526 1
879.cnf 300 4.25667 0.48473 0.2891 0 1 0.519186 0.480814 0.818182 0.125 0.479931 0.13208 0.209155 1.11616 0.161054 0 0 0 0 0.018794 0.00391543 0.01 0.00269497 1
87.cnf 300 4.26 0.499739 0.287619 0 1 0.503912 0.496088 0.923077 0 0.505022 0.156973 0.244186 1.26616 0.119263 0 0 0 0 0.0195618 0.00156495 0.01 0.00291149 1
880.cnf 300 4.26 0.50626 0.295896 0 1 0.489045 0.510955 0.857143 0 0.503899 0.151582 0.236951 1.13701 0.1521 0 0 0 0 0.0203443 0.00391236 0.01 0.00293939 1
881.cnf 300 4.26 0.495305 0.28301 0 1 0.505477 0.494523 0.9 0.153846 0.497494 0.147466 0.237743 1.27411 0.118393 0 0 0 0 0.0195618 0.00469484 0.01 0.0025926 1
896.cnf 300 4.26 0.506781 0.290248 0 1 0.483568 0.516432 0.9 0 0.507504 0.1528 0.241608 1.38501 0.1675 0 0 0 0 0.0172144 0.00391236 0.01 0.00285843 1
884.cnf 300 4.26 0.508607 0.294954 0 1 0.49374 0.50626 0.857143 0.0714286 0.509061 0.146259 0.236104 1.12965 0.163244 0 0 0 0 0.0211268 0.00391236 0.01 0.00263244 1
891.cnf 300 4.26 0.497131 0.284871 0 1 0.50626 0.49374 1 0 0.496382 0.157851 0.244623 1.08626 0.160076 0 0 0 0 0.0211268 0.00234742 0.01 0.00293522 1
895.cnf 300 4.26 0.499478 0.28089 0 1 0.495305 0.504695 1 0 0.500426 0.148481 0.231214 1.04603 0.156784 0 0 0 0 0.0187793 0.00234742 0.01 0.0029484 1
898.cnf 300 4.26 0.505738 0.28997 0 1 0.5 0.5 1 0 0.505599 0.139956 0.22046 1.23955 0.135048 0 0 0 0 0.0179969 0.00312989 0.01 0.00263864 1
900.cnf 300 4.26 0.505216 0.287572 0 1 0.489045 0.510955 1 0.125 0.508192 0.145958 0.235965 1.1022 0.154444 0 0 0 0 0.0187793 0.00312989 0.01 0.00263399 1
899.cnf 300 4.26 0.507825 0.28294 0 1 0.489828 0.510172 0.875 0.105263 0.508029 0.141789 0.232349 1.09465 0.153363 0 0 0 0 0.0211433 0.00313234 0.01 0.0029374 1
902.cnf 300 4.26 0.511737 0.288888 0 1 0.484351 0.515649 1 0 0.509644 0.156362 0.244871 1.13531 0.149825 0 0 0 0 0.0187793 0.00391236 0.01 0.00276479 1
906.cnf 300 4.26 0.513824 0.297106 0 1 0.484351 0.515649 0.923077 0 0.514944 0.14969 0.229134 1.10408 0.156667 0 0 0 0 0.0211268 0.00234742 0.01 0.00295324 1
903.cnf 300 4.26 0.494784 0.283614 0 1 0.511737 0.488263 0.857143 0.111111 0.494789 0.133355 0.21112 1.14614 0.154137 0 0 0 0 0.0179969 0.00312989 0.01 0.00283117 1
909.cnf 300 4.26 0.50626 0.282364 0 1 0.489828 0.510172 1 0.111111 0.506837 0.147891 0.232713 1.09725 0.163111 0 0 0 0 0.0172144 0.00312989 0.01 0.0027611 1
911.cnf 300 4.26 0.507564 0.29202 0 1 0.474961 0.525039 0.9 0 0.506309 0.152888 0.242028 1.12195 0.157214 0 0 0 0 0.0195618 0.00156495 0.01 0.00280073 1
913.cnf 300 4.26 0.498957 0.293008 0 1 0.520344 0.479656 0.888889 0 0.495257 0.150868 0.236215 1.03032 0.181829 0 0 0 0 0.0172144 0.00312989 0.01 0.00278612 1
918.cnf 300 4.26 0.505999 0.291461 0 1 0.495305 0.504695 1 0 0.505099 0.147583 0.235805 1.20393 0.128794 0 0 0 0 0.0172144 0.00312989 0.01 0.00264482 1
919.cnf 300 4.26 0.501043 0.294488 0 1 0.485133 0.514867 1 0.133333 0.505136 0.143865 0.227458 1.09563 0.16827 0 0 0 0 0.0195618 0.00312989 0.01 0.00285986 1
920.cnf 300 4.25667 0.494649 0.295109 0 1 0.509005 0.490995 0.833333 0 0.492862 0.154578 0.24772 1.10248 0.150345 0 0 0 0 0.018794 0.00313234 0.01 0.00282097 1
922.cnf 300 4.25667 0.501436 0.287388 0 1 0.509005 0.490995 1 0 0.503675 0.149727 0.231701 1.25853 0.137333 0 0 0 0 0.018011 0.00234926 0.01 0.00283974 1
924.cnf 300 4.26 0.502087 0.289119 0 1 0.505477 0.494523 0.9 0.111111 0.50231 0.14757 0.233365 1.19555 0.147124 0 0 0 0 0.0187793 0.00156495 0.01 0.00278538 1
92.cnf 300 4.26 0.505999 0.294428 0 1 0.49061 0.50939 0.909091 0.125 0.506944 0.147977 0.230475 1.10467 0.159459 0 0 0 0 0.0187793 0.00391236 0.01 0.00281744 1
928.cnf 300 4.26 0.50626 0.286642 0 1 0.485133 0.514867 1 0.125 0.507167 0.141089 0.218419 1.02479 0.17299 0 0 0 0 0.0195618 0.00312989 0.01 0.0026694 1
930.cnf 300 4.26 0.499739 0.283968 0 1 0.494523 0.505477 1 0 0.495958 0.145052 0.230815 1.21022 0.152383 0 0 0 0 0.0172144 0.00391236 0.01 0.00269451 1
936.cnf 300 4.26 0.492436 0.289629 0 1 0.517214 0.482786 1 0 0.494841 0.151032 0.235812 1.21387 0.136484 0 0 0 0 0.0195618 0.00391236 0.01 0.00264173 1
931.cnf 300 4.26 0.491914 0.291708 0 1 0.508607 0.491393 1 0 0.495983 0.151389 0.238305 1.0364 0.168036 0 0 0 0 0.0179969 0.00234742 0.01 0.00279343 1
93.cnf 300 4.26 0.498957 0.286102 0 1 0.507042 0.492958 0.916667 0.111111 0.496062 0.142316 0.226601 1.08111 0.154658 0 0 0 0 0.0179969 0.00234742 0.01 0.00268084 1
941.cnf 300 4.26 0.505999 0.285128 0 1 0.483568 0.516432 1 0 0.509707 0.15936 0.248538 1.23207 0.135399 0 0 0 0 0.0179969 0.000782473 0.01 0.0028051 1
940.cnf 300 4.26 0.503912 0.291794 0 1 0.489828 0.510172 0.923077 0.1 0.503492 0.145651 0.227779 1.32458 0.153889 0 0 0 0 0.0172144 0.00312989 0.01 0.00265329 1
94.cnf 300 4.26 0.507303 0.289335 0 1 0.484351 0.515649 1 0.153846 0.50928 0.147334 0.234742 1.15164 0.152247 0 0 0 0 0.018011 0.00313234 0.01 0.00279768 1
944.cnf 300 4.26 0.499218 0.290026 0 1 0.505477 0.494523 1 0.153846 0.502152 0.154634 0.245295 1.26255 0.119067 0 0 0 0 0.0195618 0.00234742 0.01 0.00290306 1
948.cnf 300 4.26 0.482525 0.2892 0 1 0.529734 0.470266 1 0 0.483779 0.152168 0.236426 1.11246 0.156847 0 0 0 0 0.0187793 0.00312989 0.01 0.00279781 1
951.cnf 300 4.26 0.496348 0.290304 0 1 0.497653 0.502347 0.846154 0 0.490453 0.162535 0.258838 1.16872 0.146813 0 0 0 0 0.018794 0.00391543 0.01 0.00272589 1
954.cnf 300 4.26 0.491132 0.289291 0 1 0.50626 0.49374 1 0 0.493672 0.154901 0.239181 1.09181 0.161917 0 0 0 0 0.0219092 0.00234742 0.01 0.00283045 1
957.cnf 300 4.26 0.494262 0.282067 0 1 0.510955 0.489045 0.916667 0 0.492223 0.15645 0.245409 1.10696 0.145 0 0 0 0 0.0187793 0.00234742 0.01 0.00306515 1
95.cnf 300 4.26 0.505216 0.282077 0 1 0.49687 0.50313 1 0 0.505115 0.145957 0.229773 1.07657 0.157994 0 0 0 0 0.0172279 0.00313234 0.01 0.00294782 1
958.cnf 300 4.26 0.504956 0.286061 0 1 0.492175 0.507825 0.933333 0 0.504104 0.144558 0.220484 1.19383 0.136061 0 0 0 0 0.0187793 0.00312989 0.01 0.00294909 1
961.cnf 300 4.26 0.505477 0.295617 0 1 0.5 0.5 0.909091 0 0.500545 0.148753 0.23114 1.19348 0.143444 0 0 0 0 0.0203443 0.00234742 0.01 0.0026036 1
962.cnf 300 4.26 0.503652 0.285472 0 1 0.488263 0.511737 1 0 0.505288 0.154874 0.243516 1.24121 0.134719 0 0 0 0 0.0187793 0.00156495 0.01 0.00264405 1
963.cnf 300 4.26 0.49061 0.284119 0 1 0.505477 0.494523 0.909091 0 0.495033 0.159852 0.249518 1.15641 0.143485 0 0 0 0 0.018794 0.00234926 0.01 0.00290662 1
964.cnf 300 4.26 0.507825 0.292311 0 1 0.495305 0.504695 0.857143 0 0.509037 0.156607 0.253378 1.21697 0.157549 0 0 0 0 0.0203443 0.00312989 0.01 0.00286485 1
966.cnf 300 4.26 0.49687 0.291207 0 1 0.49374 0.50626 0.888889 0.133333 0.502856 0.143166 0.227215 1.15227 0.18375 0 0 0 0 0.0164319 0.00391236 0.01 0.00273361 1
969.cnf 300 4.26 0.503912 0.286684 0 1 0.5 0.5 0.9 0.1 0.501344 0.151794 0.238575 1.05555 0.186225 0 0 0 0 0.0195618 0.00234742 0.01 0.00288826 1
971.cnf 300 4.26 0.502869 0.294771 0 1 0.483568 0.516432 0.9 0.0909091 0.504311 0.151141 0.244845 1.1139 0.152516 0 0 0 0 0.0164319 0.00312989 0.01 0.00258709 1
980.cnf 300 4.26 0.497392 0.287305 0 1 0.489828 0.510172 0.875 0 0.494946 0.152375 0.241329 1.04248 0.159121 0 0 0 0 0.0195618 0.00234742 0.01 0.00264328 1
981.cnf 300 4.26 0.489045 0.298393 0 1 0.514867 0.485133 0.909091 0 0.487074 0.155669 0.250199 1.19561 0.154236 0 0 0 0 0.0187793 0.00234742 0.01 0.00278025 1
978.cnf 300 4.26 0.491654 0.287498 0 1 0.517214 0.482786 0.9 0 0.490593 0.146841 0.23525 1.10526 0.147022 0 0 0 0 0.0187793 0.00391236 0.01 0.00288048 1
983.cnf 300 4.26 0.502608 0.286396 0 1 0.482786 0.517214 0.875 0 0.501587 0.152429 0.237735 1.12374 0.153836 0 0 0 0 0.018794 0.00234926 0.01 0.00286268 1
986.cnf 300 4.26 0.500261 0.290925 0 1 0.514085 0.485915 1 0 0.498485 0.143199 0.228026 1.13093 0.144614 0 0 0 0 0.0179969 0.00312989 0.01 0.00266327 1
993.cnf 300 4.26 0.498696 0.288823 0 1 0.503912 0.496088 1 0 0.496273 0.156591 0.241375 1.01314 0.171956 0 0 0 0 0.0195618 0.00312989 0.01 0.00303638 1
994.cnf 300 4.26 0.500782 0.286103 0 1 0.48748 0.51252 0.9 0.0769231 0.503143 0.148991 0.235479 1.15696 0.148337 0 0 0 0 0.0179969 0.00312989 0.01 0.0028434 1
9.cnf 300 4.26 0.497392 0.287607 0 1 0.5 0.5 0.888889 0.1 0.49536 0.144717 0.226837 1.09474 0.145163 0 0 0 0 0.0195618 0.00234742 0.01 0.00254012 1
995.cnf 300 4.26 0.500261 0.28519 0 1 0.488263 0.511737 0.846154 0 0.503187 0.142314 0.228597 1.15717 0.167 0 0 0 0 0.0187793 0.00312989 0.01 0.00273137 1
997.cnf 300 4.26 0.506781 0.284499 0 1 0.489045 0.510955 0.846154 0 0.504811 0.154756 0.251749 1.10318 0.1579 0 0 0 0 0.0211268 0.00391236 0.01 0.00266787 1
