4.19388 0.508414 0.0274517 0.00243309 0 0 0.00243309 0.965144 0 0.50853 0.178819 0.273346 0 0 1 0 0.0204082 0.141392 0 0 0 0 1
uf100-0124_2 98 4.19387755102 0.506488240065 0.275543789927 0.0389294403893 0.961070559611 0.503649635036 0.513381995134 0.928571428571 0.0 0.504736014201 0.151770505183 0.227316185269 1.12706600418 0.171428571429 1 1 1.0 0.0 0.125 0.0 0.0204081632653 0.0365695693542 2 1 1.00253807107 0.0503152984812 0.0558375634518 0.0152284263959 0.030612244898 0.00862468963294 1
uf100-0124_2.dimacs 4294967277 0 0.507054 0.0140392 inf -nan inf inf 0.965144 0 0.508151 0.180063 6.35375e-09 0 0 1 0 0.0204082 0.141392 0 0 0 0 1
uuf100-0124 100 4.3 0.489147286822 0.311304741996 0.0 1.0 0.527906976744 0.472093023256 0.818181818182 0.2 0.487257034245 0.125578463629 0.199050129953 1.17513930279 0.1399999986 0 0 0.0 0.0 2 1 1.00233100233 0.0482241512018 0.0559440559441 0.013986013986 0.03 0.00841524126223 1
uuf100-0124.cnf 100 4.3 0.501218 0.0314239 0.00232558 0 0.00232558 0 0.881356 0.126676 0.494054 0.151825 0.233383 0 0 1 0 0.02 0.14 0 0 0 0 1
uuf100-0124.cnf 100 4.3 0.501218 0.0314239 0.00232558 0 0.00232558 0 0.881356 0.126676 0.494054 0.151825 0.233383 0 0 1 0 0.02 0.14 0 0 0 0 1
uuf100-0124.cnf 100 4.3 0.501218 0.0314239 0.00232558 0 0.00232558 0 0.881356 0.126676 0.494054 0.151825 0.233383 0 0 1 0 0.02 0.14 0 0 0 0 1
uuf100-0124.cnf 100 4.3 0.501218 0.0314239 0.00232558 0 0.00232558 0 0.881356 0.126676 0.494054 0.151825 0.233383 0 0 1 0 0.02 0.14 0 0 0 0 1
uuf100-0124.cnf 100 4.3 0.501218 0.0314239 0.00232558 0 0.00232558 0 0.881356 0.126676 0.494054 0.151825 0.233383 0 0 1 0 0.02 0.14 0 0 0 0 1
uuf100-0124.cnf 100 4.3 0.501218 0.0314239 0.00232558 0 0.00232558 0 0.881356 0.126676 0.494054 0.151825 0.233383 0 0 1 0 0.02 0.14 0 0 0 0 1
uuf100-0124.cnf 100 0 0.488539 0.311672 -nan inf inf inf 0.818182 0 0.482115 0.134047 0.209461 1.31519 0.122112 0 0 0 0 0.0562061 0 0.029703 0.00890363 1
uuf100-0124.cnf 100 0 0.488539 0.311672 -nan inf inf inf 0.818182 0 0.482115 0.134047 0.209461 1.31519 0.122112 0 0 0 0 0.0562061 0 0.029703 0.00890363 1
uuf100-0124.cnf 100 0 0.488539 0.311672 -nan inf inf inf 0.818182 0 0.482115 0.134047 0.209461 1.31519 0.122112 0 0 0 0 0.0562061 0 0.029703 0.00890363 1
uuf100-0124.cnf 100 0 0.488733 0.311549 -nan inf inf inf 0.818182 0.2 0.486936 0.125701 0.199461 1.30488 0.123333 0 0 0 0 0.0560748 0.0140187 0.03 0.00836383 1
uuf100-0124.cnf 100 0 0.488733 0.311549 -nan inf inf inf 0.818182 0.2 0.486936 0.125701 0.199461 1.30488 0.123333 0 0 0 0 0.0560748 0.0140187 0.03 0.00836383 1
uuf100-0124.cnf 100 0 0.488733 0.311549 -nan inf inf inf 0.818182 0.2 0.486936 0.125701 0.199461 1.30488 0.123333 0 0 0 0 0.0560748 0.0140187 0.03 0.00836383 1
uuf100-0124.cnf 100 0 0.488733 0.311549 -nan inf inf inf 0.818182 0.2 0.486936 0.125701 0.199461 1.30488 0.123333 0 0 0 0 0.0560748 0.0140187 0.03 0.00836383 1
uuf100-0124.cnf 100 0 0.488733 0.311549 -nan inf inf inf 0.818182 0.2 0.486936 0.125701 0.199461 1.30488 0.123333 0 0 0 0 0.0560748 0.0140187 0.03 0.00836383 1
uuf100-0124.cnf 100 4.3 0.488733 0.311549 0 0.997674 0.527907 0.469767 0.818182 0.2 0.486936 0.125701 0.199461 1.30488 0.123333 0 0 0 0 0.0560748 0.0140187 0.03 0.00836383 1
uuf100-0124 100 4.3 0.489147286822 0.311304741996 0.0 1.0 0.527906976744 0.472093023256 0.818181818182 0.2 0.487257034245 0.125578463629 0.199050129953 1.17513930279 0.1399999986 0 0 0.0 0.0 2 1 1.00233100233 0.0482241512018 0.0559440559441 0.013986013986 0.03 0.00841524126223 0
uf100-0124_2.dimacs 98 4.19388 0.506911 0.275747 0.0389294 0.958637 0.501217 0.513382 0.928571 0 0.505494 0.151499 0.227665 1.1267 0.168367 0.125 0 0.0204082 0.0365696 0.0559796 0.0152672 0.0306122 0.0085902 1
uf100-0124_2 98 4.19387755102 0.506488240065 0.275543789927 0.0389294403893 0.961070559611 0.503649635036 0.513381995134 0.928571428571 0.0 0.504736014201 0.151770505183 0.227316185269 1.12706600418 0.171428571429 1 1 1.0 0.0 0.125 0.0 0.0204081632653 0.0365695693542 2 1 1.00253807107 0.0503152984812 0.0558375634518 0.0152284263959 0.030612244898 0.00862468963294 0
uf100-0124_2.dimacs 98 4.19388 0.506911 0.275747 0.0389294 0.958637 0.501217 0.513382 0.928571 0 0.505494 0.151499 0.227665 1.1267 0.168367 0.125 0 0.0204082 0.0365696 0.0559796 0.0152672 0.0306122 0.0085902 1
uf100-0124_2.dimacs 98 4.19388 0.506911 0.275747 0.0389294 0.958637 0.501217 0.513382 0.928571 0 0.505494 0.151499 0.227665 1.1267 0.168367 0.125 0 0.0204082 0.0365696 0.0559796 0.0152672 0.0306122 0.0085902 1
uf100-0124_2 98 4.19387755102 0.506488240065 0.275543789927 0.0389294403893 0.961070559611 0.503649635036 0.513381995134 0.928571428571 0.0 0.504736014201 0.151770505183 0.227316185269 1.12706600418 0.171428571429 1 1 1.0 0.0 0.125 0.0 0.0204081632653 0.0365695693542 2 1 1.00253807107 0.0503152984812 0.0558375634518 0.0152284263959 0.030612244898 0.00862468963294 0
uf100-0124_2 98 4.19387755102 0.506488240065 0.275543789927 0.0389294403893 0.961070559611 0.503649635036 0.513381995134 0.928571428571 0.0 0.504736014201 0.151770505183 0.227316185269 1.12706600418 0.171428571429 0.125 0.0 0.0204081632653 0.0365695693542 0.0558375634518 0.0152284263959 0.030612244898 0.00862468963294 0
uf100-0124_2.dimacs 98 4.19388 0.506911 0.275747 0.0389294 0.958637 0.501217 0.513382 0.928571 0 0.505494 0.151499 0.227665 1.1267 0.168367 0.125 0 0.0204082 0.0365696 0.0559796 0.0152672 0.0306122 0.0085902 1
uuf100-0124.cnf 100 4.3 0.488733 0.311549 0 0.997674 0.527907 0.469767 0.818182 0.2 0.486936 0.125701 0.199461 1.30488 0.123333 0 0 0 0 0.0560748 0.0140187 0.03 0.00836383 1
uuf100-0124 100 4.3 0.489147286822 0.311304741996 0.0 1.0 0.527906976744 0.472093023256 0.818181818182 0.2 0.487257034245 0.125578463629 0.199050129953 1.17513930279 0.1399999986 0 0 0.0 0.0 0.0559440559441 0.013986013986 0.03 0.00841524126223 0
uuf100-0124.cnf 100 4.3 0.488733 0.311549 0 0.997674 0.527907 0.469767 0.818182 0.2 0.486936 0.125701 0.199461 1.30488 0.123333 0 0 0 0 0.0560748 0.0140187 0.03 0.00836383 1
uuf100-0124 100 4.3 0.489147286822 0.311304741996 0.0 1.0 0.527906976744 0.472093023256 0.818181818182 0.2 0.487257034245 0.125578463629 0.199050129953 1.17513930279 0.1399999986 0 0 0.0 0.0 0.0559440559441 0.013986013986 0.03 0.00841524126223 0
uuf100-0124 100 4.3 0.489147286822 0.311304741996 0.0 1.0 0.527906976744 0.472093023256 0.818181818182 0.2 0.487257034245 0.125578463629 0.199050129953 1.17513930279 0.1399999986 0 0 0.0 0.0 0.0559440559441 0.013986013986 0.03 0.00841524126223 0
uuf100-0124.cnf 100 4.3 0.488733 0.311549 0 0.997674 0.527907 0.469767 0.818182 0.2 0.486936 0.125701 0.199461 1.30488 0.123333 0 0 0 0 0.0560748 0.0140187 0.03 0.00836383 1
uuf100-0124.cnf 100 4.3 0.488733 0.311549 0 0.997674 0.527907 0.469767 0.818182 0.2 0.486936 0.125701 0.199461 1.30488 0.123333 0 0 0 0 0.0560748 0.0140187 0.03 0.00836383 1
uuf100-0124 100 4.3 0.489147286822 0.311304741996 0.0 1.0 0.527906976744 0.472093023256 0.818181818182 0.2 0.487257034245 0.125578463629 0.199050129953 1.17513930279 0.1399999986 0 0 0.0 0.0 0.0559440559441 0.013986013986 0.03 0.00841524126223 0
uuf100-0124.cnf 100 4.3 0.488733 0.311549 0 0.997674 0.527907 0.469767 0.818182 0.2 0.486936 0.125701 0.199461 1.30488 0.123333 0 0 0 0 0.0560748 0.0140187 0.03 0.00836383 1
uuf100-0124.cnf 100 4.3 0.488733 0.311549 0 0.997674 0.527907 0.469767 0.818182 0.2 0.486936 0.125701 0.199461 1.30488 0.123333 0 0 0 0 0.0560748 0.0140187 0.03 0.00836383 1
uuf100-0124.cnf 100 4.3 0.488733 0.311549 0 0.997674 0.527907 0.469767 0.818182 0.2 0.486936 0.125701 0.199461 1.30488 0.123333 0 0 0 0 0.0560748 0.0140187 0.03 0.00836383 1
uuf100-0124 100 4.3 0.489147286822 0.311304741996 0.0 1.0 0.527906976744 0.472093023256 0.818181818182 0.2 0.487257034245 0.125578463629 0.199050129953 1.17513930279 0.1399999986 0 0 0.0 0.0 0.0559440559441 0.013986013986 0.03 0.00841524126223 0
uuf100-0124 100 4.3 0.489147286822 0.311304741996 0.0 1.0 0.527906976744 0.472093023256 0.818181818182 0.2 0.487257034245 0.125578463629 0.199050129953 1.17513930279 0.1399999986 0 0 0.0 0.0 0.0559440559441 0.013986013986 0.03 0.00841524126223 0
uuf100-0124.cnf 100 4.3 0.488733 0.311549 0 0.997674 0.527907 0.469767 0.818182 0.2 0.486936 0.125701 0.199461 1.30488 0.123333 0 0 0 0 0.0560748 0.0140187 0.03 0.00836383 1
uuf100-0124.cnf 100 4.3 0.488733 0.311549 0 0.997674 0.527907 0.469767 0.818182 0.2 0.486936 0.125701 0.199461 1.30488 0.123333 0 0 0 0 0.0560748 0.0140187 0.03 0.00836383 1
uuf100-0124.cnf 100 4.3 0.488733 0.311549 0 0.997674 0.527907 0.469767 0.818182 0.2 0.486936 0.125701 0.199461 1.30488 0.123333 0 0 0 0 0.0560748 0.0140187 0.03 0.00836383 1
uuf100-0124 100 4.3 0.489147286822 0.311304741996 0.0 1.0 0.527906976744 0.472093023256 0.818181818182 0.2 0.487257034245 0.125578463629 0.199050129953 1.17513930279 0.1399999986 0 0 0.0 0.0 0.0559440559441 0.013986013986 0.03 0.00841524126223 0
uuf100-0124 100 4.3 0.489147286822 0.311304741996 0.0 1.0 0.527906976744 0.472093023256 0.818181818182 0.2 0.487257034245 0.125578463629 0.199050129953 1.17513930279 0.1399999986 0 0 0.0 0.0 0.0559440559441 0.013986013986 0.03 0.00841524126223 0
uuf100-0124.cnf 100 4.3 0.488733 0.311549 0 0.997674 0.527907 0.469767 0.818182 0.2 0.486936 0.125701 0.199461 1.30488 0.123333 0 0 0 0 0.0560748 0.0140187 0.03 0.00836383 1
uuf100-0124.cnf 100 4.3 0.488733 0.311549 0 0.997674 0.527907 0.469767 0.818182 0.2 0.486936 0.125701 0.199461 1.30488 0.123333 0 0 0 0 0.0560748 0.0140187 0.03 0.00836383 1
uuf100-0124.cnf 100 4.3 0.488733 0.311549 0 0.997674 0.527907 0.469767 0.818182 0.2 0.486936 0.125701 0.199461 1.30488 0.123333 0 0 0 0 0.0560748 0.0140187 0.03 0.00836383 1
uuf100-0124.cnf 100 4.3 0.488733 0.311549 0 0.997674 0.527907 0.469767 0.818182 0.2 0.486936 0.125701 0.199461 1.30488 0.123333 0 0 0 0 0.0560748 0.0140187 0.03 0.00836383 1
uuf100-0124.cnf 100 4.3 0.488733 0.311549 0 0.997674 0.527907 0.469767 0.818182 0.2 0.486936 0.125701 0.199461 1.30488 0.123333 0 0 0 0 0.0560748 0.0140187 0.03 0.00836383 1
uuf100-0124.cnf 100 4.3 0.489147 0.311305 0 1 0.527907 0.472093 0.818182 0.2 0.487257 0.125578 0.19905 1.17514 0.14 0 0 0 0 0.0559441 0.013986 0.03 0.00841524 1
uuf100-0124 100 4.3 0.489147286822 0.311304741996 0.0 1.0 0.527906976744 0.472093023256 0.818181818182 0.2 0.487257034245 0.125578463629 0.199050129953 1.17513930279 0.1399999986 0 0 0.0 0.0 0.0559440559441 0.013986013986 0.03 0.00841524126223 0
