UNSAT/uuf100-01000 100 430 4.3 35 11 22.66 5.62355759284 24 6 12.9 3.6755951899 4.56411597695 3 3 3.0 0.0 6.06378520869 0.497674418605 0.300507352973 5.82484329523 0.769230769231 0.125 0.49116840753 0.143896291707 4.55795194069 0.0 1.0 0.5 0.5 15 1 6.45 2.34254135502 4.53644495139 0
UNSAT/uuf100-0105 100 430 4.3 38 6 22.64 5.77671186749 21 3 12.9 3.62629287289 4.56365031555 3 3 3.0 0.0 6.06378520869 0.503100775194 0.291774748832 5.84766621661 0.833333333333 0.111111111111 0.502882748014 0.138186888085 4.56511006718 0.0 1.0 0.502325581395 0.497674418605 13 1 6.48 2.4838679514 4.52864784596 0
UNSAT/uuf100-0106 100 430 4.3 37 11 22.56 5.38575899944 22 6 12.9 3.34813380856 4.57092919083 3 3 3.0 0.0 6.06378520869 0.499224806202 0.294434891843 5.8326628551 0.857142857143 0.125 0.497504516338 0.134696553066 4.56653764129 0.0 1.0 0.483720930233 0.516279069767 11 1 6.24 2.2141364005 4.53893675485 0
UNSAT/uuf100-0102 100 430 4.3 38 9 22.8 5.89576118919 25 5 12.9 3.5902646142 4.56610783808 3 3 3.0 0.0 6.06378520869 0.506976744186 0.290820645825 5.85298106737 0.857142857143 0.230769230769 0.506315824226 0.128680065022 4.57213640462 0.0 1.0 0.497674418605 0.502325581395 14 1 6.42 2.55021567715 4.52434111363 0
UNSAT/uuf100-0100 100 430 4.3 34 10 22.64 5.17980694621 22 5 12.9 3.2939338184 4.57163202077 3 3 3.0 0.0 6.06378520869 0.474418604651 0.292440255106 5.8176022631 0.777777777778 0.176470588235 0.475610214132 0.138717549032 4.56143738227 0.0 1.0 0.541860465116 0.458139534884 13 2 6.99 2.59034746704 4.53503866156 0
UNSAT/uuf100-0104 100 430 4.3 40 10 22.58 5.92482911146 25 6 12.9 3.72692903072 4.56314390242 3 3 3.0 0.0 6.06378520869 0.505426356589 0.290853704896 5.85488519286 0.9 0.0909090909091 0.513350533161 0.154139576038 4.55858773487 0.0 1.0 0.511627906977 0.488372093023 14 1 6.6 2.65706605112 4.51692637862 0
UNSAT/uuf100-0103 100 430 4.3 35 10 22.58 5.30882284504 21 5 12.9 3.26343377442 4.57279476449 3 3 3.0 0.0 6.06378520869 0.498449612403 0.290010557446 5.85111042026 0.875 0.153846153846 0.502871518016 0.135608008522 4.5679753508 0.0 1.0 0.525581395349 0.474418604651 13 2 6.78 2.19353595822 4.55155802711 0
UNSAT/uuf100-0101 100 430 4.3 35 9 22.8 6.11391854705 22 5 12.9 3.81182371051 4.5594905985 3 3 3.0 0.0 6.06378520869 0.503875968992 0.290878496733 5.84618836717 0.777777777778 0.2 0.504102112971 0.133370559684 4.56858301844 0.0 1.0 0.488372093023 0.511627906977 12 2 6.3 2.43515913238 4.52782630115 0
UNSAT/uuf100-0107 100 430 4.3 35 8 22.98 5.82405357118 22 4 12.9 3.57631094845 4.56612934734 3 3 3.0 0.0 6.06378520869 0.509302325581 0.291642907683 5.85199487505 0.875 0.25 0.506610814366 0.135179055469 4.56977187416 0.0 1.0 0.488372093023 0.511627906977 11 1 6.3 2.3 4.53276532498 0
UNSAT/uuf100-0110 100 430 4.3 37 10 22.4 5.37959106253 22 5 12.9 3.32716095192 4.57189953314 3 3 3.0 0.0 6.06378520869 0.526356589147 0.298493905905 5.85240533567 0.875 0.125 0.527840464188 0.136125065881 4.56948071617 0.0 1.0 0.453488372093 0.546511627907 13 1 5.85 2.259977876 4.52869159225 0
UNSAT/uuf100-0109 100 430 4.3 36 6 22.44 5.51238605324 23 3 12.9 3.59304884464 4.56476772778 3 3 3.0 0.0 6.06378520869 0.494573643411 0.287278078156 5.84098685551 1.0 0.133333333333 0.500232281663 0.138776577906 4.56479762716 0.0 1.0 0.493023255814 0.506976744186 12 0 6.36 2.53187677425 4.51682735225 0
UNSAT/uuf100-0113 100 430 4.3 35 11 22.4 5.42217668469 22 6 12.9 3.55949434611 4.56577967494 3 3 3.0 0.0 6.06378520869 0.48992248062 0.283530244728 5.84488091348 0.888888888889 0.0833333333333 0.48529941438 0.141290213929 4.55990873147 0.0 1.0 0.506976744186 0.493023255814 14 1 6.54 2.41006223986 4.5344126752 0
UNSAT/uuf100-0108 100 430 4.3 38 11 22.86 5.7463379643 22 6 12.9 3.4885527085 4.56737207275 3 3 3.0 0.0 6.06378520869 0.503875968992 0.301350046042 5.82988958439 0.857142857143 0.133333333333 0.507235828886 0.156377201074 4.55499891498 0.0 1.0 0.493023255814 0.506976744186 12 2 6.36 2.39382539046 4.53371431845 0
UNSAT/uuf100-0111 100 430 4.3 36 10 23.0 5.55337735077 22 5 12.9 3.44238289561 4.56917756854 3 3 3.0 0.0 6.06378520869 0.512403100775 0.293294857925 5.85585625693 0.875 0.181818181818 0.518230977786 0.142763232417 4.5661946093 0.0 1.0 0.497674418605 0.502325581395 12 1 6.42 2.40074988285 4.53304434675 0
UNSAT/uuf100-010 100 430 4.3 36 12 23.04 5.37013966299 21 6 12.9 3.27566787083 4.57300168664 3 3 3.0 0.0 6.06378520869 0.497674418605 0.302222204548 5.82052462121 0.909090909091 0.222222222222 0.491505031647 0.129430768975 4.57018503771 0.0 1.0 0.495348837209 0.504651162791 13 1 6.39 2.50956171472 4.52331941596 0
UNSAT/uuf100-0112 100 430 4.3 37 9 22.58 5.90623399469 22 5 12.9 3.71618083521 4.56313634475 3 3 3.0 0.0 6.06378520869 0.514728682171 0.289640454794 5.86145512146 0.833333333333 0.0 0.514649473892 0.148446540993 4.55702871286 0.0 1.0 0.486046511628 0.513953488372 13 1 6.27 2.49341131785 4.52307133722 0
UNSAT/uuf100-0114 100 430 4.3 37 11 22.66 5.91645163929 22 6 12.9 3.47706773014 4.56752777028 3 3 3.0 0.0 6.06378520869 0.492248062016 0.301275257601 5.82264478342 0.8 0.142857142857 0.492069685002 0.138538501448 4.56332072901 0.0 1.0 0.523255813953 0.476744186047 13 1 6.75 2.68840101175 4.52245616173 0
UNSAT/uuf100-0115 100 430 4.3 39 10 22.7 5.8386642308 22 5 12.9 3.66742416418 4.56416322533 3 3 3.0 0.0 6.06378520869 0.480620155039 0.290258065533 5.82435635526 0.833333333333 0.117647058824 0.485379747102 0.149081432727 4.55600726548 0.0 1.0 0.520930232558 0.479069767442 14 2 6.72 2.65736711803 4.52679938822 0
UNSAT/uuf100-0116 100 430 4.3 39 7 22.68 6.5174841772 24 4 12.9 4.01123422403 4.55533918717 3 3 3.0 0.0 6.06378520869 0.475968992248 0.285418735082 5.83355209729 0.75 0.0 0.478033626032 0.145577081267 4.55138005549 0.0 1.0 0.546511627907 0.453488372093 13 0 7.05 2.69583011334 4.52464403847 0
UNSAT/uuf100-0118 100 430 4.3 39 10 22.42 6.37366456601 25 5 12.9 3.97114593033 4.55779172019 3 3 3.0 0.0 6.06378520869 0.487596899225 0.279767645915 5.8512976391 0.875 0.181818181818 0.490504496123 0.136619270533 4.56519998778 0.0 1.0 0.518604651163 0.481395348837 16 2 6.69 2.68587043619 4.52610316576 0
UNSAT/uuf100-0119 100 430 4.3 33 11 22.5 5.2488093888 19 6 12.9 3.23573793747 4.57277718121 3 3 3.0 0.0 6.06378520869 0.502325581395 0.288217846553 5.85052469076 1.0 0.214285714286 0.507602516807 0.15012895296 4.56150174115 0.0 1.0 0.495348837209 0.504651162791 14 1 6.39 2.52545045487 4.52326299126 0
UNSAT/uuf100-0117 100 430 4.3 35 9 22.48 5.62046261441 23 5 12.9 3.61247837364 4.5655365823 3 3 3.0 0.0 6.06378520869 0.496899224806 0.287312590619 5.85150407389 0.909090909091 0.0769230769231 0.491776141335 0.145881024035 4.55780621865 0.0 1.0 0.518604651163 0.481395348837 13 2 6.69 2.12929565819 4.55440140576 0
UNSAT/uuf100-011 100 430 4.3 36 8 22.42 5.26152069273 22 4 12.9 3.28481354113 4.57167647576 3 3 3.0 0.0 6.06378520869 0.507751937984 0.274340855276 5.87300434603 0.9 0.176470588235 0.501153964027 0.141231491066 4.56493734451 0.0 1.0 0.472093023256 0.527906976744 12 2 6.09 2.47020242086 4.52270144766 0
UNSAT/uuf100-0120 100 430 4.3 39 8 22.62 5.60139268397 23 4 12.9 3.61801050303 4.56554759394 3 3 3.0 0.0 6.06378520869 0.494573643411 0.287278078156 5.84639780358 0.888888888889 0.142857142857 0.497866621357 0.132985889247 4.56975620837 0.0 1.0 0.511627906977 0.488372093023 15 1 6.6 2.65329983228 4.51872568584 0
UNSAT/uuf100-0122 100 430 4.3 38 7 22.64 6.15714219423 20 4 12.9 3.68103246386 4.56136994405 3 3 3.0 0.0 6.06378520869 0.493798449612 0.30045235611 5.82423939277 0.818181818182 0.142857142857 0.487082895648 0.141154846997 4.56157224889 0.0 1.0 0.516279069767 0.483720930233 13 1 6.66 2.71005534999 4.51400911291 0
UNSAT/uuf100-0123 100 430 4.3 43 9 22.68 5.72167807553 27 5 12.9 3.55949434611 4.56764812332 3 3 3.0 0.0 6.06378520869 0.518604651163 0.280346991121 5.88536757495 0.875 0.2 0.521296094396 0.149641173003 4.56309069321 0.0 1.0 0.502325581395 0.497674418605 14 1 6.48 2.50790749431 4.53010322593 0
UNSAT/uuf100-0124 100 430 4.3 42 12 22.18 5.56305671371 24 6 12.9 3.65650105976 4.56530089526 3 3 3.0 0.0 6.06378520869 0.489147286822 0.311304741996 5.80158865077 0.818181818182 0.2 0.487257034245 0.125578463629 4.57079963349 0.0 1.0 0.527906976744 0.472093023256 17 2 6.81 2.70072212565 4.52722441628 0
UNSAT/uuf100-0121 100 430 4.3 36 9 22.78 5.58494404627 21 5 12.9 3.36897610558 4.5702601996 3 3 3.0 0.0 6.06378520869 0.495348837209 0.293520147995 5.83156583 0.777777777778 0.230769230769 0.494837540298 0.125943563253 4.57165172893 0.0 1.0 0.493023255814 0.506976744186 12 2 6.36 2.2694492724 4.53962526807 0
UNSAT/uuf100-0127 100 430 4.3 37 11 22.58 6.01860448941 23 6 12.9 3.7907782842 4.56303047876 3 3 3.0 0.0 6.06378520869 0.494573643411 0.295262352798 5.82819466403 0.769230769231 0.222222222222 0.499903623974 0.115244696655 4.57800838559 0.0 1.0 0.495348837209 0.504651162791 12 1 6.39 2.20859683962 4.54464538438 0
UNSAT/uuf100-0125 100 430 4.3 44 10 22.4 6.08440629807 27 5 12.9 3.93573373083 4.5592404983 3 3 3.0 0.0 6.06378520869 0.475968992248 0.293453603022 5.81463743437 0.823529411765 0.181818181818 0.481626656324 0.13582076072 4.56483238892 0.0 1.0 0.53023255814 0.46976744186 16 1 6.84 2.79542483354 4.51846125899 0
UNSAT/uuf100-0126 100 430 4.3 34 9 22.76 4.94190246767 20 5 12.9 3.08706980809 4.57528264346 3 3 3.0 0.0 6.06378520869 0.482945736434 0.282282327291 5.84683492371 0.857142857143 0.1 0.491572456955 0.13657300489 4.5646429934 0.0 1.0 0.539534883721 0.460465116279 14 1 6.96 2.82814426789 4.51876519357 0
UNSAT/uuf100-0128 100 430 4.3 36 10 22.84 5.71965033896 22 5 12.9 3.64828726939 4.56464698831 3 3 3.0 0.0 6.06378520869 0.51007751938 0.281701629289 5.86374560066 0.818181818182 0.166666666667 0.511238731856 0.13781237493 4.56734111896 0.0 1.0 0.46976744186 0.53023255814 13 1 6.06 2.49727851871 4.51935586062 0
UNSAT/uuf100-0129 100 430 4.3 35 6 22.96 4.94149774866 21 3 12.9 3.05777697028 4.57592906669 3 3 3.0 0.0 6.06378520869 0.478294573643 0.296263005661 5.8145690523 0.818181818182 0.0 0.479426921247 0.137073467893 4.55974286639 0.0 1.0 0.53488372093 0.46511627907 12 2 6.9 2.24722050542 4.55016141389 0
UNSAT/uuf100-0133 100 430 4.3 37 11 22.58 5.53566617491 23 6 12.9 3.51710107901 4.56814529104 3 3 3.0 0.0 6.06378520869 0.522480620155 0.2809839605 5.87739231855 0.923076923077 0.166666666667 0.521142195615 0.151666146951 4.5618353906 0.0 1.0 0.460465116279 0.539534883721 12 2 5.94 2.22629737457 4.53283529174 0
UNSAT/uuf100-012 100 430 4.3 43 10 22.7 6.06877252828 25 5 12.9 3.66469644036 4.56508980885 3 3 3.0 0.0 6.06378520869 0.482170542636 0.291245994501 5.82699977031 0.8 0.111111111111 0.481424114803 0.144760124139 4.55768307218 0.0 1.0 0.527906976744 0.472093023256 15 2 6.81 2.65591792042 4.52818050095 0
UNSAT/uuf100-0132 100 430 4.3 40 11 22.64 5.77498051945 23 6 12.9 3.55949434611 4.56684897767 3 3 3.0 0.0 6.06378520869 0.482945736434 0.270120280704 5.86606526588 0.846153846154 0.166666666667 0.480682063242 0.147086632271 4.55693398961 0.0 1.0 0.537209302326 0.462790697674 13 2 6.93 2.41352439391 4.54376171586 0
UNSAT/uuf100-0131 100 430 4.3 38 6 22.76 5.71510279873 22 3 12.9 3.51140997322 4.56732896065 3 3 3.0 0.0 6.06378520869 0.501550387597 0.286424405328 5.85444476661 0.833333333333 0.0 0.495116446548 0.149728220198 4.5529985706 0.0 1.0 0.502325581395 0.497674418605 13 2 6.48 2.6324133414 4.5205957842 0
UNSAT/uuf100-0130 100 430 4.3 38 12 22.8 5.73585215988 23 6 12.9 3.42490875791 4.57015641464 3 3 3.0 0.0 6.06378520869 0.518604651163 0.301657978853 5.83950520423 0.875 0.2 0.520937985395 0.123023912781 4.57655701459 0.0 1.0 0.460465116279 0.539534883721 11 1 5.94 2.26636272472 4.52927212751 0
UNSAT/uuf100-0135 100 430 4.3 35 10 22.68 5.49887261173 22 5 12.9 3.38378486314 4.5696198357 3 3 3.0 0.0 6.06378520869 0.514728682171 0.278729335854 5.87481071841 0.888888888889 0.2 0.518073128411 0.13878291337 4.56784967868 0.0 1.0 0.472093023256 0.527906976744 14 0 6.09 2.60036535894 4.50301283262 0
UNSAT/uuf100-0134 100 430 4.3 35 11 22.72 5.26513057768 21 6 12.9 3.24191301549 4.57285428584 3 3 3.0 0.0 6.06378520869 0.508527131783 0.28449084337 5.85799693571 0.875 0.166666666667 0.512153024392 0.145355885577 4.56356281166 0.0 1.0 0.472093023256 0.527906976744 14 1 6.09 2.58106567138 4.51288138601 0
UNSAT/uuf100-0136 100 430 4.3 34 8 22.6 5.75325994546 21 4 12.9 3.69188298839 4.5632153033 3 3 3.0 0.0 6.06378520869 0.5 0.290014701579 5.85182450877 0.8 0.166666666667 0.505510719286 0.137135994132 4.56653512976 0.0 1.0 0.520930232558 0.479069767442 14 2 6.72 2.39616360042 4.54225682908 0
UNSAT/uuf100-0138 100 430 4.3 43 6 22.9 5.6665686266 26 3 12.9 3.55949434611 4.56753415705 3 3 3.0 0.0 6.06378520869 0.503100775194 0.294419584357 5.84125807626 0.875 0.2 0.507634462593 0.133436837623 4.5701616464 0.0 1.0 0.495348837209 0.504651162791 15 2 6.39 2.47747855692 4.53228540454 0
UNSAT/uuf100-0137 100 430 4.3 41 4 22.44 5.52325990698 25 2 12.9 3.55387112878 4.56594613246 3 3 3.0 0.0 6.06378520869 0.5 0.284618607856 5.85936804566 0.916666666667 0.0 0.49475987669 0.143811077777 4.55705115154 0.0 1.0 0.516279069767 0.483720930233 13 2 6.66 2.35889804782 4.5400281652 0
UNSAT/uuf100-0139 100 430 4.3 42 9 22.82 6.21671939209 24 5 12.9 3.69729630947 4.56398864363 3 3 3.0 0.0 6.06378520869 0.477519379845 0.299674321951 5.80520481165 0.75 0.166666666667 0.474480849431 0.134856177675 4.56302216253 0.0 1.0 0.527906976744 0.472093023256 13 3 6.81 2.19861319927 4.55302459933 0
UNSAT/uuf100-013 100 430 4.3 37 8 22.36 5.40466465195 25 4 12.9 3.60970912956 4.56516415891 3 3 3.0 0.0 6.06378520869 0.479069767442 0.295445466298 5.81577951135 0.8 0.166666666667 0.479901872861 0.135091092693 4.56311949854 0.0 1.0 0.53023255814 0.46976744186 13 1 6.84 2.62952467188 4.52566465419 0
UNSAT/uuf100-0142 100 430 4.3 40 9 22.68 6.13820820761 22 5 12.9 3.86652298584 4.55896913275 3 3 3.0 0.0 6.06378520869 0.482170542636 0.274812488311 5.85879240889 0.9 0.166666666667 0.478299862891 0.143427581446 4.55794864782 0.0 1.0 0.541860465116 0.458139534884 14 0 6.99 2.74770813588 4.52279813957 0
UNSAT/uuf100-0140 100 430 4.3 34 12 22.58 5.14038909033 21 7 12.9 3.34813380856 4.57148461692 3 3 3.0 0.0 6.06378520869 0.52015503876 0.291094303063 5.86513633371 0.875 0.142857142857 0.51696147102 0.152353951292 4.5588426319 0.0 1.0 0.483720930233 0.516279069767 12 1 6.24 2.29834723225 4.53428400286 0
UNSAT/uuf100-0141 100 430 4.3 39 8 22.76 5.58412034254 25 4 12.9 3.50285597763 4.56794093671 3 3 3.0 0.0 6.06378520869 0.499224806202 0.283708221853 5.85849442705 0.818181818182 0.153846153846 0.500400739354 0.138797604049 4.56520443042 0.0 1.0 0.511627906977 0.488372093023 12 1 6.6 2.45764114549 4.53015121697 0
UNSAT/uuf100-0144 100 430 4.3 36 11 22.74 4.85514160453 21 6 12.9 3.09677251344 4.57594673852 3 3 3.0 0.0 6.06378520869 0.506976744186 0.28271095707 5.86414065751 0.785714285714 0.0 0.506420818045 0.141297761947 4.56059023876 0.0 1.0 0.490697674419 0.509302325581 13 2 6.33 2.42509793617 4.53277245507 0
UNSAT/uuf100-0145 100 430 4.3 35 9 22.9 5.4083269132 20 5 12.9 3.47706773014 4.56803285417 3 3 3.0 0.0 6.06378520869 0.503100775194 0.278173625766 5.86374920707 0.857142857143 0.125 0.498590889503 0.136725081913 4.56705444858 0.0 1.0 0.481395348837 0.518604651163 11 1 6.21 2.25075542874 4.53370109193 0
UNSAT/uuf100-0146 100 430 4.3 40 7 22.5 6.13432962923 25 4 12.9 3.85875627631 4.55880431307 3 3 3.0 0.0 6.06378520869 0.494573643411 0.276273675549 5.85759219848 0.916666666667 0.153846153846 0.489915289813 0.14131386033 4.56188869604 0.0 1.0 0.488372093023 0.511627906977 13 2 6.3 2.63248931622 4.51442721295 0
UNSAT/uuf100-0143 100 430 4.3 42 8 22.64 6.17821980833 24 4 12.9 3.9 4.55916942342 3 3 3.0 0.0 6.06378520869 0.51007751938 0.298621716208 5.84207850975 1.0 0.166666666667 0.516806867453 0.153293006179 4.56075129031 0.0 1.0 0.490697674419 0.509302325581 16 1 6.33 2.80019642168 4.50970153482 0
UNSAT/uuf100-0147 100 430 4.3 36 8 22.5 5.75065213693 21 4 12.9 3.67287353444 4.56291841964 3 3 3.0 0.0 6.06378520869 0.5 0.296185918286 5.83811750984 1.0 0.125 0.500965513245 0.139813166847 4.56406082253 0.0 1.0 0.509302325581 0.490697674419 13 1 6.57 2.5347780968 4.53003656322 0
UNSAT/uuf100-0148 100 430 4.3 35 12 22.68 5.24381540484 21 6 12.9 3.37194306002 4.57083814321 3 3 3.0 0.0 6.06378520869 0.515503875969 0.302688114974 5.84094570736 0.888888888889 0.181818181818 0.512157586995 0.136818111442 4.56871723963 0.0 1.0 0.486046511628 0.513953488372 12 1 6.27 2.07776322039 4.54758024182 0
UNSAT/uuf100-0149 100 430 4.3 36 8 22.84 5.91729668007 22 4 12.9 3.62904946232 4.5636993313 3 3 3.0 0.0 6.06378520869 0.5 0.29965527136 5.83085839165 0.818181818182 0.111111111111 0.500434498207 0.138663813702 4.56428159661 0.0 1.0 0.504651162791 0.495348837209 14 2 6.51 2.5199007917 4.52715704566 0
UNSAT/uuf100-014 100 430 4.3 35 9 22.5 5.53443764081 23 5 12.9 3.51710107901 4.56632613621 3 3 3.0 0.0 6.06378520869 0.492248062016 0.294333847726 5.83603252552 0.888888888889 0.111111111111 0.485137037862 0.144418042377 4.5570221461 0.0 1.0 0.527906976744 0.472093023256 13 1 6.81 2.38618943087 4.54222194085 0
UNSAT/uuf100-0150 100 430 4.3 37 10 22.86 5.14202294822 24 5 12.9 3.31209903234 4.57166538 3 3 3.0 0.0 6.06378520869 0.497674418605 0.300507352973 5.82484329523 0.888888888889 0.111111111111 0.49546582859 0.150743774629 4.55663550048 0.0 1.0 0.5 0.5 14 2 6.45 2.3595550428 4.53774045777 0
UNSAT/uuf100-0153 100 430 4.3 36 12 22.86 5.04384773759 21 7 12.9 3.16385840391 4.5754078668 3 3 3.0 0.0 6.06378520869 0.499224806202 0.282795967583 5.85528652253 0.888888888889 0.0909090909091 0.504626965269 0.138774182418 4.56505547129 0.0 1.0 0.495348837209 0.504651162791 13 1 6.39 2.37442624649 4.53250315807 0
UNSAT/uuf100-0151 100 430 4.3 40 12 22.82 4.8834004546 23 7 12.9 3.38082830088 4.57236632394 3 3 3.0 0.0 6.06378520869 0.486046511628 0.292342632695 5.82932524194 0.857142857143 0.166666666667 0.489850175406 0.129155000702 4.56915228433 0.0 1.0 0.523255813953 0.476744186047 15 2 6.75 2.64716829839 4.53029784287 0
UNSAT/uuf100-0152 100 430 4.3 37 10 22.78 6.10995908333 25 5 12.9 3.9862262856 4.55655232047 3 3 3.0 0.0 6.06378520869 0.503100775194 0.284601716669 5.85677573523 0.875 0.166666666667 0.499579482059 0.142046315911 4.56326596115 0.0 1.0 0.493023255814 0.506976744186 18 1 6.36 2.93093841628 4.50052160209 0
UNSAT/uuf100-0155 100 430 4.3 35 10 22.72 5.85504910312 21 5 12.9 3.4885527085 4.56686593026 3 3 3.0 0.0 6.06378520869 0.506976744186 0.29957404209 5.83178390589 0.8 0.0 0.505561237739 0.147644211255 4.55661007785 0.0 1.0 0.474418604651 0.525581395349 12 2 6.12 2.32929173785 4.52916116562 0
UNSAT/uuf100-0154 100 430 4.3 35 13 22.64 5.12936643261 21 7 12.9 3.1921779399 4.5748562788 3 3 3.0 0.0 6.06378520869 0.504651162791 0.280003820143 5.86549030222 0.857142857143 0.0 0.504094699332 0.132766707719 4.56494647794 0.0 1.0 0.490697674419 0.509302325581 12 1 6.33 2.28934488446 4.53691591753 0
UNSAT/uuf100-0156 100 430 4.3 43 8 22.62 6.21897097597 27 5 12.9 3.7907782842 4.5620037311 3 3 3.0 0.0 6.06378520869 0.52480620155 0.296891128677 5.85439743028 0.8 0.1 0.517120097953 0.147758529443 4.55915942461 0.0 1.0 0.458139534884 0.541860465116 14 1 5.91 2.4417002273 4.52017895357 0
UNSAT/uuf100-0157 100 430 4.3 39 12 22.7 5.78186821019 22 6 12.9 3.45108678535 4.56838846275 3 3 3.0 0.0 6.06378520869 0.513178294574 0.295892600015 5.84734777317 0.888888888889 0.142857142857 0.511292110023 0.137614088498 4.5670505162 0.0 1.0 0.479069767442 0.520930232558 13 2 6.18 2.28639454163 4.53608654863 0
UNSAT/uuf100-0158 100 430 4.3 35 8 22.9 5.46900356555 21 4 12.9 3.49141805002 4.56741077595 3 3 3.0 0.0 6.06378520869 0.492248062016 0.289911080487 5.84015258965 0.857142857143 0.0 0.491556846318 0.154410262068 4.54893124389 0.0 1.0 0.516279069767 0.483720930233 13 2 6.66 2.42577822564 4.53837328035 0
UNSAT/uuf100-015 100 430 4.3 40 7 23.1 5.63471383479 23 4 12.9 3.5312887166 4.56716545756 3 3 3.0 0.0 6.06378520869 0.496124031008 0.284592214936 5.8509090761 0.875 0.0 0.487192691118 0.152515651482 4.54974458317 0.0 1.0 0.504651162791 0.495348837209 12 1 6.51 2.33450208824 4.53751882201 0
UNSAT/uuf100-0160 100 430 4.3 35 6 22.12 5.51412731083 23 3 12.9 3.61524549651 4.56550552962 3 3 3.0 0.0 6.06378520869 0.503100775194 0.287312590619 5.85302721343 0.846153846154 0.0 0.493529153931 0.152077401054 4.55196543016 0.0 1.0 0.495348837209 0.504651162791 12 1 6.39 2.41617466256 4.53000771409 0
UNSAT/uuf100-0159 100 430 4.3 38 10 22.36 5.41575479504 22 7 12.9 3.410278581 4.57120491874 3 3 3.0 0.0 6.06378520869 0.523255813953 0.29527151117 5.85641008312 0.9 0.166666666667 0.527535976407 0.133632898986 4.57191359867 0.0 1.0 0.462790697674 0.537209302326 12 1 5.97 2.33861069868 4.5260045096 0
UNSAT/uuf100-0161 100 430 4.3 37 9 22.44 5.36343173724 22 5 12.9 3.34514573674 4.57015408019 3 3 3.0 0.0 6.06378520869 0.488372093023 0.300291307398 5.82156471323 0.909090909091 0.266666666667 0.488134862686 0.13760835554 4.56582678212 0.0 1.0 0.532558139535 0.467441860465 13 1 6.87 2.40272761669 4.53986631418 0
UNSAT/uuf100-0162 100 430 4.3 35 8 22.24 5.54638621086 23 4 12.9 3.54259791678 4.56594115157 3 3 3.0 0.0 6.06378520869 0.512403100775 0.296798007318 5.85007851863 0.785714285714 0.111111111111 0.510697098173 0.140926652878 4.56323106381 0.0 1.0 0.497674418605 0.502325581395 13 2 6.42 2.40074988285 4.53542226741 0
UNSAT/uuf100-0163 100 430 4.3 37 8 22.5 6.20725382114 22 4 12.9 3.95094925303 4.5573100343 3 3 3.0 0.0 6.06378520869 0.514728682171 0.298428470005 5.83927742593 0.857142857143 0.214285714286 0.513028869651 0.140782951037 4.56624342424 0.0 1.0 0.458139534884 0.541860465116 13 2 5.91 2.26757579807 4.5324812988 0
UNSAT/uuf100-0164 100 430 4.3 39 4 22.8 6.46065012209 22 2 12.9 3.85616389693 4.55798970762 3 3 3.0 0.0 6.06378520869 0.509302325581 0.282643993295 5.87309524585 0.8 0.0 0.505025048266 0.133938111831 4.56384279267 0.0 1.0 0.511627906977 0.488372093023 13 1 6.6 2.6 4.522663162 0
UNSAT/uuf100-0166 100 430 4.3 32 8 22.42 5.24629393 21 4 12.9 3.22024843762 4.57220504159 3 3 3.0 0.0 6.06378520869 0.498449612403 0.297921610866 5.83707548343 0.8 0.0666666666667 0.496562820994 0.138058896705 4.56411326205 0.0 1.0 0.523255813953 0.476744186047 13 2 6.75 2.2511108369 4.54763457827 0
UNSAT/uuf100-0167 100 430 4.3 36 10 22.46 5.79382429834 23 5 12.9 3.6755951899 4.56454859694 3 3 3.0 0.0 6.06378520869 0.477519379845 0.286448531594 5.82495148899 0.8 0.142857142857 0.477725449068 0.129645072118 4.56629951594 0.0 1.0 0.516279069767 0.483720930233 14 1 6.66 2.45446531856 4.53503310789 0
UNSAT/uuf100-0165 100 430 4.3 39 9 23.22 5.87465743682 22 5 12.9 3.58747822293 4.56739004671 3 3 3.0 0.0 6.06378520869 0.496899224806 0.285508201278 5.84775104958 0.888888888889 0.125 0.501924246849 0.133318817832 4.56929858931 0.0 1.0 0.495348837209 0.504651162791 13 1 6.39 2.6111108747 4.51838002928 0
UNSAT/uuf100-0168 100 430 4.3 38 8 22.88 5.44661362683 22 5 12.9 3.29696830437 4.57240331759 3 3 3.0 0.0 6.06378520869 0.481395348837 0.295601023588 5.81270604098 0.833333333333 0.0 0.483933394736 0.151913067996 4.54808250736 0.0 1.0 0.509302325581 0.490697674419 14 1 6.57 2.64293397572 4.52470855513 0
UNSAT/uuf100-016 100 430 4.3 37 13 23.3 5.472659317 23 7 12.9 3.21714158843 4.57393712942 3 3 3.0 0.0 6.06378520869 0.482170542636 0.285873143403 5.83898485061 0.846153846154 0.0 0.47611783145 0.134564775305 4.55936409704 0.0 1.0 0.537209302326 0.462790697674 12 2 6.93 2.23720808152 4.54896324525 0
UNSAT/uuf100-0171 100 430 4.3 36 10 22.48 5.24305254599 20 6 12.9 3.1448370387 4.57501538761 3 3 3.0 0.0 6.06378520869 0.482945736434 0.294819358964 5.81983816222 0.9 0.166666666667 0.48425664523 0.139724556265 4.56386569492 0.0 1.0 0.520930232558 0.479069767442 12 2 6.72 2.47822517137 4.53471568037 0
UNSAT/uuf100-0169 100 430 4.3 39 6 22.48 6.32056959459 25 3 12.9 4.15812457726 4.55292666265 3 3 3.0 0.0 6.06378520869 0.504651162791 0.265801055886 5.88417533025 0.909090909091 0.142857142857 0.508700665102 0.126433248425 4.5728031646 0.0 1.0 0.479069767442 0.520930232558 14 1 6.18 2.49551597871 4.52664901342 0
UNSAT/uuf100-0170 100 430 4.3 36 12 22.38 5.96285166678 23 7 12.9 3.86652298584 4.56078021111 3 3 3.0 0.0 6.06378520869 0.502325581395 0.2970479519 5.83845428938 0.823529411765 0.0 0.500342628771 0.139855048653 4.559981608 0.0 1.0 0.504651162791 0.495348837209 13 2 6.51 2.351573941 4.54026232119 0
UNSAT/uuf100-0172 100 430 4.3 38 10 22.7 5.73498038358 25 5 12.9 3.66469644036 4.56511117466 3 3 3.0 0.0 6.06378520869 0.494573643411 0.275336790015 5.8638232847 0.9 0.142857142857 0.489334118042 0.145172453612 4.55942439145 0.0 1.0 0.504651162791 0.495348837209 15 1 6.51 2.52782515218 4.52522625584 0
UNSAT/uuf100-0173 100 430 4.3 43 6 22.44 6.04370747141 24 3 12.9 3.85875627631 4.55923914369 3 3 3.0 0.0 6.06378520869 0.506976744186 0.290820645825 5.85166142484 0.8 0.142857142857 0.50605038082 0.127925871444 4.57202976426 0.0 1.0 0.493023255814 0.506976744186 13 1 6.36 2.66653333 4.51238517113 0
UNSAT/uuf100-0174 100 430 4.3 40 7 22.94 5.82034363247 23 4 12.9 3.47419055321 4.56815456806 3 3 3.0 0.0 6.06378520869 0.500775193798 0.28552398652 5.85088946556 1.0 0.166666666667 0.498283201683 0.141014394669 4.56409584662 0.0 1.0 0.488372093023 0.511627906977 13 0 6.3 2.60959767014 4.51487880959 0
UNSAT/uuf100-0176 100 430 4.3 39 8 22.38 6.21253571418 23 5 12.9 3.89230009121 4.55862641328 3 3 3.0 0.0 6.06378520869 0.500775193798 0.279117136376 5.86724721594 0.875 0.0 0.49461233849 0.163381485761 4.54191026249 0.0 1.0 0.509302325581 0.490697674419 13 1 6.57 2.75047268665 4.51542700183 0
UNSAT/uuf100-0175 100 430 4.3 34 8 22.7 5.22398315464 21 4 12.9 3.35111921602 4.570125524 3 3 3.0 0.0 6.06378520869 0.47984496124 0.288418975934 5.82987715181 1.0 0.0909090909091 0.482201606787 0.141511188944 4.55974966453 0.0 1.0 0.532558139535 0.467441860465 14 1 6.87 2.60251801147 4.53131762652 0
UNSAT/uuf100-0179 100 430 4.3 38 7 22.54 5.87608713346 24 4 12.9 3.66742416418 4.56345653559 3 3 3.0 0.0 6.06378520869 0.512403100775 0.298534167022 5.84457831449 0.8 0.125 0.510752389545 0.145055166463 4.56130752329 0.0 1.0 0.488372093023 0.511627906977 14 0 6.3 2.44335834457 4.52516095899 0
UNSAT/uuf100-0178 100 430 4.3 37 9 22.94 6.06600362677 22 6 12.9 3.74032084185 4.56253579245 3 3 3.0 0.0 6.06378520869 0.491472868217 0.279912594632 5.8570415749 1.0 0.230769230769 0.495295352824 0.146028127835 4.56147697734 0.0 1.0 0.520930232558 0.479069767442 16 2 6.72 2.43343378788 4.53802794827 0
UNSAT/uuf100-0177 100 430 4.3 39 11 22.88 5.74679040857 22 6 12.9 3.57351367704 4.56681643012 3 3 3.0 0.0 6.06378520869 0.488372093023 0.286192479721 5.84444295739 0.8 0.142857142857 0.490627259995 0.118376418569 4.57483579536 0.0 1.0 0.527906976744 0.472093023256 13 2 6.81 2.67841370964 4.52588062957 0
UNSAT/uuf100-017 100 430 4.3 33 10 22.72 5.45541932394 20 5 12.9 3.40147027034 4.56877604258 3 3 3.0 0.0 6.06378520869 0.517829457364 0.285873143403 5.8686905103 0.857142857143 0.111111111111 0.522014564469 0.136992347128 4.56892282585 0.0 1.0 0.476744186047 0.523255813953 12 1 6.15 2.47133567125 4.51886308349 0
UNSAT/uuf100-0185 100 430 4.3 40 13 22.86 5.6515838488 22 7 12.9 3.38378486314 4.57118523395 3 3 3.0 0.0 6.06378520869 0.496124031008 0.282770467113 5.85254422655 0.875 0.0833333333333 0.499861818436 0.141641333927 4.56280053291 0.0 1.0 0.5 0.5 13 2 6.45 2.54312799521 4.52749330044 0
UNSAT/uuf100-0180 100 430 4.3 38 6 22.62 5.86307086773 21 3 12.9 3.57071421427 4.56414473319 3 3 3.0 0.0 6.06378520869 0.496899224806 0.293540620336 5.82828669818 0.923076923077 0.0 0.495297626737 0.162855614419 4.54451908011 0.0 1.0 0.474418604651 0.525581395349 13 1 6.12 2.36338739948 4.52776600108 0
UNSAT/uuf100-0183 100 430 4.3 40 9 22.64 5.7158026558 22 5 12.9 3.52845575288 4.56744539952 3 3 3.0 0.0 6.06378520869 0.495348837209 0.295275581466 5.82857750057 0.833333333333 0.125 0.498553211451 0.14395951879 4.56035867286 0.0 1.0 0.493023255814 0.506976744186 11 1 6.36 2.30443051533 4.53432403177 0
UNSAT/uuf100-0181 100 430 4.3 38 8 23.12 5.72587111277 21 4 12.9 3.53977400409 4.56591939181 3 3 3.0 0.0 6.06378520869 0.506201550388 0.274380280248 5.87364053241 0.9 0.2 0.508362246714 0.149884148576 4.56120956316 0.0 1.0 0.481395348837 0.518604651163 13 1 6.21 2.57408236076 4.51433481268 0
UNSAT/uuf100-0184 100 430 4.3 33 5 23.04 5.86160387607 21 3 12.9 3.59304884464 4.56346861879 3 3 3.0 0.0 6.06378520869 0.517829457364 0.286775609118 5.86273926328 0.875 0.230769230769 0.522803560818 0.125781945151 4.57537106622 0.0 1.0 0.460465116279 0.539534883721 12 1 5.94 2.59930760011 4.50553533977 0
UNSAT/uuf100-0182 100 430 4.3 37 12 22.74 5.78726187415 22 6 12.9 3.59861084309 4.56565708069 3 3 3.0 0.0 6.06378520869 0.523255813953 0.277217149534 5.88086384074 0.769230769231 0.125 0.517759905643 0.137999867566 4.5675204085 0.0 1.0 0.448837209302 0.551162790698 11 1 5.79 2.31644123603 4.52223882227 0
UNSAT/uuf100-0186 100 430 4.3 34 10 22.32 5.93107072964 22 5 12.9 3.9102429592 4.55781809771 3 3 3.0 0.0 6.06378520869 0.499224806202 0.283708221853 5.85581415929 0.833333333333 0.0909090909091 0.499290723982 0.157884172367 4.55188997878 0.0 1.0 0.502325581395 0.497674418605 12 2 6.48 2.42684980994 4.5324066179 0
UNSAT/uuf100-0187 100 430 4.3 38 8 22.7 6.41638527522 24 4 12.9 3.84577690461 4.56016077499 3 3 3.0 0.0 6.06378520869 0.473643410853 0.299358326639 5.80334165024 1.0 0.111111111111 0.477419451807 0.148564007278 4.5550464866 0.0 1.0 0.539534883721 0.460465116279 14 1 6.96 2.81396517391 4.51946898208 0
UNSAT/uuf100-0190 100 430 4.3 38 10 22.74 5.96258333275 24 6 12.9 3.79868398264 4.56234016402 3 3 3.0 0.0 6.06378520869 0.508527131783 0.28449084337 5.86325941264 0.857142857143 0.142857142857 0.506937009779 0.134392301408 4.56902997291 0.0 1.0 0.490697674419 0.509302325581 13 1 6.33 2.70944643793 4.5105332023 0
UNSAT/uuf100-0188 100 430 4.3 36 10 22.7 5.27162214124 24 6 12.9 3.38378486314 4.57069950372 3 3 3.0 0.0 6.06378520869 0.493798449612 0.284551037093 5.8444444971 0.777777777778 0.166666666667 0.488797438973 0.132776382019 4.56708036381 0.0 1.0 0.493023255814 0.506976744186 16 2 6.36 2.51602861669 4.52974782398 0
UNSAT/uuf100-0191 100 430 4.3 35 8 22.7 5.30942558098 21 4 12.9 3.31813200461 4.5715423728 3 3 3.0 0.0 6.06378520869 0.500775193798 0.303083922686 5.82400195378 0.777777777778 0.166666666667 0.495120471805 0.145140317349 4.5591569505 0.0 1.0 0.497674418605 0.502325581395 14 1 6.42 2.35448508171 4.5359268834 0
UNSAT/uuf100-0189 100 430 4.3 35 9 22.74 5.63670116291 20 5 12.9 3.30907842155 4.57110172757 3 3 3.0 0.0 6.06378520869 0.516279069767 0.295738212071 5.84634546322 1.0 0.142857142857 0.525207835809 0.152492278667 4.56182594522 0.0 1.0 0.460465116279 0.539534883721 14 2 5.94 2.44057370305 4.51966796903 0
UNSAT/uuf100-018 100 430 4.3 36 7 22.56 5.36902225736 22 4 12.9 3.43656805549 4.56742261899 3 3 3.0 0.0 6.06378520869 0.51007751938 0.294263402521 5.83687321673 1.0 0.0 0.509340722917 0.151202641884 4.5553859616 0.0 1.0 0.446511627907 0.553488372093 15 0 5.76 2.39215384121 4.512823675 0
UNSAT/uuf100-0192 100 430 4.3 32 10 22.76 5.46098892143 20 5 12.9 3.5 4.56668156375 3 3 3.0 0.0 6.06378520869 0.486821705426 0.278806939111 5.85317749649 0.909090909091 0.142857142857 0.490591987519 0.141969500573 4.56384216431 0.0 1.0 0.523255813953 0.476744186047 13 2 6.75 2.5860201082 4.52943044781 0
UNSAT/uuf100-0193 100 430 4.3 45 7 22.48 6.32847532981 26 4 12.9 3.97869325282 4.55766158288 3 3 3.0 0.0 6.06378520869 0.511627906977 0.297698642425 5.84758924817 0.8 0.142857142857 0.511101761285 0.144053465599 4.56192732288 0.0 1.0 0.497674418605 0.502325581395 16 1 6.42 2.85369935347 4.50446898322 0
UNSAT/uuf100-0194 100 430 4.3 40 9 22.96 6.26884359352 24 5 12.9 3.85616389693 4.56104218582 3 3 3.0 0.0 6.06378520869 0.487596899225 0.291527497767 5.83773910443 0.75 0.111111111111 0.48897579746 0.139654751015 4.56181971526 0.0 1.0 0.539534883721 0.460465116279 14 2 6.96 2.55311574356 4.53847468926 0
UNSAT/uuf100-0195 100 430 4.3 36 10 22.92 5.40496068441 22 5 12.9 3.22955105239 4.57326079762 3 3 3.0 0.0 6.06378520869 0.503100775194 0.279100988779 5.8656025881 0.8125 0.133333333333 0.511168009536 0.132179525386 4.57023270098 0.0 1.0 0.493023255814 0.506976744186 15 1 6.36 2.61732688062 4.51842000135 0
UNSAT/uuf100-0197 100 430 4.3 37 10 22.98 5.47901450993 23 5 12.9 3.43074335968 4.56865416021 3 3 3.0 0.0 6.06378520869 0.485271317829 0.274996107615 5.86414925585 1.0 0.222222222222 0.490702052668 0.14686905197 4.5611971637 0.0 1.0 0.546511627907 0.453488372093 13 2 7.05 2.76179289593 4.52542032121 0
UNSAT/uuf100-0196 100 430 4.3 38 12 23.12 5.86733329546 21 6 12.9 3.54823899984 4.5667217943 3 3 3.0 0.0 6.06378520869 0.527131782946 0.292300490845 5.86963005686 0.777777777778 0.2 0.520678819761 0.135641788078 4.56900476172 0.0 1.0 0.476744186047 0.523255813953 12 1 6.15 2.11837201643 4.54420882851 0
UNSAT/uuf100-0198 100 430 4.3 37 10 22.72 5.46091567413 21 5 12.9 3.43074335968 4.5682466552 3 3 3.0 0.0 6.06378520869 0.492248062016 0.285419787788 5.84427265377 0.785714285714 0.2 0.489839592382 0.136303583928 4.56517597385 0.0 1.0 0.504651162791 0.495348837209 13 2 6.51 2.5199007917 4.52829277357 0
UNSAT/uuf100-0199 100 430 4.3 34 8 22.8 5.44058820349 20 4 12.9 3.40147027034 4.56889798087 3 3 3.0 0.0 6.06378520869 0.489147286822 0.281672829641 5.85166658479 0.857142857143 0.142857142857 0.485008374065 0.143105217306 4.56008689848 0.0 1.0 0.523255813953 0.476744186047 11 1 6.75 2.01183995387 4.5572691915 0
UNSAT/uuf100-019 100 430 4.3 37 7 22.6 5.85491246732 24 5 12.9 3.59583091927 4.56590510896 3 3 3.0 0.0 6.06378520869 0.518604651163 0.280346991121 5.88020735841 0.8 0.0 0.51608333982 0.135951738432 4.56419022097 0.0 1.0 0.483720930233 0.516279069767 14 1 6.24 2.37957979484 4.52939684097 0
UNSAT/uuf100-01 100 430 4.3 36 9 22.88 5.60763764878 21 5 12.9 3.51710107901 4.56699887589 3 3 3.0 0.0 6.06378520869 0.488372093023 0.295083198615 5.82380819962 0.777777777778 0.1 0.486909218104 0.132435106961 4.56530109792 0.0 1.0 0.509302325581 0.490697674419 12 1 6.57 2.23720808152 4.54269563264 0
UNSAT/uuf100-0200 100 430 4.3 36 14 22.82 5.08995088385 21 7 12.9 3.33916157141 4.5717838205 3 3 3.0 0.0 6.06378520869 0.498449612403 0.299651260555 5.82873687165 0.818181818182 0.0769230769231 0.49550599654 0.149003134931 4.55452211787 0.0 1.0 0.504651162791 0.495348837209 14 1 6.51 2.63626629914 4.52155295515 0
UNSAT/uuf100-0201 100 430 4.3 41 10 23.1 6.14735715572 23 5 12.9 3.58189893771 4.56664494079 3 3 3.0 0.0 6.06378520869 0.482170542636 0.282234425003 5.84512485867 0.888888888889 0.111111111111 0.486923333096 0.151454981258 4.55432646481 0.0 1.0 0.537209302326 0.462790697674 16 1 6.93 2.69538494468 4.52885055712 0
UNSAT/uuf100-0203 100 430 4.3 37 8 22.7 6.2040309477 22 4 12.9 3.80131556175 4.5598229334 3 3 3.0 0.0 6.06378520869 0.497674418605 0.27725074695 5.86351004377 0.846153846154 0.125 0.487564774235 0.145296411981 4.55801591526 0.0 1.0 0.5 0.5 14 1 6.45 2.44693686065 4.53253564284 0
UNSAT/uuf100-0202 100 430 4.3 34 8 22.52 5.43595437803 21 4 12.9 3.50856095857 4.56761482119 3 3 3.0 0.0 6.06378520869 0.480620155039 0.287574958941 5.83384825126 1.0 0.0 0.485165593823 0.152078791044 4.55206329362 0.0 1.0 0.537209302326 0.462790697674 16 2 6.93 2.66178511529 4.53459751211 0
UNSAT/uuf100-0204 100 430 4.3 37 10 22.92 5.63680760715 21 5 12.9 3.36600653594 4.57027213167 3 3 3.0 0.0 6.06378520869 0.491472868217 0.296934642776 5.82638664884 0.833333333333 0.181818181818 0.49362442133 0.126141977238 4.57158589194 0.0 1.0 0.513953488372 0.486046511628 14 2 6.63 2.74464934008 4.51915358935 0
UNSAT/uuf100-0205 100 430 4.3 34 11 22.9 5.44701753256 21 6 12.9 3.47131099154 4.56861624505 3 3 3.0 0.0 6.06378520869 0.493023255814 0.291707805695 5.83750859992 0.777777777778 0.133333333333 0.484201233708 0.146260080148 4.55544613389 0.0 1.0 0.513953488372 0.486046511628 13 2 6.63 2.40688595492 4.5382861572 0
UNSAT/uuf100-0206 100 430 4.3 38 12 22.86 5.42221357012 25 6 12.9 3.49428104193 4.56903021028 3 3 3.0 0.0 6.06378520869 0.478294573643 0.27264459653 5.85480252485 0.714285714286 0.153846153846 0.482376918558 0.13632740043 4.56257717232 0.0 1.0 0.53488372093 0.46511627907 15 1 6.9 2.71108834235 4.52598645521 0
UNSAT/uuf100-0207 100 430 4.3 36 11 22.88 4.99055107178 20 6 12.9 3.05122926048 4.57640517619 3 3 3.0 0.0 6.06378520869 0.494573643411 0.279989869931 5.8583698569 0.857142857143 0.166666666667 0.498279184309 0.141374722446 4.56292952849 0.0 1.0 0.511627906977 0.488372093023 13 2 6.6 2.26715680975 4.54440996181 0
UNSAT/uuf100-0208 100 430 4.3 37 11 23.04 5.46794294045 22 6 12.9 3.38673884438 4.57070385445 3 3 3.0 0.0 6.06378520869 0.520930232558 0.281103699204 5.87536975489 0.857142857143 0.111111111111 0.523444433319 0.14987423887 4.56220312642 0.0 1.0 0.460465116279 0.539534883721 13 2 5.94 2.33160888658 4.52870660095 0
UNSAT/uuf100-0209 100 430 4.3 36 10 22.64 6.35691749199 22 5 12.9 3.99874980463 4.55711691713 3 3 3.0 0.0 6.06378520869 0.494573643411 0.287278078156 5.84369232955 1.0 0.153846153846 0.493871155547 0.151609430345 4.556898581 0.0 1.0 0.502325581395 0.497674418605 13 1 6.48 2.6626302785 4.51788709657 0
UNSAT/uuf100-0210 100 430 4.3 37 10 22.84 5.60663892185 22 5 12.9 3.57631094845 4.56639333451 3 3 3.0 0.0 6.06378520869 0.46976744186 0.291996066793 5.80984699831 0.818181818182 0.166666666667 0.473187869793 0.145938953545 4.5572565341 0.0 1.0 0.537209302326 0.462790697674 15 3 6.93 2.26828128767 4.55196759589 0
UNSAT/uuf100-020 100 430 4.3 36 14 22.84 4.88409664114 22 7 12.9 3.09677251344 4.57698399325 3 3 3.0 0.0 6.06378520869 0.498449612403 0.277256165506 5.86652972456 0.777777777778 0.2 0.505891529566 0.13448205433 4.56871012704 0.0 1.0 0.506976744186 0.493023255814 15 1 6.54 2.64355820817 4.52267486886 0
UNSAT/uuf100-0211 100 430 4.3 33 6 22.72 5.91452449483 22 3 12.9 3.76961536499 4.55969822439 3 3 3.0 0.0 6.06378520869 0.491472868217 0.297803589545 5.81603243486 0.75 0.0 0.487216386211 0.149558458371 4.54675497096 0.0 1.0 0.483720930233 0.516279069767 14 0 6.24 2.67252689416 4.50673794423 0
UNSAT/uuf100-0214 100 430 4.3 38 8 22.72 5.99846647069 22 4 12.9 3.57071421427 4.5656918857 3 3 3.0 0.0 6.06378520869 0.486046511628 0.289678834736 5.83320529082 0.8125 0.142857142857 0.47938838651 0.146341601152 4.55655951658 0.0 1.0 0.520930232558 0.479069767442 15 1 6.72 2.50231892452 4.53276570832 0
UNSAT/uuf100-0212 100 430 4.3 40 6 22.74 6.36022012198 22 3 12.9 3.86393581727 4.55753036223 3 3 3.0 0.0 6.06378520869 0.501550387597 0.29267133619 5.84344797855 0.833333333333 0.125 0.502889144782 0.153518328417 4.55628573122 0.0 1.0 0.5 0.5 14 1 6.45 2.39321958875 4.5338458344 0
UNSAT/uuf100-0213 100 430 4.3 38 8 22.74 5.48929868016 22 4 12.9 3.50285597763 4.5672944327 3 3 3.0 0.0 6.06378520869 0.509302325581 0.276170338534 5.87735657125 0.888888888889 0.111111111111 0.505371159757 0.146658441872 4.56021353117 0.0 1.0 0.490697674419 0.509302325581 14 1 6.33 2.48618181153 4.52578975211 0
UNSAT/uuf100-0216 100 430 4.3 38 11 22.8 5.74108003776 23 6 12.9 3.54823899984 4.56792628583 3 3 3.0 0.0 6.06378520869 0.491472868217 0.291666602282 5.83678361056 0.833333333333 0.125 0.492663734536 0.142665754125 4.56058121171 0.0 1.0 0.518604651163 0.481395348837 17 1 6.69 2.71180751529 4.52452862555 0
UNSAT/uuf100-0215 100 430 4.3 38 9 22.4 5.98832196863 25 5 12.9 3.9127995093 4.56028482747 3 3 3.0 0.0 6.06378520869 0.493023255814 0.27903100506 5.85309761354 0.8125 0.142857142857 0.492610183014 0.129597490458 4.5700326431 0.0 1.0 0.495348837209 0.504651162791 13 2 6.39 2.70885584703 4.51678464038 0
UNSAT/uuf100-021 100 430 4.3 35 10 23.0 5.68154908454 20 5 12.9 3.55668384876 4.56613617292 3 3 3.0 0.0 6.06378520869 0.506201550388 0.299591092035 5.83666586715 0.8 0.0769230769231 0.508951422331 0.13884158705 4.56498616995 0.0 1.0 0.495348837209 0.504651162791 15 1 6.39 2.74916350914 4.51440626659 0
UNSAT/uuf100-0217 100 430 4.3 36 10 22.5 6.01248700622 22 5 12.9 3.81182371051 4.56166337715 3 3 3.0 0.0 6.06378520869 0.502325581395 0.2953030545 5.84006925279 0.818181818182 0.230769230769 0.509574623304 0.117446010832 4.5782653377 0.0 1.0 0.5 0.5 12 1 6.45 2.69211812519 4.51483944454 0
UNSAT/uuf100-0218 100 430 4.3 39 11 23.06 5.92253324178 22 6 12.9 3.51425667816 4.5681387787 3 3 3.0 0.0 6.06378520869 0.5 0.281881826908 5.85912564566 0.833333333333 0.0833333333333 0.504254839888 0.126190055396 4.57128110195 0.0 1.0 0.5 0.5 14 1 6.45 2.81558164506 4.50687593977 0
UNSAT/uuf100-0219 100 430 4.3 39 10 22.52 5.76971403104 25 5 12.9 3.76430604494 4.56338964495 3 3 3.0 0.0 6.06378520869 0.502325581395 0.291781957177 5.84729476394 1.0 0.0909090909091 0.507495006776 0.146572884475 4.56051652432 0.0 1.0 0.504651162791 0.495348837209 14 0 6.51 2.62104940816 4.51635040821 0
UNSAT/uuf100-0220 100 430 4.3 38 12 22.76 5.70108761553 21 6 12.9 3.5312887166 4.56720668861 3 3 3.0 0.0 6.06378520869 0.468992248062 0.29191476481 5.80664698918 0.75 0.166666666667 0.470765233391 0.137513559514 4.56026186706 0.0 1.0 0.53023255814 0.46976744186 14 2 6.84 2.7008146919 4.52479683811 0
UNSAT/uuf100-0221 100 430 4.3 35 9 22.42 5.7291884242 22 5 12.9 3.69729630947 4.56307177514 3 3 3.0 0.0 6.06378520869 0.510852713178 0.287124290424 5.86196491482 1.0 0.1 0.500509312024 0.162620107113 4.54921010639 0.0 1.0 0.490697674419 0.509302325581 15 0 6.33 2.24968886738 4.53682577191 0
UNSAT/uuf100-0222 100 430 4.3 35 8 22.8 5.62138772902 21 4 12.9 3.62077339805 4.56432969573 3 3 3.0 0.0 6.06378520869 0.504651162791 0.286390834968 5.85721253043 0.857142857143 0.0769230769231 0.509183475537 0.136613746039 4.56568265554 0.0 1.0 0.497674418605 0.502325581395 13 1 6.42 2.63886339169 4.5145535321 0
UNSAT/uuf100-0223 100 430 4.3 36 6 22.72 5.84479255406 21 3 12.9 3.52278299076 4.56499073511 3 3 3.0 0.0 6.06378520869 0.494573643411 0.288176144146 5.84151945437 0.785714285714 0.0833333333333 0.496169412502 0.1286880187 4.56881957628 0.0 1.0 0.5 0.5 13 1 6.45 2.58215026674 4.52361340245 0
UNSAT/uuf100-0226 100 430 4.3 38 10 23.22 5.62419772056 22 5 12.9 3.29089653438 4.57202895429 3 3 3.0 0.0 6.06378520869 0.499224806202 0.281880760989 5.85609901965 0.909090909091 0.2 0.500585730145 0.132458495559 4.56949084654 0.0 1.0 0.493023255814 0.506976744186 14 1 6.36 2.45568727651 4.53028103031 0
UNSAT/uuf100-0229 100 430 4.3 38 10 22.74 5.43437208884 21 5 12.9 3.38969025134 4.56945790399 3 3 3.0 0.0 6.06378520869 0.491472868217 0.282668442226 5.84912055077 0.888888888889 0.0 0.493271369712 0.151323290948 4.55211316207 0.0 1.0 0.509302325581 0.490697674419 13 1 6.57 2.5109958184 4.53092884179 0
UNSAT/uuf100-0224 100 430 4.3 39 10 22.74 5.91036377899 24 5 12.9 3.81444622455 4.56212746481 3 3 3.0 0.0 6.06378520869 0.504651162791 0.293520147995 5.84547955037 0.9 0.1 0.500390442933 0.143711235126 4.56018181343 0.0 1.0 0.497674418605 0.502325581395 13 1 6.42 2.52657871439 4.52034266613 0
UNSAT/uuf100-0225 100 430 4.3 35 6 22.64 4.99703912332 21 3 12.9 3.17017349683 4.57356559158 3 3 3.0 0.0 6.06378520869 0.512403100775 0.283438034081 5.86064686347 1.0 0.2 0.510737961986 0.125777374231 4.57493864942 0.0 1.0 0.458139534884 0.541860465116 11 1 5.91 1.89786722402 4.55043003035 0
UNSAT/uuf100-0227 100 430 4.3 36 8 22.68 5.7199300695 20 4 12.9 3.42198772645 4.56855225312 3 3 3.0 0.0 6.06378520869 0.490697674419 0.289865475472 5.83534952198 0.8 0.125 0.488315336323 0.138132136177 4.56313927287 0.0 1.0 0.506976744186 0.493023255814 13 2 6.54 2.6321854038 4.52013667226 0
UNSAT/uuf100-0228 100 430 4.3 33 8 22.64 5.31134634533 21 4 12.9 3.30605505096 4.57040637356 3 3 3.0 0.0 6.06378520869 0.475968992248 0.281774148696 5.83836649271 0.857142857143 0.133333333333 0.474921984405 0.142287149278 4.55899999785 0.0 1.0 0.541860465116 0.458139534884 13 1 6.99 2.37695182955 4.54219896637 0
UNSAT/uuf100-022 100 430 4.3 37 6 22.18 5.7868471554 25 4 12.9 3.69459064038 4.56437943956 3 3 3.0 0.0 6.06378520869 0.495348837209 0.28729167447 5.83729781279 0.818181818182 0.111111111111 0.492691626348 0.143104630695 4.56135169352 0.0 1.0 0.476744186047 0.523255813953 12 1 6.15 2.14650879337 4.5404013487 0
UNSAT/uuf100-0230 100 430 4.3 37 6 22.52 6.24576656624 23 4 12.9 3.96358423652 4.55736370017 3 3 3.0 0.0 6.06378520869 0.516279069767 0.295738212071 5.85671238475 0.9 0.217391304348 0.519585148952 0.128772129248 4.57344685503 0.0 1.0 0.497674418605 0.502325581395 15 0 6.42 2.76832079066 4.50722165597 0
UNSAT/uuf100-0231 100 430 4.3 42 10 22.84 5.73013088856 23 5 12.9 3.64554522671 4.56502680029 3 3 3.0 0.0 6.06378520869 0.51007751938 0.289839560335 5.85527709076 0.857142857143 0.235294117647 0.518102965714 0.133495373641 4.57213365757 0.0 1.0 0.486046511628 0.513953488372 13 0 6.27 2.64142007261 4.51037720059 0
UNSAT/uuf100-0232 100 430 4.3 35 8 22.44 5.36343173724 21 4 12.9 3.41320963318 4.56920501648 3 3 3.0 0.0 6.06378520869 0.494573643411 0.288176144146 5.84151945437 0.833333333333 0.0 0.487959878787 0.140208734363 4.55633781129 0.0 1.0 0.5 0.5 13 2 6.45 2.4015619917 4.53421416338 0
UNSAT/uuf100-0234 100 430 4.3 36 12 22.66 5.12488048641 22 6 12.9 3.26343377442 4.5738178133 3 3 3.0 0.0 6.06378520869 0.499224806202 0.28552398652 5.8515088973 0.833333333333 0.1 0.498925800893 0.123259401245 4.57249493501 0.0 1.0 0.497674418605 0.502325581395 12 2 6.42 2.14093437545 4.55061043722 0
UNSAT/uuf100-0233 100 430 4.3 38 10 22.68 6.09570340486 22 6 12.9 3.81444622455 4.56131974017 3 3 3.0 0.0 6.06378520869 0.513953488372 0.279694606262 5.87106145105 0.888888888889 0.166666666667 0.516740566967 0.126285618013 4.57414890668 0.0 1.0 0.467441860465 0.532558139535 14 0 6.03 2.5669242295 4.50911843669 0
UNSAT/uuf100-0235 100 430 4.3 38 8 22.54 5.70862505337 20 4 12.9 3.53977400409 4.56538993517 3 3 3.0 0.0 6.06378520869 0.492248062016 0.29695589153 5.82948310334 0.875 0.142857142857 0.494412176789 0.137831727123 4.56551827548 0.0 1.0 0.520930232558 0.479069767442 15 0 6.72 2.51825336295 4.52980194271 0
UNSAT/uuf100-0236 100 430 4.3 38 8 22.62 5.76503252376 24 4 12.9 3.55105618091 4.56669190088 3 3 3.0 0.0 6.06378520869 0.481395348837 0.283098610077 5.83978974856 0.833333333333 0.222222222222 0.484945131064 0.141903257108 4.56253822556 0.0 1.0 0.527906976744 0.472093023256 16 1 6.81 2.61417290935 4.52759621895 0
UNSAT/uuf100-0237 100 430 4.3 37 11 22.44 5.40244389143 22 6 12.9 3.31813200461 4.57164355 3 3 3.0 0.0 6.06378520869 0.505426356589 0.277207394683 5.86692311028 0.75 0.125 0.502376468389 0.1275632497 4.56992645885 0.0 1.0 0.476744186047 0.523255813953 11 2 6.15 2.24666419387 4.53642524311 0
UNSAT/uuf100-0238 100 430 4.3 35 10 23.0 5.55157635271 21 5 12.9 3.32716095192 4.57084279165 3 3 3.0 0.0 6.06378520869 0.48992248062 0.299485768037 5.81632248189 1.0 0.166666666667 0.49100815026 0.141597040418 4.56344378304 0.0 1.0 0.502325581395 0.497674418605 12 0 6.48 2.09035882087 4.54712118896 0
UNSAT/uuf100-0239 100 430 4.3 36 8 22.72 5.9314079273 24 4 12.9 3.65923489271 4.56421918611 3 3 3.0 0.0 6.06378520869 0.485271317829 0.286951573365 5.83536039531 0.8 0.166666666667 0.489514766322 0.134203722952 4.56643929576 0.0 1.0 0.516279069767 0.483720930233 14 1 6.66 2.36313351294 4.54083005172 0
UNSAT/uuf100-023 100 430 4.3 38 9 22.64 5.11179029304 22 6 12.9 3.28785644455 4.57267502333 3 3 3.0 0.0 6.06378520869 0.517054263566 0.281365449967 5.87353418723 0.888888888889 0.111111111111 0.515379367107 0.141908022345 4.56458529331 0.0 1.0 0.472093023256 0.527906976744 13 0 6.09 2.54988235023 4.51118523984 0
UNSAT/uuf100-0241 100 430 4.3 38 14 23.02 5.13610747551 23 7 12.9 3.17017349683 4.57537770278 3 3 3.0 0.0 6.06378520869 0.500775193798 0.29879070411 5.82137193773 0.888888888889 0.2 0.500127154943 0.142497689461 4.56354692011 0.0 1.0 0.462790697674 0.537209302326 12 1 5.97 2.42674679355 4.51812717336 0
UNSAT/uuf100-0242 100 430 4.3 38 10 22.86 5.08137776592 23 5 12.9 3.20780298647 4.57394774937 3 3 3.0 0.0 6.06378520869 0.52480620155 0.297760202433 5.8485252988 0.928571428571 0.111111111111 0.524181351237 0.139977051357 4.5664072969 0.0 1.0 0.441860465116 0.558139534884 14 2 5.7 2.17944947177 4.53216708669 0
UNSAT/uuf100-0240 100 430 4.3 35 10 23.04 5.86330964558 20 6 12.9 3.6235341864 4.56427726189 3 3 3.0 0.0 6.06378520869 0.493023255814 0.300435355043 5.82521045512 0.833333333333 0.166666666667 0.49774400041 0.1338991717 4.56779497313 0.0 1.0 0.523255813953 0.476744186047 14 1 6.75 2.38903746308 4.53945319657 0
UNSAT/uuf100-0243 100 430 4.3 39 8 22.62 5.47682389711 25 4 12.9 3.60693775937 4.56561416008 3 3 3.0 0.0 6.06378520869 0.504651162791 0.289084932072 5.85745269633 0.8 0.0833333333333 0.498451642991 0.138844111455 4.56328734609 0.0 1.0 0.513953488372 0.486046511628 15 2 6.63 2.55207758503 4.53119899624 0
UNSAT/uuf100-0244 100 430 4.3 35 12 22.76 5.44080876341 23 6 12.9 3.35111921602 4.57124243414 3 3 3.0 0.0 6.06378520869 0.493023255814 0.297843943976 5.8195366613 0.777777777778 0.166666666667 0.495017292514 0.139792882464 4.56340022689 0.0 1.0 0.488372093023 0.511627906977 16 1 6.3 2.5436194684 4.52357207122 0
UNSAT/uuf100-0245 100 430 4.3 33 10 22.6 5.05568986391 20 5 12.9 3.28785644455 4.57222929857 3 3 3.0 0.0 6.06378520869 0.512403100775 0.287061496244 5.86139746268 1.0 0.0833333333333 0.51825356227 0.167497794891 4.54972413886 0.0 1.0 0.481395348837 0.518604651163 13 1 6.21 2.53493589663 4.51820615205 0
UNSAT/uuf100-0246 100 430 4.3 36 8 22.64 5.83698552337 20 4 12.9 3.60693775937 4.56426984262 3 3 3.0 0.0 6.06378520869 0.496899224806 0.290887793128 5.84016043914 0.857142857143 0.1 0.495681229933 0.149776902415 4.55679553358 0.0 1.0 0.5 0.5 12 0 6.45 2.51942453747 4.52107328149 0
UNSAT/uuf100-0249 100 430 4.3 39 8 23.02 5.84462145909 21 4 12.9 3.42198772645 4.56860691433 3 3 3.0 0.0 6.06378520869 0.5 0.287329322442 5.85158210876 0.833333333333 0.266666666667 0.498265925466 0.118708028368 4.57704307417 0.0 1.0 0.504651162791 0.495348837209 13 2 6.51 2.42278765062 4.53681294165 0
UNSAT/uuf100-0248 100 430 4.3 37 9 22.52 5.39533131513 21 5 12.9 3.34813380856 4.5711570308 3 3 3.0 0.0 6.06378520869 0.505426356589 0.298742431607 5.84104398982 0.923076923077 0.0 0.501431441924 0.155407655647 4.55142978302 0.0 1.0 0.509302325581 0.490697674419 13 1 6.57 2.30328026953 4.54222980706 0
UNSAT/uuf100-0247 100 430 4.3 34 11 22.34 5.42995395929 22 6 12.9 3.57631094845 4.5671833615 3 3 3.0 0.0 6.06378520869 0.482170542636 0.296521507663 5.81778975823 0.8 0.166666666667 0.481879970692 0.145292578828 4.55800123924 0.0 1.0 0.527906976744 0.472093023256 14 2 6.81 2.47667115298 4.5369278141 0
UNSAT/uuf100-0250 100 430 4.3 40 8 22.86 5.92455905532 25 4 12.9 3.73764631821 4.56211452144 3 3 3.0 0.0 6.06378520869 0.503875968992 0.279091299772 5.87125872757 0.833333333333 0.214285714286 0.501838107524 0.134962690663 4.56836023065 0.0 1.0 0.509302325581 0.490697674419 17 1 6.57 2.66178511529 4.5244277559 0
UNSAT/uuf100-024 100 430 4.3 35 10 23.12 4.51946899536 21 5 12.9 2.81602556807 4.58070546196 3 3 3.0 0.0 6.06378520869 0.473643410853 0.298493905905 5.80702305872 0.733333333333 0.0833333333333 0.472651949057 0.141086903198 4.55677646275 0.0 1.0 0.546511627907 0.453488372093 12 1 7.05 2.22429764195 4.55087270661 0
UNSAT/uuf100-0252 100 430 4.3 34 11 22.44 5.48145965962 21 6 12.9 3.46554469023 4.56854221023 3 3 3.0 0.0 6.06378520869 0.495348837209 0.255894983643 5.8967348988 0.857142857143 0.214285714286 0.499443773676 0.123356663425 4.57432585037 0.0 1.0 0.511627906977 0.488372093023 15 1 6.6 2.53377189186 4.53053488468 0
UNSAT/uuf100-0251 100 430 4.3 35 8 22.52 5.92870980906 23 4 12.9 3.77226722277 4.55946401863 3 3 3.0 0.0 6.06378520869 0.518604651163 0.292083518336 5.8687495526 0.888888888889 0.2 0.525686715324 0.13859051562 4.56953482038 0.0 1.0 0.509302325581 0.490697674419 14 0 6.57 2.89224826044 4.5002612637 0
UNSAT/uuf100-0256 100 430 4.3 37 8 22.82 5.53602745658 22 4 12.9 3.30605505096 4.5709839311 3 3 3.0 0.0 6.06378520869 0.484496124031 0.287809946372 5.83003354209 0.9 0.153846153846 0.484171418451 0.137094504714 4.56359000175 0.0 1.0 0.506976744186 0.493023255814 11 1 6.54 2.23347263247 4.54444768714 0
UNSAT/uuf100-0253 100 430 4.3 34 13 22.56 4.70174435715 20 7 12.9 3.04466746953 4.57691957241 3 3 3.0 0.0 6.06378520869 0.496899224806 0.288210549067 5.84664855627 0.9 0.153846153846 0.49275601716 0.138818616598 4.56373509153 0.0 1.0 0.506976744186 0.493023255814 12 2 6.54 2.18824130296 4.54477434026 0
UNSAT/uuf100-0254 100 430 4.3 36 6 22.7 5.59732078766 24 3 12.9 3.66742416418 4.56465159065 3 3 3.0 0.0 6.06378520869 0.496124031008 0.293531407959 5.84408183357 0.833333333333 0.0714285714286 0.505313953547 0.157082006058 4.55193625436 0.0 1.0 0.532558139535 0.467441860465 15 0 6.87 2.9484063492 4.5081595124 0
UNSAT/uuf100-0255 100 430 4.3 35 6 22.78 6.1442330685 21 3 12.9 3.7509998667 4.55947869295 3 3 3.0 0.0 6.06378520869 0.487596899225 0.294174556261 5.82838302253 1.0 0.166666666667 0.486831171623 0.140378172652 4.56345464533 0.0 1.0 0.523255813953 0.476744186047 13 1 6.75 2.29074223779 4.54346414452 0
UNSAT/uuf100-0258 100 430 4.3 35 9 22.98 5.81890023974 21 5 12.9 3.47131099154 4.56777419006 3 3 3.0 0.0 6.06378520869 0.513178294574 0.298500951992 5.84628025321 0.8 0.125 0.509601550539 0.138201747592 4.56646811657 0.0 1.0 0.490697674419 0.509302325581 13 1 6.33 2.4700404855 4.52215473838 0
UNSAT/uuf100-0257 100 430 4.3 42 7 22.62 5.82199278598 24 4 12.9 3.62904946232 4.56440035818 3 3 3.0 0.0 6.06378520869 0.509302325581 0.285373465029 5.86413790107 0.8 0.222222222222 0.504269644657 0.138483238965 4.56638932599 0.0 1.0 0.495348837209 0.504651162791 12 1 6.39 2.33621488738 4.53471091704 0
UNSAT/uuf100-0259 100 430 4.3 36 11 22.78 5.55442166206 21 6 12.9 3.55668384876 4.56788226681 3 3 3.0 0.0 6.06378520869 0.509302325581 0.298646869274 5.84168266226 0.777777777778 0.166666666667 0.508942594471 0.140768370987 4.56496771128 0.0 1.0 0.493023255814 0.506976744186 14 1 6.36 2.59815319025 4.5194380262 0
UNSAT/uuf100-025 100 430 4.3 34 8 22.6 5.15751878329 21 4 12.9 3.3331666625 4.57041271738 3 3 3.0 0.0 6.06378520869 0.513953488372 0.282452580744 5.86739208356 0.846153846154 0.181818181818 0.518126632483 0.146486054543 4.56366151881 0.0 1.0 0.46976744186 0.53023255814 12 0 6.06 2.55272403522 4.50451773908 0
UNSAT/uuf100-0262 100 430 4.3 40 8 22.92 5.31164757867 26 4 12.9 3.42490875791 4.57001647477 3 3 3.0 0.0 6.06378520869 0.491472868217 0.288996573145 5.84062081979 1.0 0.166666666667 0.496891883443 0.146408689555 4.56184536469 0.0 1.0 0.516279069767 0.483720930233 13 1 6.66 2.32473654421 4.54136981225 0
UNSAT/uuf100-0263 100 430 4.3 39 10 22.48 5.94555295999 23 5 12.9 3.75366487582 4.56310796389 3 3 3.0 0.0 6.06378520869 0.499224806202 0.302230157869 5.82132997941 0.8 0.0909090909091 0.501731627369 0.141495177828 4.5637690697 0.0 1.0 0.490697674419 0.509302325581 14 1 6.33 2.65350711324 4.51669398012 0
UNSAT/uuf100-0260 100 430 4.3 35 9 22.6 5.79309934318 22 5 12.9 3.7775653535 4.56096623124 3 3 3.0 0.0 6.06378520869 0.497674418605 0.288217846553 5.84163092589 0.833333333333 0.142857142857 0.495113826447 0.147455986484 4.55914868017 0.0 1.0 0.486046511628 0.513953488372 12 1 6.27 2.3910457963 4.52916195597 0
UNSAT/uuf100-0264 100 430 4.3 40 9 23.02 5.88724044014 22 5 12.9 3.60970912956 4.56493371246 3 3 3.0 0.0 6.06378520869 0.502325581395 0.291781957177 5.84463104105 0.857142857143 0.166666666667 0.493355965199 0.153038732755 4.5553859406 0.0 1.0 0.495348837209 0.504651162791 13 1 6.39 2.55301782211 4.52375922427 0
UNSAT/uuf100-0267 100 430 4.3 38 6 22.88 5.90301617819 22 3 12.9 3.47994252826 4.56686576765 3 3 3.0 0.0 6.06378520869 0.531007751938 0.296307626028 5.8640005678 0.846153846154 0.1 0.531017220224 0.138677981637 4.56881807815 0.0 1.0 0.462790697674 0.537209302326 11 1 5.97 2.09501789968 4.54054648599 0
UNSAT/uuf100-0265 100 430 4.3 38 9 22.82 5.62739726694 21 5 12.9 3.40147027034 4.56933753173 3 3 3.0 0.0 6.06378520869 0.503875968992 0.289988799777 5.84832112773 0.818181818182 0.166666666667 0.50164819782 0.140587923358 4.56448079426 0.0 1.0 0.490697674419 0.509302325581 12 0 6.33 2.40439181499 4.52629707612 0
UNSAT/uuf100-0261 100 430 4.3 40 8 22.72 6.19528853243 23 4 12.9 3.9382737335 4.55696627132 3 3 3.0 0.0 6.06378520869 0.501550387597 0.298787687307 5.83511903042 0.8 0.133333333333 0.497534508474 0.135729109077 4.56583742131 0.0 1.0 0.506976744186 0.493023255814 13 1 6.54 2.53542895779 4.52338481181 0
UNSAT/uuf100-0266 100 430 4.3 37 13 22.7 5.33385414124 22 7 12.9 3.30907842155 4.57201763207 3 3 3.0 0.0 6.06378520869 0.490697674419 0.288972659615 5.84299324905 0.714285714286 0.0909090909091 0.489120980928 0.121991886204 4.57036922961 0.0 1.0 0.527906976744 0.472093023256 12 1 6.81 2.39037653938 4.54006411441 0
UNSAT/uuf100-0271 100 430 4.3 38 6 22.9 6.1554853586 21 3 12.9 3.64005494464 4.56479639283 3 3 3.0 0.0 6.06378520869 0.496899224806 0.286411816904 5.84424193792 0.888888888889 0.222222222222 0.499679700417 0.135346052574 4.56835492843 0.0 1.0 0.488372093023 0.511627906977 14 1 6.3 2.36431808351 4.53325510112 0
UNSAT/uuf100-0268 100 430 4.3 35 11 23.04 5.3905843839 20 6 12.9 3.16701752442 4.57430720464 3 3 3.0 0.0 6.06378520869 0.511627906977 0.297698642425 5.84366631081 0.9 0.111111111111 0.507502262486 0.146914662614 4.5598390155 0.0 1.0 0.483720930233 0.516279069767 12 1 6.24 2.18686990925 4.53858779523 0
UNSAT/uuf100-0269 100 430 4.3 37 9 22.68 5.58010752585 24 5 12.9 3.72155881319 4.56327850384 3 3 3.0 0.0 6.06378520869 0.521705426357 0.283789757399 5.87469017047 1.0 0.166666666667 0.527326656138 0.135159579259 4.57184454058 0.0 1.0 0.46976744186 0.53023255814 13 1 6.06 2.45690862671 4.52146777111 0
UNSAT/uuf100-026 100 430 4.3 38 10 22.8 6.02660766933 23 5 12.9 3.80657326213 4.56154484043 3 3 3.0 0.0 6.06378520869 0.513178294574 0.294140848935 5.85153597365 0.846153846154 0.0769230769231 0.517294653965 0.146462201554 4.5631122896 0.0 1.0 0.483720930233 0.516279069767 13 1 6.24 2.26768604529 4.53727794787 0
UNSAT/uuf100-0272 100 430 4.3 36 12 22.62 5.79962067725 22 6 12.9 3.68917334914 4.56440833966 3 3 3.0 0.0 6.06378520869 0.505426356589 0.279989869931 5.86451552679 0.769230769231 0.142857142857 0.500514972987 0.12530698063 4.57133236006 0.0 1.0 0.483720930233 0.516279069767 15 2 6.24 2.49847953764 4.52540930713 0
UNSAT/uuf100-0270 100 430 4.3 42 10 22.82 5.81786902568 23 5 12.9 3.56230262611 4.56684749345 3 3 3.0 0.0 6.06378520869 0.522480620155 0.300535347509 5.84494719426 0.9 0.125 0.523608826336 0.149901838988 4.56271546413 0.0 1.0 0.455813953488 0.544186046512 13 0 5.88 2.55452539623 4.50526860931 0
UNSAT/uuf100-0273 100 430 4.3 36 9 22.66 5.21578373785 21 5 12.9 3.35410196625 4.57034838213 3 3 3.0 0.0 6.06378520869 0.509302325581 0.296911368586 5.83802103581 0.882352941176 0.166666666667 0.50389720174 0.139993014149 4.56525128071 0.0 1.0 0.46976744186 0.53023255814 12 1 6.06 2.3444402317 4.52747387775 0
UNSAT/uuf100-0274 100 430 4.3 37 10 22.66 5.32394590506 22 5 12.9 3.31209903234 4.57150094001 3 3 3.0 0.0 6.06378520869 0.500775193798 0.29879070411 5.83873974086 0.785714285714 0.222222222222 0.503355609818 0.132397877425 4.56896810519 0.0 1.0 0.523255813953 0.476744186047 15 2 6.75 2.46322958735 4.53630613627 0
UNSAT/uuf100-0275 100 430 4.3 38 10 22.6 5.19037570894 25 6 12.9 3.34813380856 4.57098925111 3 3 3.0 0.0 6.06378520869 0.487596899225 0.283438034081 5.84522596182 0.75 0.166666666667 0.48613773734 0.121345402564 4.57319628314 0.0 1.0 0.518604651163 0.481395348837 12 1 6.69 2.17575274331 4.54898058935 0
UNSAT/uuf100-0279 100 430 4.3 36 9 22.88 5.48503418403 22 5 12.9 3.50285597763 4.56769229752 3 3 3.0 0.0 6.06378520869 0.473643410853 0.287918497972 5.82153716081 0.785714285714 0.2 0.474470672302 0.123379200318 4.56968136607 0.0 1.0 0.532558139535 0.467441860465 13 3 6.87 2.50461573899 4.53816756436 0
UNSAT/uuf100-0276 100 430 4.3 41 9 22.46 6.19260849723 24 5 12.9 3.85616389693 4.55937253931 3 3 3.0 0.0 6.06378520869 0.47984496124 0.291980631449 5.82231312721 0.8125 0.111111111111 0.476461188966 0.146210939478 4.55461531397 0.0 1.0 0.527906976744 0.472093023256 14 2 6.81 2.59882665832 4.53112581458 0
UNSAT/uuf100-0278 100 430 4.3 38 12 22.82 4.94849472062 23 6 12.9 3.23882694814 4.57358435013 3 3 3.0 0.0 6.06378520869 0.496899224806 0.282780030059 5.85962479054 0.777777777778 0.166666666667 0.494976223988 0.135483081587 4.56637893589 0.0 1.0 0.520930232558 0.479069767442 13 1 6.72 2.3667699508 4.54098574995 0
UNSAT/uuf100-0277 100 430 4.3 40 8 22.76 5.91459212457 24 4 12.9 3.63730669589 4.56631377942 3 3 3.0 0.0 6.06378520869 0.474418604651 0.281637626071 5.83350285558 0.909090909091 0.166666666667 0.478525287449 0.130049172427 4.56737881109 0.0 1.0 0.532558139535 0.467441860465 16 1 6.87 2.69315799759 4.52901739186 0
UNSAT/uuf100-027 100 430 4.3 40 9 22.38 5.19572901526 26 5 12.9 3.57910603363 4.56702962934 3 3 3.0 0.0 6.06378520869 0.518604651163 0.290308783802 5.86515360554 0.888888888889 0.222222222222 0.519476855446 0.134911605588 4.57136483672 0.0 1.0 0.486046511628 0.513953488372 13 1 6.27 2.52924890037 4.51846854612 0
UNSAT/uuf100-0280 100 430 4.3 34 8 22.52 6.14569768212 22 4 12.9 4.0533936399 4.55356311675 3 3 3.0 0.0 6.06378520869 0.497674418605 0.286419160219 5.85535976116 0.894736842105 0.142857142857 0.493222463166 0.137286011281 4.56494325403 0.0 1.0 0.523255813953 0.476744186047 15 1 6.75 2.8857408061 4.51054907428 0
UNSAT/uuf100-0281 100 430 4.3 40 10 22.66 6.16639278671 23 6 12.9 3.9 4.55901505658 3 3 3.0 0.0 6.06378520869 0.48992248062 0.271424120929 5.8652029853 0.8 0.166666666667 0.497019186875 0.133593532148 4.56679643906 0.0 1.0 0.509302325581 0.490697674419 15 2 6.57 2.80091056623 4.51580343766 0
UNSAT/uuf100-0282 100 430 4.3 36 13 22.96 4.97176025166 20 7 12.9 3.00166620396 4.57797941171 3 3 3.0 0.0 6.06378520869 0.499224806202 0.28912130731 5.84691877495 0.75 0.230769230769 0.502257220592 0.131112843917 4.56966372195 0.0 1.0 0.502325581395 0.497674418605 13 0 6.48 2.45959346234 4.52586984678 0
UNSAT/uuf100-0284 100 430 4.3 35 10 23.14 5.83098619446 21 5 12.9 3.60970912956 4.56530192216 3 3 3.0 0.0 6.06378520869 0.494573643411 0.289071420103 5.83393563113 0.888888888889 0.1 0.494472957813 0.146534825432 4.55988018899 0.0 1.0 0.479069767442 0.520930232558 13 0 6.18 2.57441255435 4.5136437694 0
UNSAT/uuf100-0285 100 430 4.3 37 6 23.02 5.77750811337 21 3 12.9 3.50856095857 4.56634356438 3 3 3.0 0.0 6.06378520869 0.503100775194 0.285508201278 5.85065026063 0.888888888889 0.166666666667 0.49948090695 0.133084919573 4.56901019505 0.0 1.0 0.476744186047 0.523255813953 14 1 6.15 2.4672859583 4.5254055707 0
UNSAT/uuf100-0283 100 430 4.3 39 8 22.62 6.07911177723 24 4 12.9 3.8275318418 4.56024489407 3 3 3.0 0.0 6.06378520869 0.516279069767 0.297480557029 5.84736587786 0.818181818182 0.1 0.50695321994 0.138951457561 4.56473524481 0.0 1.0 0.474418604651 0.525581395349 14 1 6.12 2.43836010466 4.52521974056 0
UNSAT/uuf100-0287 100 430 4.3 39 8 22.82 5.59889274768 24 5 12.9 3.53411940941 4.56785326035 3 3 3.0 0.0 6.06378520869 0.484496124031 0.289599994754 5.83112089593 0.8125 0.125 0.491277586492 0.143340118524 4.5613198467 0.0 1.0 0.520930232558 0.479069767442 17 3 6.72 2.60415053328 4.5321627961 0
UNSAT/uuf100-0286 100 430 4.3 38 11 22.6 5.23259018078 25 6 12.9 3.39263909074 4.56995526742 3 3 3.0 0.0 6.06378520869 0.5 0.271611137141 5.86671120126 0.857142857143 0.1 0.500955342636 0.137245289397 4.56489146216 0.0 1.0 0.46976744186 0.53023255814 12 1 6.06 2.20825723139 4.53645578133 0
UNSAT/uuf100-0288 100 430 4.3 33 10 22.52 5.22203025652 23 5 12.9 3.36897610558 4.57069211804 3 3 3.0 0.0 6.06378520869 0.492248062016 0.28901840551 5.83825834667 0.8 0.25 0.492675876406 0.119757197252 4.57526685751 0.0 1.0 0.504651162791 0.495348837209 13 2 6.51 2.2956262762 4.54042071324 0
UNSAT/uuf100-0289 100 430 4.3 37 4 22.68 5.70592674331 22 2 12.9 3.54259791678 4.56555762742 3 3 3.0 0.0 6.06378520869 0.519379844961 0.28577222622 5.86686290612 0.833333333333 0.0 0.514103058663 0.139468318241 4.56286158377 0.0 1.0 0.462790697674 0.537209302326 13 0 5.97 2.28234528501 4.52407670734 0
UNSAT/uuf100-028 100 430 4.3 40 10 22.2 6.46374504448 28 5 12.9 4.1701318924 4.55331175819 3 3 3.0 0.0 6.06378520869 0.491472868217 0.294312409666 5.82614004316 0.833333333333 0.181818181818 0.492682145598 0.127091990642 4.57105325754 0.0 1.0 0.497674418605 0.502325581395 16 0 6.42 2.77913655656 4.50829911845 0
UNSAT/uuf100-0290 100 430 4.3 37 8 22.96 6.08098676203 21 5 12.9 3.55949434611 4.56601523647 3 3 3.0 0.0 6.06378520869 0.548837209302 0.294773494018 5.87774444843 0.9 0.272727272727 0.547849867754 0.134475790874 4.57498674504 0.0 1.0 0.43023255814 0.56976744186 11 0 5.55 2.24666419387 4.5132585941 0
UNSAT/uuf100-0292 100 430 4.3 42 9 22.88 5.86392360114 23 5 12.9 3.60416425819 4.56525155737 3 3 3.0 0.0 6.06378520869 0.491472868217 0.295189075592 5.8280372739 0.909090909091 0.0909090909091 0.488580137979 0.135706244373 4.56453622475 0.0 1.0 0.509302325581 0.490697674419 12 0 6.57 2.38853511592 4.53178487298 0
UNSAT/uuf100-0293 100 430 4.3 35 10 22.6 6.31347764707 22 5 12.9 4.03856410126 4.55426596664 3 3 3.0 0.0 6.06378520869 0.517829457364 0.283148488469 5.87750035389 0.909090909091 0.125 0.512374553852 0.160621202882 4.55281201394 0.0 1.0 0.493023255814 0.506976744186 12 1 6.36 2.30008695488 4.52996311588 0
UNSAT/uuf100-0294 100 430 4.3 36 9 22.62 5.61209408332 20 5 12.9 3.51140997322 4.56696976774 3 3 3.0 0.0 6.06378520869 0.52015503876 0.292864277451 5.85714568189 1.0 0.166666666667 0.518712817154 0.152156166005 4.56079507838 0.0 1.0 0.46511627907 0.53488372093 11 1 6.0 2.49399278267 4.51608447427 0
UNSAT/uuf100-0295 100 430 4.3 36 10 22.6 5.58032257132 22 5 12.9 3.45687720349 4.56847117659 3 3 3.0 0.0 6.06378520869 0.494573643411 0.304736954605 5.81782040729 0.8 0.222222222222 0.498683498089 0.131356213148 4.5696338351 0.0 1.0 0.516279069767 0.483720930233 13 1 6.66 2.32903413457 4.53936841785 0
UNSAT/uuf100-0291 100 430 4.3 36 7 22.4 6.02992537267 22 4 12.9 3.96610640301 4.55637839936 3 3 3.0 0.0 6.06378520869 0.529457364341 0.281258642343 5.88505652198 0.923076923077 0.166666666667 0.531583039595 0.144162856838 4.56722839238 0.0 1.0 0.460465116279 0.539534883721 12 1 5.94 2.47717581128 4.51547930309 0
UNSAT/uuf100-0296 100 430 4.3 43 10 23.02 5.87533828813 27 5 12.9 3.64280112002 4.5652639499 3 3 3.0 0.0 6.06378520869 0.492248062016 0.2916882348 5.83306805239 0.818181818182 0.153846153846 0.491683432838 0.137631800515 4.562936216 0.0 1.0 0.502325581395 0.497674418605 14 2 6.48 2.46365582012 4.53046396078 0
UNSAT/uuf100-0297 100 430 4.3 39 10 22.56 5.49421513958 22 5 12.9 3.35410196625 4.57133378618 3 3 3.0 0.0 6.06378520869 0.506976744186 0.300435355043 5.83362311734 0.833333333333 0.222222222222 0.507760873114 0.140110099858 4.56647085446 0.0 1.0 0.486046511628 0.513953488372 13 1 6.27 2.50141959695 4.52346216717 0
UNSAT/uuf100-029 100 430 4.3 42 11 22.52 5.88469200553 27 6 12.9 3.8535697736 4.56132305758 3 3 3.0 0.0 6.06378520869 0.495348837209 0.284580601276 5.84650747714 0.777777777778 0.166666666667 0.493890886519 0.140948618578 4.56281452995 0.0 1.0 0.493023255814 0.506976744186 15 1 6.36 2.63256528884 4.51889429577 0
UNSAT/uuf100-0298 100 430 4.3 37 12 22.98 5.64797308775 22 7 12.9 3.57910603363 4.56687468337 3 3 3.0 0.0 6.06378520869 0.513178294574 0.281573608304 5.86781642514 0.818181818182 0.153846153846 0.515244969513 0.136159639013 4.56896389425 0.0 1.0 0.46976744186 0.53023255814 12 0 6.06 2.5605468166 4.50511051206 0
UNSAT/uuf100-0299 100 430 4.3 37 9 22.7 5.56866231693 24 5 12.9 3.55105618091 4.56634108871 3 3 3.0 0.0 6.06378520869 0.484496124031 0.28691073414 5.83087073912 1.0 0.111111111111 0.486510810311 0.140888540419 4.56120813882 0.0 1.0 0.504651162791 0.495348837209 14 0 6.51 2.50397683695 4.52296510564 0
UNSAT/uuf100-0301 100 430 4.3 34 9 22.7 5.5452682532 20 5 12.9 3.410278581 4.56849632521 3 3 3.0 0.0 6.06378520869 0.483720930233 0.288663685201 5.83022452728 0.916666666667 0.0 0.483365812894 0.149651427798 4.5516395776 0.0 1.0 0.516279069767 0.483720930233 15 1 6.66 2.61235525915 4.52565863876 0
UNSAT/uuf100-0300 100 430 4.3 35 9 22.7 6.10327780787 22 5 12.9 3.82491829978 4.56001224778 3 3 3.0 0.0 6.06378520869 0.501550387597 0.27160671221 5.88205756212 0.888888888889 0.111111111111 0.502753464372 0.150930116763 4.55747663366 0.0 1.0 0.516279069767 0.483720930233 12 1 6.66 2.46260025177 4.52876599496 0
UNSAT/uuf100-02 100 430 4.3 35 10 22.9 5.35630469634 22 6 12.9 3.26649659421 4.57224261553 3 3 3.0 0.0 6.06378520869 0.502325581395 0.289112993373 5.84705348616 1.0 0.222222222222 0.506257367117 0.13686969293 4.56907803707 0.0 1.0 0.488372093023 0.511627906977 12 0 6.3 2.51197133742 4.52029483213 0
UNSAT/uuf100-0302 100 430 4.3 40 9 22.6 5.47357287336 24 5 12.9 3.42490875791 4.56918712817 3 3 3.0 0.0 6.06378520869 0.481395348837 0.295601023588 5.81965488331 0.833333333333 0.181818181818 0.49273422179 0.141458278336 4.56306634065 0.0 1.0 0.532558139535 0.467441860465 14 1 6.87 2.4521623111 4.53723581007 0
UNSAT/uuf100-0303 100 430 4.3 40 9 22.76 5.90274512409 24 6 12.9 3.60416425819 4.56668289505 3 3 3.0 0.0 6.06378520869 0.489147286822 0.298594548518 5.82496914505 0.75 0.142857142857 0.482350979945 0.123974368272 4.57031385707 0.0 1.0 0.53023255814 0.46976744186 15 1 6.84 2.41958674157 4.54177221382 0
UNSAT/uuf100-0304 100 430 4.3 35 10 22.82 5.20841626601 23 5 12.9 3.33616546352 4.57127796253 3 3 3.0 0.0 6.06378520869 0.462790697674 0.282175866719 5.81988407948 0.777777777778 0.0 0.458330686336 0.155008466778 4.54022447882 0.0 1.0 0.548837209302 0.451162790698 16 1 7.08 2.67088000479 4.53066314728 0
UNSAT/uuf100-0306 100 430 4.3 36 6 22.42 5.58959748104 21 3 12.9 3.53694783677 4.56606632871 3 3 3.0 0.0 6.06378520869 0.496124031008 0.291765480699 5.83627741601 0.8 0.166666666667 0.493423313958 0.13899156268 4.56293510226 0.0 1.0 0.495348837209 0.504651162791 13 1 6.39 2.54123985487 4.52112848664 0
UNSAT/uuf100-0305 100 430 4.3 35 8 22.82 5.70329729192 24 4 12.9 3.57071421427 4.56440804945 3 3 3.0 0.0 6.06378520869 0.491472868217 0.300395348737 5.81764031218 0.833333333333 0.1 0.485916396512 0.15054024793 4.55312325118 0.0 1.0 0.504651162791 0.495348837209 14 1 6.51 2.46777227474 4.52939594282 0
UNSAT/uuf100-0309 100 430 4.3 37 9 22.64 5.72978184576 21 5 12.9 3.62904946232 4.56545305072 3 3 3.0 0.0 6.06378520869 0.488372093023 0.286192479721 5.83896329887 0.777777777778 0.142857142857 0.483540110388 0.133276675679 4.56474565344 0.0 1.0 0.509302325581 0.490697674419 13 3 6.57 2.31194723123 4.5430222554 0
UNSAT/uuf100-030 100 430 4.3 36 11 22.4 5.5641710973 21 6 12.9 3.55105618091 4.56666555302 3 3 3.0 0.0 6.06378520869 0.485271317829 0.284237256283 5.84200397851 0.888888888889 0.181818181818 0.486534390446 0.142086538974 4.56233626232 0.0 1.0 0.523255813953 0.476744186047 13 2 6.75 2.42641711171 4.54052255924 0
UNSAT/uuf100-0308 100 430 4.3 41 11 22.78 6.19125189279 26 6 12.9 3.876854395 4.56078314081 3 3 3.0 0.0 6.06378520869 0.505426356589 0.297876223584 5.83522806506 0.833333333333 0.2 0.500029690703 0.130901027265 4.56980783978 0.0 1.0 0.483720930233 0.516279069767 13 0 6.24 2.59275914809 4.51171808143 0
UNSAT/uuf100-0307 100 430 4.3 38 10 23.06 5.69178355175 23 5 12.9 3.50285597763 4.56752244549 3 3 3.0 0.0 6.06378520869 0.489147286822 0.282588709653 5.84399863038 0.833333333333 0.272727272727 0.493776110378 0.123810992534 4.57459579231 0.0 1.0 0.502325581395 0.497674418605 15 1 6.48 2.5238066487 4.52453305834 0
UNSAT/uuf100-0310 100 430 4.3 37 7 22.56 5.79537746829 21 4 12.9 3.64828726939 4.56438046418 3 3 3.0 0.0 6.06378520869 0.501550387597 0.28822305893 5.85549514706 0.857142857143 0.176470588235 0.498420248396 0.132119354628 4.56870970106 0.0 1.0 0.516279069767 0.483720930233 13 2 6.66 2.35465496411 4.54013004705 0
UNSAT/uuf100-0312 100 430 4.3 41 10 22.76 6.26756731117 25 5 12.9 4.0162171256 4.55736578843 3 3 3.0 0.0 6.06378520869 0.499224806202 0.290013665551 5.84476614395 0.833333333333 0.166666666667 0.501400200586 0.156757228114 4.55348885579 0.0 1.0 0.5 0.5 13 1 6.45 2.74362898366 4.51052852135 0
UNSAT/uuf100-0311 100 430 4.3 40 10 22.84 6.01285290025 23 5 12.9 3.7483329628 4.56260170817 3 3 3.0 0.0 6.06378520869 0.493798449612 0.296120987037 5.83241110293 0.857142857143 0.166666666667 0.501744978812 0.135072383459 4.56817040367 0.0 1.0 0.518604651163 0.481395348837 15 1 6.69 2.80960851365 4.51445531024 0
UNSAT/uuf100-0315 100 430 4.3 40 7 22.68 6.28630256987 24 4 12.9 3.98371685741 4.55763563046 3 3 3.0 0.0 6.06378520869 0.455813953488 0.297250182192 5.78646164049 0.857142857143 0.166666666667 0.4529954965 0.132336779317 4.56163379339 0.0 1.0 0.56511627907 0.43488372093 17 0 7.29 2.95057621491 4.51727031417 0
UNSAT/uuf100-0313 100 430 4.3 35 10 22.9 5.28488410469 22 6 12.9 3.27261363439 4.57145597848 3 3 3.0 0.0 6.06378520869 0.5 0.267778689138 5.8833367125 0.777777777778 0.230769230769 0.50307885819 0.13099651011 4.57049927133 0.0 1.0 0.506976744186 0.493023255814 12 1 6.54 2.45934950749 4.52879663532 0
UNSAT/uuf100-0314 100 430 4.3 40 10 22.78 5.29637611957 24 5 12.9 3.43947670438 4.5700009927 3 3 3.0 0.0 6.06378520869 0.494573643411 0.290853704896 5.84311725096 0.8 0.111111111111 0.493133378308 0.146358067309 4.55763214676 0.0 1.0 0.520930232558 0.479069767442 14 1 6.72 2.47822517137 4.53499161819 0
UNSAT/uuf100-0316 100 430 4.3 37 10 22.78 5.45450272711 22 5 12.9 3.3331666625 4.57153944998 3 3 3.0 0.0 6.06378520869 0.510852713178 0.288918586946 5.8564480181 0.833333333333 0.2 0.510314951431 0.122628720564 4.57590722189 0.0 1.0 0.481395348837 0.518604651163 13 1 6.21 2.4831230336 4.52332308496 0
UNSAT/uuf100-0317 100 430 4.3 38 13 22.7 5.16236379966 21 7 12.9 3.36600653594 4.57134582446 3 3 3.0 0.0 6.06378520869 0.48992248062 0.297755157009 5.82344064828 0.888888888889 0.1 0.491961580001 0.134839985141 4.56593160642 0.0 1.0 0.516279069767 0.483720930233 13 3 6.66 2.35889804782 4.54156254286 0
UNSAT/uuf100-0318 100 430 4.3 36 9 22.84 5.09258284174 20 5 12.9 3.13528308132 4.5750744907 3 3 3.0 0.0 6.06378520869 0.480620155039 0.288472100688 5.82882827256 0.888888888889 0.222222222222 0.484957130374 0.139752713831 4.56401320513 0.0 1.0 0.525581395349 0.474418604651 13 0 6.78 2.63279319355 4.52503352495 0
UNSAT/uuf100-0319 100 430 4.3 39 10 22.9 6.10491605184 23 5 12.9 3.7907782842 4.56185661043 3 3 3.0 0.0 6.06378520869 0.480620155039 0.292033108291 5.82406046805 1.0 0.2 0.490504678838 0.155959656802 4.55478449539 0.0 1.0 0.53023255814 0.46976744186 14 1 6.84 2.84857859291 4.51564605146 0
UNSAT/uuf100-031 100 430 4.3 37 10 22.36 5.23549424601 22 5 12.9 3.21714158843 4.57306259758 3 3 3.0 0.0 6.06378520869 0.51007751938 0.282617415971 5.87606659462 1.0 0.166666666667 0.508244477659 0.140610248736 4.56725195701 0.0 1.0 0.518604651163 0.481395348837 15 0 6.69 2.4847333861 4.53259220698 0
UNSAT/uuf100-0320 100 430 4.3 43 8 22.62 6.41058499671 27 4 12.9 4.1 4.55490710077 3 3 3.0 0.0 6.06378520869 0.508527131783 0.289889315352 5.85189551028 0.933333333333 0.142857142857 0.508162700274 0.162047983742 4.5530401815 0.0 1.0 0.481395348837 0.518604651163 13 1 6.21 2.38031510519 4.52892912386 0
UNSAT/uuf100-0321 100 430 4.3 41 7 22.42 6.32958134477 26 4 12.9 4.12916456441 4.55356288213 3 3 3.0 0.0 6.06378520869 0.512403100775 0.294174556261 5.8459249836 0.833333333333 0.125 0.514878943978 0.134035024685 4.56906597329 0.0 1.0 0.467441860465 0.532558139535 17 1 6.03 2.76931399448 4.5012897692 0
UNSAT/uuf100-0323 100 430 4.3 41 10 22.92 5.88503186058 24 5 12.9 3.61247837364 4.56554173948 3 3 3.0 0.0 6.06378520869 0.495348837209 0.294399173139 5.83479883549 0.777777777778 0.153846153846 0.490498599397 0.129357666843 4.56843103908 0.0 1.0 0.509302325581 0.490697674419 16 1 6.57 2.51894819319 4.52926467392 0
UNSAT/uuf100-0324 100 430 4.3 36 6 22.54 6.03725103006 21 3 12.9 3.84837628098 4.55865605139 3 3 3.0 0.0 6.06378520869 0.494573643411 0.289071420103 5.84475752727 1.0 0.0 0.493800936937 0.147779848115 4.55673617532 0.0 1.0 0.516279069767 0.483720930233 15 1 6.66 2.76123160926 4.51777703339 0
UNSAT/uuf100-0322 100 430 4.3 37 10 22.98 5.29146482555 24 5 12.9 3.29089653438 4.57230138176 3 3 3.0 0.0 6.06378520869 0.495348837209 0.278152022396 5.85764194017 1.0 0.166666666667 0.497858533494 0.158993810318 4.55430436357 0.0 1.0 0.495348837209 0.504651162791 14 0 6.39 2.56474170239 4.51942414759 0
UNSAT/uuf100-0326 100 430 4.3 38 2 22.78 5.41771169406 22 1 12.9 3.25729949498 4.57042400622 3 3 3.0 0.0 6.06378520869 0.494573643411 0.281829592121 5.85267136954 0.846153846154 0.0 0.489918901016 0.14778207188 4.55293766181 0.0 1.0 0.502325581395 0.497674418605 15 1 6.48 2.33871759732 4.53890996579 0
UNSAT/uuf100-0327 100 430 4.3 35 11 22.44 5.45585923572 21 6 12.9 3.36600653594 4.57100079496 3 3 3.0 0.0 6.06378520869 0.517829457364 0.284059610624 5.86508918009 0.818181818182 0.166666666667 0.510360383468 0.136701292725 4.56761262078 0.0 1.0 0.453488372093 0.546511627907 13 1 5.85 2.44284670006 4.52040963877 0
UNSAT/uuf100-0328 100 430 4.3 39 9 22.78 6.11977123755 25 5 12.9 3.80131556175 4.56139662607 3 3 3.0 0.0 6.06378520869 0.5 0.290904319317 5.84967521518 0.9 0.230769230769 0.502103493759 0.136728398586 4.56870239725 0.0 1.0 0.518604651163 0.481395348837 17 1 6.69 3.02223427285 4.50466045047 0
UNSAT/uuf100-0329 100 430 4.3 39 10 22.8 6.29126378401 24 5 12.9 3.93319208786 4.55703998843 3 3 3.0 0.0 6.06378520869 0.51007751938 0.305465703994 5.83571683019 0.9 0.142857142857 0.50618654969 0.148435705955 4.56079112401 0.0 1.0 0.509302325581 0.490697674419 13 2 6.57 2.73954375764 4.5136998444 0
UNSAT/uuf100-032 100 430 4.3 35 10 22.6 5.40925133452 22 5 12.9 3.55105618091 4.5673587513 3 3 3.0 0.0 6.06378520869 0.496899224806 0.279100988779 5.85750436574 0.833333333333 0.153846153846 0.496864424318 0.14537470241 4.55895154393 0.0 1.0 0.493023255814 0.506976744186 15 1 6.36 2.67402318614 4.51740432773 0
UNSAT/uuf100-0325 100 430 4.3 39 10 22.62 5.34187233093 21 5 12.9 3.36005952328 4.57059693782 3 3 3.0 0.0 6.06378520869 0.492248062016 0.292572763917 5.83088491166 0.818181818182 0.125 0.488055292746 0.146545058979 4.55633438556 0.0 1.0 0.5 0.5 12 2 6.45 2.20170388563 4.54530840483 0
UNSAT/uuf100-0330 100 430 4.3 37 6 22.48 5.91012690219 23 3 12.9 3.66469644036 4.5634986437 3 3 3.0 0.0 6.06378520869 0.511627906977 0.283470894188 5.864196989 1.0 0.125 0.51887602338 0.155853335803 4.55907467434 0.0 1.0 0.474418604651 0.525581395349 15 0 6.12 2.62022899763 4.50590095813 0
UNSAT/uuf100-0331 100 430 4.3 35 8 22.64 5.55791327748 22 4 12.9 3.43365694268 4.56880222637 3 3 3.0 0.0 6.06378520869 0.481395348837 0.297344172429 5.8179697041 0.857142857143 0.153846153846 0.48387654846 0.142466852894 4.56086692474 0.0 1.0 0.537209302326 0.462790697674 14 0 6.93 2.44644640244 4.53725277917 0
UNSAT/uuf100-0333 100 430 4.3 38 8 22.62 5.83914377285 22 4 12.9 3.77226722277 4.56209815983 3 3 3.0 0.0 6.06378520869 0.520930232558 0.299786595572 5.84874389066 0.916666666667 0.153846153846 0.517683422615 0.156144920013 4.55790585822 0.0 1.0 0.472093023256 0.527906976744 13 2 6.09 2.5023788682 4.52367296955 0
UNSAT/uuf100-0332 100 430 4.3 35 10 22.6 5.58748601788 22 5 12.9 3.64280112002 4.56441652253 3 3 3.0 0.0 6.06378520869 0.496124031008 0.291765480699 5.83762592573 0.833333333333 0.111111111111 0.498117453968 0.133623116866 4.56792847553 0.0 1.0 0.5 0.5 14 1 6.45 2.62059153628 4.51677799792 0
UNSAT/uuf100-0334 100 430 4.3 36 9 22.4 5.9598657703 23 5 12.9 3.83275357935 4.56140727903 3 3 3.0 0.0 6.06378520869 0.503875968992 0.293531407959 5.83713455868 0.909090909091 0.2 0.505896994424 0.144675457368 4.56405135447 0.0 1.0 0.472093023256 0.527906976744 14 0 6.09 2.58880281211 4.51390932372 0
UNSAT/uuf100-0335 100 430 4.3 36 8 23.04 5.72174798466 20 4 12.9 3.5902646142 4.56505191276 3 3 3.0 0.0 6.06378520869 0.489147286822 0.279832076836 5.8519573139 0.875 0.111111111111 0.485759363529 0.153124219073 4.55251038562 0.0 1.0 0.513953488372 0.486046511628 15 2 6.63 2.39856206924 4.54049249447 0
UNSAT/uuf100-0338 100 430 4.3 38 10 23.04 5.65317609844 24 5 12.9 3.49428104193 4.56821242147 3 3 3.0 0.0 6.06378520869 0.506976744186 0.301294205762 5.82886411613 0.8 0.166666666667 0.506298272806 0.118668213029 4.57688813393 0.0 1.0 0.474418604651 0.525581395349 12 1 6.12 2.32499462365 4.53029042576 0
UNSAT/uuf100-0336 100 430 4.3 34 12 23.14 5.57856612401 22 6 12.9 3.43074335968 4.57042453953 3 3 3.0 0.0 6.06378520869 0.501550387597 0.297053009335 5.83807040987 0.9 0.181818181818 0.508160223205 0.146458803601 4.56186872466 0.0 1.0 0.506976744186 0.493023255814 16 2 6.54 2.80149959843 4.5155273406 0
UNSAT/uuf100-0339 100 430 4.3 37 12 22.8 6.03489850785 22 6 12.9 3.72692903072 4.56362015798 3 3 3.0 0.0 6.06378520869 0.490697674419 0.27988790497 5.86080336746 0.833333333333 0.0 0.48385075743 0.132141978433 4.56154583568 0.0 1.0 0.537209302326 0.462790697674 14 1 6.93 2.49901980784 4.53939696811 0
UNSAT/uuf100-0337 100 430 4.3 41 4 22.48 6.5045829997 25 2 12.9 3.96610640301 4.55573560855 3 3 3.0 0.0 6.06378520869 0.512403100775 0.296798007318 5.84355018114 0.888888888889 0.2 0.509630303506 0.137257298572 4.56769419425 0.0 1.0 0.474418604651 0.525581395349 12 1 6.12 2.46690088978 4.51965400226 0
UNSAT/uuf100-033 100 430 4.3 35 6 22.88 5.74330915066 22 3 12.9 3.65923489271 4.56425658172 3 3 3.0 0.0 6.06378520869 0.496899224806 0.299639227817 5.82795822371 0.846153846154 0.142857142857 0.498848596493 0.149127237326 4.55913798198 0.0 1.0 0.509302325581 0.490697674419 13 1 6.57 2.57780914732 4.52495895649 0
UNSAT/uuf100-0342 100 430 4.3 36 10 22.62 5.38661303604 23 5 12.9 3.40734500748 4.57012787167 3 3 3.0 0.0 6.06378520869 0.513953488372 0.286990312898 5.86084256146 0.9 0.272727272727 0.51341394157 0.137301199666 4.56961886692 0.0 1.0 0.472093023256 0.527906976744 12 2 6.09 2.38786515532 4.52595534635 0
UNSAT/uuf100-0340 100 430 4.3 38 8 22.56 5.79537746829 25 5 12.9 3.71618083521 4.56377483501 3 3 3.0 0.0 6.06378520869 0.542635658915 0.286863604733 5.89050435076 0.888888888889 0.1 0.542834440998 0.154783988665 4.56030430505 0.0 1.0 0.458139534884 0.541860465116 13 1 5.91 2.48634269561 4.51442277524 0
UNSAT/uuf100-0343 100 430 4.3 36 9 22.36 6.04734652554 23 5 12.9 3.89486841883 4.55823917674 3 3 3.0 0.0 6.06378520869 0.490697674419 0.288972659615 5.8416298269 0.75 0.111111111111 0.484765829166 0.145348652001 4.55576285934 0.0 1.0 0.523255813953 0.476744186047 14 1 6.75 2.62059153628 4.5262625183 0
UNSAT/uuf100-0344 100 430 4.3 36 12 22.44 5.34288311682 25 7 12.9 3.48281495345 4.56914256162 3 3 3.0 0.0 6.06378520869 0.48992248062 0.302917329843 5.8157419437 0.9 0.153846153846 0.487117680007 0.151848807584 4.55633188084 0.0 1.0 0.520930232558 0.479069767442 17 1 6.72 2.61946559435 4.52961617903 0
UNSAT/uuf100-0341 100 430 4.3 35 12 22.98 5.25353214514 21 6 12.9 3.29089653438 4.5724079256 3 3 3.0 0.0 6.06378520869 0.522480620155 0.300535347509 5.85391058227 0.875 0.166666666667 0.522699697705 0.145972792117 4.56347892578 0.0 1.0 0.488372093023 0.511627906977 12 1 6.3 2.43926218353 4.52600823278 0
UNSAT/uuf100-0346 100 430 4.3 42 10 22.94 5.60681727899 25 5 12.9 3.49428104193 4.5692047415 3 3 3.0 0.0 6.06378520869 0.489147286822 0.278907144693 5.85552203748 0.875 0.111111111111 0.486030354475 0.143862053801 4.55853128119 0.0 1.0 0.520930232558 0.479069767442 14 0 6.72 2.61946559435 4.52194357024 0
UNSAT/uuf100-0345 100 430 4.3 36 10 22.66 5.64308426306 21 5 12.9 3.65102725271 4.56393664207 3 3 3.0 0.0 6.06378520869 0.503875968992 0.291765480699 5.84671113344 0.8 0.166666666667 0.496687322696 0.142516744577 4.56120898938 0.0 1.0 0.495348837209 0.504651162791 12 2 6.39 2.35751988327 4.53621827758 0
UNSAT/uuf100-0347 100 430 4.3 38 10 22.8 5.82752091373 24 5 12.9 3.56230262611 4.5667154414 3 3 3.0 0.0 6.06378520869 0.516279069767 0.294863178802 5.84583525591 0.857142857143 0.0909090909091 0.514617680823 0.155929131985 4.55452818773 0.0 1.0 0.453488372093 0.546511627907 13 1 5.85 2.40572234474 4.51917808994 0
UNSAT/uuf100-0348 100 430 4.3 41 5 22.84 6.2637369038 24 3 12.9 3.82230297072 4.5603602823 3 3 3.0 0.0 6.06378520869 0.487596899225 0.291527497767 5.8295065491 1.0 0.214285714286 0.494668361689 0.131521541796 4.57063908633 0.0 1.0 0.511627906977 0.488372093023 17 1 6.6 2.82134719593 4.51361373915 0
UNSAT/uuf100-0351 100 430 4.3 36 8 22.64 5.58483661355 21 4 12.9 3.4597687784 4.56788730462 3 3 3.0 0.0 6.06378520869 0.513178294574 0.300227264038 5.83296618637 0.888888888889 0.111111111111 0.51425732489 0.140714364511 4.56735388696 0.0 1.0 0.453488372093 0.546511627907 10 1 5.85 2.1277922831 4.53441022237 0
UNSAT/uuf100-0349 100 430 4.3 37 11 22.62 5.59424704496 21 6 12.9 3.36303434416 4.57045081528 3 3 3.0 0.0 6.06378520869 0.497674418605 0.290895023451 5.83918584111 0.923076923077 0.25 0.498333757746 0.123289921911 4.57476016086 0.0 1.0 0.493023255814 0.506976744186 11 1 6.36 2.39799916597 4.52627400008 0
UNSAT/uuf100-034 100 430 4.3 39 10 22.82 6.25360695919 23 5 12.9 3.69188298839 4.56310105327 3 3 3.0 0.0 6.06378520869 0.502325581395 0.288217846553 5.85318841365 0.833333333333 0.133333333333 0.498992714008 0.131774283588 4.56817945703 0.0 1.0 0.504651162791 0.495348837209 14 2 6.51 2.34305356319 4.5406625079 0
UNSAT/uuf100-0350 100 430 4.3 40 10 22.5 5.81291665173 24 5 12.9 3.74299345444 4.5631906343 3 3 3.0 0.0 6.06378520869 0.493798449612 0.289948388346 5.83951594315 0.916666666667 0.111111111111 0.491477687732 0.149476459431 4.55577578888 0.0 1.0 0.506976744186 0.493023255814 14 1 6.54 2.60161488311 4.52140469034 0
UNSAT/uuf100-0352 100 430 4.3 38 8 22.68 6.15122751977 23 4 12.9 3.74566416007 4.56106096368 3 3 3.0 0.0 6.06378520869 0.510852713178 0.291589330188 5.85406600834 0.818181818182 0.111111111111 0.510548440217 0.148310538267 4.55959421145 0.0 1.0 0.488372093023 0.511627906977 15 1 6.3 2.39374184072 4.53571601094 0
UNSAT/uuf100-0353 100 430 4.3 36 9 22.66 5.65016813909 24 5 12.9 3.55387112878 4.5668206677 3 3 3.0 0.0 6.06378520869 0.492248062016 0.283603355992 5.84456155152 0.8 0.166666666667 0.492014661164 0.149536639153 4.55686810949 0.0 1.0 0.495348837209 0.504651162791 13 1 6.39 2.7125449305 4.51064946859 0
UNSAT/uuf100-0354 100 430 4.3 37 12 22.8 5.51543289326 21 6 12.9 3.37786915081 4.5707836426 3 3 3.0 0.0 6.06378520869 0.495348837209 0.297889336176 5.82882217663 0.857142857143 0.111111111111 0.491639502654 0.140186881087 4.56262976511 0.0 1.0 0.509302325581 0.490697674419 13 1 6.57 2.47893122131 4.53084167794 0
UNSAT/uuf100-0355 100 430 4.3 39 13 23.12 5.73285269303 22 7 12.9 3.32415402772 4.57138175933 3 3 3.0 0.0 6.06378520869 0.500775193798 0.281880760989 5.86214530129 0.875 0.111111111111 0.499976312989 0.137983579687 4.56456895831 0.0 1.0 0.506976744186 0.493023255814 12 2 6.54 2.23794548638 4.54564475145 0
UNSAT/uuf100-0356 100 430 4.3 39 12 22.94 5.76857001344 23 6 12.9 3.51140997322 4.56828112249 3 3 3.0 0.0 6.06378520869 0.507751937984 0.28901840551 5.8523169451 0.875 0.153846153846 0.503005915834 0.150835413046 4.55808856174 0.0 1.0 0.481395348837 0.518604651163 13 2 6.21 2.5934340169 4.51876229025 0
UNSAT/uuf100-0359 100 430 4.3 36 11 22.52 5.33381664477 24 6 12.9 3.50570962859 4.56811522178 3 3 3.0 0.0 6.06378520869 0.518604651163 0.291197503111 5.8643714708 0.857142857143 0.133333333333 0.518109718283 0.136730450037 4.56882415956 0.0 1.0 0.488372093023 0.511627906977 11 1 6.3 2.36431808351 4.52836432969 0
UNSAT/uuf100-0357 100 430 4.3 34 8 22.82 5.60603246512 23 5 12.9 3.49428104193 4.56813132196 3 3 3.0 0.0 6.06378520869 0.503100775194 0.28094653169 5.86399011308 0.9 0.2 0.497576972242 0.137658882404 4.56575865025 0.0 1.0 0.497674418605 0.502325581395 13 2 6.42 2.25468401334 4.54248248871 0
UNSAT/uuf100-0358 100 430 4.3 40 4 23.1 6.24739945897 24 2 12.9 3.84837628098 4.56058968062 3 3 3.0 0.0 6.06378520869 0.5 0.280042447871 5.86342423282 1.0 0.214285714286 0.495539927643 0.134638464709 4.56836806717 0.0 1.0 0.504651162791 0.495348837209 14 0 6.51 2.41451858556 4.53279711085 0
UNSAT/uuf100-0360 100 430 4.3 40 8 22.56 6.00886012485 25 4 12.9 3.7322915213 4.56325848124 3 3 3.0 0.0 6.06378520869 0.472868217054 0.280573039858 5.83513514372 0.833333333333 0.0833333333333 0.471801277644 0.147819622586 4.55246421422 0.0 1.0 0.539534883721 0.460465116279 14 1 6.96 2.45731560855 4.54208329776 0
UNSAT/uuf100-035 100 430 4.3 35 10 22.5 5.94558659848 21 5 12.9 3.78549864615 4.56148276285 3 3 3.0 0.0 6.06378520869 0.51007751938 0.288051000699 5.86342561261 0.941176470588 0.142857142857 0.51225283991 0.134741035555 4.56938885588 0.0 1.0 0.504651162791 0.495348837209 13 2 6.51 2.53966533228 4.53039881767 0
UNSAT/uuf100-0361 100 430 4.3 38 5 22.72 5.77075385023 22 3 12.9 3.6235341864 4.56439521511 3 3 3.0 0.0 6.06378520869 0.528682170543 0.285894163333 5.86945818146 0.9 0.142857142857 0.52924109469 0.146871254673 4.5645367416 0.0 1.0 0.432558139535 0.567441860465 12 1 5.58 2.54236110732 4.49667885721 0
UNSAT/uuf100-0362 100 430 4.3 34 8 22.46 5.60253514045 21 5 12.9 3.54259791678 4.56660239183 3 3 3.0 0.0 6.06378520869 0.513178294574 0.293261049487 5.8523263787 0.9 0.2 0.510421261874 0.146169440072 4.56219507428 0.0 1.0 0.481395348837 0.518604651163 12 2 6.21 2.35072329295 4.53210179484 0
UNSAT/uuf100-0363 100 430 4.3 34 8 22.2 5.8412327466 24 5 12.9 3.71348892553 4.56270126356 3 3 3.0 0.0 6.06378520869 0.499224806202 0.296184903845 5.8350582625 0.846153846154 0.222222222222 0.498772345688 0.12580565726 4.57265211823 0.0 1.0 0.502325581395 0.497674418605 14 1 6.48 2.42684980994 4.53291465553 0
UNSAT/uuf100-0366 100 430 4.3 36 7 22.74 6.01767396923 23 4 12.9 3.78813938498 4.56059576447 3 3 3.0 0.0 6.06378520869 0.497674418605 0.292666203037 5.84293301958 1.0 0.181818181818 0.498177823244 0.141614619469 4.56445166694 0.0 1.0 0.516279069767 0.483720930233 12 1 6.66 2.69896276373 4.51604687604 0
UNSAT/uuf100-0364 100 430 4.3 39 10 22.98 5.43319427225 23 6 12.9 3.3331666625 4.57216487766 3 3 3.0 0.0 6.06378520869 0.492248062016 0.276218204695 5.86066754943 0.888888888889 0.142857142857 0.493934399728 0.136563810359 4.56455351824 0.0 1.0 0.509302325581 0.490697674419 14 2 6.57 2.06521185354 4.55533206496 0
UNSAT/uuf100-0365 100 430 4.3 41 12 22.64 5.56510556953 24 6 12.9 3.565108694 4.56735593303 3 3 3.0 0.0 6.06378520869 0.500775193798 0.296184903845 5.83048180695 1.0 0.181818181818 0.503719284585 0.152913753603 4.55889935142 0.0 1.0 0.479069767442 0.520930232558 14 1 6.18 2.29076406467 4.53635491641 0
UNSAT/uuf100-0367 100 430 4.3 38 10 22.88 5.51775316592 23 5 12.9 3.49714169001 4.56854865052 3 3 3.0 0.0 6.06378520869 0.494573643411 0.288176144146 5.84693040244 1.0 0.181818181818 0.494109765214 0.147876597851 4.56015390246 0.0 1.0 0.518604651163 0.481395348837 12 1 6.69 2.32247712583 4.54208389225 0
UNSAT/uuf100-0368 100 430 4.3 36 8 23.06 5.06324006936 22 4 12.9 3.01827765456 4.57676721883 3 3 3.0 0.0 6.06378520869 0.494573643411 0.289071420103 5.83258289411 1.0 0.2 0.501815765719 0.143656134338 4.56444377723 0.0 1.0 0.474418604651 0.525581395349 11 0 6.12 2.33786227139 4.52354941035 0
UNSAT/uuf100-036 100 430 4.3 36 12 22.6 5.87707410197 21 6 12.9 3.81182371051 4.56185194942 3 3 3.0 0.0 6.06378520869 0.492248062016 0.286323682441 5.84344864095 0.875 0.181818181818 0.497904274046 0.138206958193 4.56534159566 0.0 1.0 0.506976744186 0.493023255814 12 1 6.54 2.59391595855 4.52316408735 0
UNSAT/uuf100-0369 100 430 4.3 42 10 22.56 6.22144677708 26 6 12.9 4.02367990775 4.55822232141 3 3 3.0 0.0 6.06378520869 0.496124031008 0.291765480699 5.83223188687 0.8 0.111111111111 0.494511532462 0.14126992116 4.56160177582 0.0 1.0 0.481395348837 0.518604651163 17 2 6.21 2.71401915984 4.51634656091 0
UNSAT/uuf100-0370 100 430 4.3 39 10 22.88 5.22356200308 22 5 12.9 3.37490740614 4.57083998474 3 3 3.0 0.0 6.06378520869 0.487596899225 0.302831022531 5.81732010699 0.833333333333 0.0909090909091 0.486346345949 0.144856002664 4.55610966366 0.0 1.0 0.537209302326 0.462790697674 16 2 6.93 2.7358910797 4.52733435645 0
UNSAT/uuf100-0371 100 430 4.3 34 12 22.72 5.48102180255 22 6 12.9 3.59304884464 4.56633203183 3 3 3.0 0.0 6.06378520869 0.502325581395 0.2953030545 5.83207808411 0.8 0.0909090909091 0.507984104389 0.137906526714 4.56552979139 0.0 1.0 0.472093023256 0.527906976744 16 1 6.09 2.66868881663 4.50825959433 0
UNSAT/uuf100-0372 100 430 4.3 36 11 22.64 5.09022592819 21 6 12.9 3.27871926215 4.57217963137 3 3 3.0 0.0 6.06378520869 0.510852713178 0.284411621694 5.86041803437 0.846153846154 0.2 0.505483762625 0.13535237705 4.56845279255 0.0 1.0 0.46976744186 0.53023255814 12 2 6.06 2.24419250511 4.53423873226 0
UNSAT/uuf100-0374 100 430 4.3 38 7 22.9 6.50153827952 22 4 12.9 4.00374824383 4.55679754819 3 3 3.0 0.0 6.06378520869 0.483720930233 0.281411364782 5.84799753191 0.857142857143 0.111111111111 0.487901111187 0.151945326017 4.55428767259 0.0 1.0 0.53488372093 0.46511627907 15 2 6.9 2.80178514522 4.52595719184 0
UNSAT/uuf100-0373 100 430 4.3 36 14 22.76 5.0953311963 21 7 12.9 3.1448370387 4.57543254903 3 3 3.0 0.0 6.06378520869 0.507751937984 0.294333847726 5.85147671577 0.9 0.142857142857 0.506637220708 0.149585305171 4.56073795996 0.0 1.0 0.509302325581 0.490697674419 13 2 6.57 2.42179685358 4.53628766204 0
UNSAT/uuf100-0375 100 430 4.3 37 8 22.5 5.65950527873 24 4 12.9 3.57631094845 4.56593556575 3 3 3.0 0.0 6.06378520869 0.499224806202 0.304784277682 5.82023262193 1.0 0.166666666667 0.505873826423 0.146928818074 4.56229336487 0.0 1.0 0.502325581395 0.497674418605 14 0 6.48 2.68879155012 4.51190082146 0
UNSAT/uuf100-0376 100 430 4.3 35 11 22.76 5.39466403032 23 6 12.9 3.47994252826 4.56793173251 3 3 3.0 0.0 6.06378520869 0.510852713178 0.290701808756 5.85093112138 0.923076923077 0.0909090909091 0.506316756821 0.143495008005 4.56231522029 0.0 1.0 0.472093023256 0.527906976744 11 2 6.09 2.19588251052 4.53774148676 0
UNSAT/uuf100-0377 100 430 4.3 37 11 22.68 5.7199300695 21 6 12.9 3.61801050303 4.56575922071 3 3 3.0 0.0 6.06378520869 0.531782945736 0.288267881478 5.87378945878 0.857142857143 0.230769230769 0.530084012307 0.124791948626 4.57701822925 0.0 1.0 0.448837209302 0.551162790698 11 0 5.79 2.32935613421 4.5182252805 0
UNSAT/uuf100-0379 100 430 4.3 39 8 22.74 6.63418420004 23 4 12.9 4.08533964316 4.55174996912 3 3 3.0 0.0 6.06378520869 0.517054263566 0.298304605868 5.84827768877 0.8 0.272727272727 0.514156692788 0.1357934552 4.56965986718 0.0 1.0 0.479069767442 0.520930232558 15 0 6.18 2.73269098143 4.49895245916 0
UNSAT/uuf100-0378 100 430 4.3 36 7 22.52 6.12777284174 24 4 12.9 3.99374510954 4.55636740316 3 3 3.0 0.0 6.06378520869 0.479069767442 0.283847982736 5.83795846864 0.8 0.0909090909091 0.472445332145 0.136586269356 4.5609337153 0.0 1.0 0.537209302326 0.462790697674 14 1 6.93 2.7468345418 4.5237887846 0
UNSAT/uuf100-0380 100 430 4.3 35 11 22.68 5.18436109853 23 6 12.9 3.36303434416 4.57114196939 3 3 3.0 0.0 6.06378520869 0.537209302326 0.29906912446 5.86302435857 0.916666666667 0.166666666667 0.533166641772 0.133035758571 4.57247946568 0.0 1.0 0.448837209302 0.551162790698 13 1 5.79 2.35072329295 4.52259113884 0
UNSAT/uuf100-037 100 430 4.3 41 10 22.96 5.97146548177 24 5 12.9 3.74032084185 4.56366146991 3 3 3.0 0.0 6.06378520869 0.488372093023 0.278875901654 5.85382720753 0.875 0.166666666667 0.493394617723 0.130846885785 4.56811853926 0.0 1.0 0.518604651163 0.481395348837 18 0 6.69 3.04202235363 4.4958224053 0
UNSAT/uuf100-0381 100 430 4.3 38 12 22.62 5.48047443202 23 7 12.9 3.55387112878 4.56797809776 3 3 3.0 0.0 6.06378520869 0.481395348837 0.290308783802 5.82054111554 0.818181818182 0.117647058824 0.480197453798 0.138100856727 4.5606561114 0.0 1.0 0.504651162791 0.495348837209 16 2 6.51 2.52782515218 4.53310550572 0
UNSAT/uuf100-0382 100 430 4.3 36 12 22.68 5.63538818539 23 7 12.9 3.70540146273 4.56371011255 3 3 3.0 0.0 6.06378520869 0.488372093023 0.27136212263 5.86321145766 0.764705882353 0.142857142857 0.474407930355 0.138956998675 4.55971264207 0.0 1.0 0.509302325581 0.490697674419 13 2 6.57 2.26386837073 4.54650728339 0
UNSAT/uuf100-0383 100 430 4.3 40 6 22.66 5.77099644775 26 3 12.9 3.72961123979 4.562470744 3 3 3.0 0.0 6.06378520869 0.495348837209 0.297889336176 5.83017279669 0.785714285714 0.0 0.494120465054 0.147277876319 4.55412755717 0.0 1.0 0.513953488372 0.486046511628 14 2 6.63 2.61401989281 4.52651047871 0
UNSAT/uuf100-0384 100 430 4.3 35 12 22.82 5.55946040547 21 6 12.9 3.4885527085 4.56830132562 3 3 3.0 0.0 6.06378520869 0.486046511628 0.282452580744 5.85364619564 0.833333333333 0.166666666667 0.485389579117 0.138698918095 4.56318894208 0.0 1.0 0.548837209302 0.451162790698 14 1 7.08 2.65962403358 4.53268717994 0
